DY
207
43
AvgCyclomatic;AvgCyclomaticModified;AvgCyclomaticStrict;AvgEssential;AvgLine;AvgLineBlank;AvgLineCode;AvgLineComment;CountClassBase;CountClassCoupled;CountClassDerived;CountDeclClassMethod;CountDeclClassVariable;CountDeclInstanceMethod;CountDeclInstanceVariable;CountDeclMethod;CountDeclMethodAll;CountDeclMethodDefault;CountDeclMethodPrivate;CountDeclMethodProtected;CountDeclMethodPublic;CountLine;CountLineBlank;CountLineCode;CountLineCodeDecl;CountLineCodeExe;CountLineComment;CountSemicolon;CountStmt;CountStmtDecl;CountStmtExe;MaxCyclomatic;MaxCyclomaticModified;MaxCyclomaticStrict;MaxEssential;MaxInheritanceTree;MaxNesting;PercentLackOfCohesion;RatioCommentToCode;SumCyclomatic;SumCyclomaticModified;SumCyclomaticStrict;SumEssential
rx.CombineLatestTests;1.0;1.0;1.0;1.0;15.0;2.0;10.0;3.0;1.0;11.0;0.0;0.0;0.0;1.0;3.0;1.0;1.0;0.0;0.0;0.0;1.0;54.0;5.0;31.0;11.0;20.0;18.0;14.0;19.0;10.0;9.0;1.0;1.0;1.0;1.0;1.0;0.0;0.0;0.58;1.0;1.0;1.0;1.0;0
rx.ConcatTests;1.0;1.0;1.0;1.0;12.0;2.0;10.0;0.0;1.0;5.0;0.0;0.0;0.0;7.0;0.0;7.0;7.0;0.0;0.0;0.0;7.0;121.0;26.0;79.0;44.0;54.0;16.0;51.0;60.0;36.0;24.0;1.0;1.0;1.0;1.0;1.0;0.0;0.0;0.2;7.0;7.0;7.0;7.0;0
rx.CovarianceTest;1.0;1.0;1.0;1.0;12.0;1.0;8.0;3.0;1.0;7.0;0.0;0.0;0.0;2.0;0.0;2.0;2.0;0.0;0.0;0.0;2.0;85.0;16.0;40.0;19.0;10.0;29.0;8.0;22.0;17.0;5.0;1.0;1.0;1.0;1.0;1.0;0.0;0.0;0.72;2.0;2.0;2.0;2.0;0
rx.EventStream;1.0;1.0;1.0;1.0;14.0;1.0;12.0;1.0;1.0;2.0;0.0;3.0;0.0;0.0;0.0;3.0;3.0;0.0;1.0;0.0;2.0;85.0;9.0;49.0;12.0;30.0;27.0;24.0;34.0;14.0;20.0;1.0;1.0;1.0;1.0;1.0;0.0;0.0;0.55;3.0;3.0;3.0;3.0;0
rx.GroupByTests;1.0;1.0;1.0;1.0;31.0;6.0;24.0;1.0;1.0;2.0;0.0;0.0;0.0;2.0;0.0;2.0;2.0;0.0;0.0;0.0;2.0;84.0;15.0;52.0;5.0;38.0;17.0;10.0;19.0;9.0;10.0;1.0;1.0;1.0;1.0;1.0;0.0;0.0;0.33;2.0;2.0;2.0;2.0;0
rx.IntervalDemo;1.0;1.0;1.0;1.0;13.0;0.0;12.0;0.0;1.0;3.0;0.0;0.0;0.0;2.0;0.0;2.0;2.0;0.0;0.0;0.0;2.0;47.0;4.0;27.0;11.0;14.0;16.0;11.0;17.0;10.0;7.0;1.0;1.0;1.0;1.0;1.0;0.0;0.0;0.59;2.0;2.0;2.0;2.0;0
rx.MergeTests;1.0;1.0;1.0;1.0;11.0;2.0;8.0;0.0;1.0;5.0;0.0;0.0;0.0;5.0;0.0;5.0;5.0;0.0;0.0;0.0;5.0;86.0;17.0;50.0;28.0;32.0;19.0;29.0;36.0;23.0;13.0;1.0;1.0;1.0;1.0;1.0;0.0;0.0;0.38;5.0;5.0;5.0;5.0;0
rx.ObservableDoOnTest;1.0;1.0;1.0;1.0;15.0;2.0;13.0;0.0;1.0;2.0;0.0;0.0;0.0;3.0;0.0;3.0;3.0;0.0;0.0;0.0;3.0;68.0;9.0;44.0;15.0;29.0;15.0;18.0;26.0;13.0;13.0;2.0;2.0;2.0;1.0;1.0;1.0;0.0;0.34;4.0;4.0;4.0;3.0;0
rx.ObservableTests;1.0;1.0;1.0;1.0;21.0;2.0;16.0;1.0;1.0;8.0;0.0;0.0;1.0;44.0;1.0;44.0;44.0;0.0;0.0;0.0;44.0;1043.0;163.0;794.0;229.0;570.0;86.0;411.0;519.0;202.0;317.0;2.0;2.0;2.0;1.0;1.0;2.0;87.0;0.11;52.0;52.0;52.0;44.0;0
rx.ObservableWindowTests;1.0;1.0;1.0;1.0;23.0;5.0;18.0;0.0;1.0;1.0;0.0;0.0;0.0;1.0;0.0;1.0;1.0;0.0;0.0;0.0;1.0;42.0;6.0;21.0;4.0;14.0;15.0;7.0;11.0;5.0;6.0;1.0;1.0;1.0;1.0;1.0;0.0;0.0;0.71;1.0;1.0;1.0;1.0;0
rx.ObserveOnTests;1.0;1.0;1.0;1.0;24.0;3.0;16.0;4.0;1.0;3.0;0.0;1.0;0.0;3.0;0.0;4.0;4.0;0.0;1.0;0.0;3.0;121.0;20.0;70.0;15.0;49.0;31.0;25.0;38.0;18.0;20.0;1.0;1.0;1.0;1.0;1.0;0.0;0.0;0.44;4.0;4.0;4.0;4.0;0
rx.ReduceTests;1.0;1.0;1.0;1.0;12.0;1.0;8.0;2.0;1.0;6.0;0.0;0.0;0.0;5.0;0.0;5.0;5.0;0.0;0.0;0.0;5.0;95.0;14.0;52.0;27.0;24.0;29.0;18.0;28.0;21.0;7.0;1.0;1.0;1.0;1.0;1.0;0.0;0.0;0.56;5.0;5.0;5.0;5.0;0
rx.RefCountTest;1.0;1.0;1.0;1.0;86.0;19.0;40.0;27.0;1.0;3.0;0.0;0.0;0.0;1.0;0.0;1.0;1.0;0.0;0.0;0.0;1.0;90.0;20.0;43.0;11.0;36.0;27.0;30.0;34.0;10.0;24.0;1.0;1.0;1.0;1.0;1.0;0.0;0.0;0.63;1.0;1.0;1.0;1.0;0
rx.RefCountTests;1.0;1.0;1.0;1.0;37.0;6.0;26.0;4.0;1.0;5.0;0.0;0.0;0.0;3.0;0.0;3.0;3.0;0.0;0.0;0.0;3.0;135.0;23.0;85.0;26.0;69.0;27.0;54.0;63.0;24.0;39.0;1.0;1.0;1.0;1.0;1.0;0.0;0.0;0.32;3.0;3.0;3.0;3.0;0
rx.ScanTests;1.0;1.0;1.0;1.0;22.0;5.0;17.0;0.0;1.0;2.0;0.0;0.0;0.0;1.0;0.0;1.0;1.0;0.0;0.0;0.0;1.0;41.0;6.0;20.0;3.0;13.0;15.0;4.0;8.0;4.0;4.0;1.0;1.0;1.0;1.0;1.0;0.0;0.0;0.75;1.0;1.0;1.0;1.0;0
rx.Scheduler;1.0;1.0;1.0;1.0;19.0;0.0;9.0;9.0;1.0;7.0;12.0;0.0;0.0;10.0;0.0;10.0;10.0;0.0;0.0;0.0;10.0;245.0;19.0;98.0;26.0;65.0;128.0;41.0;61.0;32.0;29.0;2.0;2.0;2.0;1.0;1.0;1.0;0.0;1.31;11.0;11.0;11.0;10.0;0
rx.SchedulersTest;1.0;1.0;1.0;1.0;30.0;6.0;23.0;0.0;1.0;8.0;0.0;0.0;0.0;15.0;0.0;15.0;15.0;0.0;0.0;0.0;15.0;555.0;118.0;402.0;111.0;296.0;36.0;190.0;257.0;109.0;148.0;3.0;3.0;3.0;1.0;1.0;1.0;0.0;0.09;25.0;25.0;25.0;15.0;0
rx.StartWithTests;1.0;1.0;1.0;1.0;8.0;1.0;7.0;0.0;1.0;1.0;0.0;0.0;0.0;2.0;0.0;2.0;2.0;0.0;0.0;0.0;2.0;39.0;5.0;19.0;8.0;11.0;15.0;11.0;14.0;6.0;8.0;1.0;1.0;1.0;1.0;1.0;0.0;0.0;0.79;2.0;2.0;2.0;2.0;0
rx.ThrottleFirstTests;1.0;1.0;1.0;1.0;30.0;2.0;27.0;8.0;1.0;4.0;0.0;0.0;0.0;1.0;0.0;1.0;1.0;0.0;0.0;0.0;1.0;49.0;3.0;30.0;8.0;24.0;23.0;24.0;26.0;6.0;20.0;1.0;1.0;1.0;1.0;1.0;0.0;0.0;0.77;1.0;1.0;1.0;1.0;0
rx.ThrottleLastTests;1.0;1.0;1.0;1.0;30.0;2.0;27.0;8.0;1.0;4.0;0.0;0.0;0.0;1.0;0.0;1.0;1.0;0.0;0.0;0.0;1.0;49.0;3.0;30.0;8.0;24.0;23.0;24.0;26.0;6.0;20.0;1.0;1.0;1.0;1.0;1.0;0.0;0.0;0.77;1.0;1.0;1.0;1.0;0
rx.ThrottleWithTimeoutTests;1.0;1.0;1.0;1.0;30.0;2.0;27.0;8.0;1.0;4.0;0.0;0.0;0.0;1.0;0.0;1.0;1.0;0.0;0.0;0.0;1.0;49.0;3.0;30.0;8.0;24.0;23.0;24.0;26.0;6.0;20.0;1.0;1.0;1.0;1.0;1.0;0.0;0.0;0.77;1.0;1.0;1.0;1.0;0
rx.TimeoutTests;1.0;1.0;1.0;1.0;14.0;1.0;13.0;0.0;1.0;5.0;0.0;0.0;2.0;11.0;3.0;11.0;11.0;0.0;0.0;0.0;11.0;206.0;23.0;167.0;70.0;119.0;16.0;122.0;134.0;49.0;85.0;1.0;1.0;1.0;1.0;1.0;0.0;27.0;0.1;11.0;11.0;11.0;11.0;0
rx.ZipTests;1.0;1.0;1.0;1.0;26.0;5.0;19.0;2.0;1.0;12.0;0.0;0.0;0.0;2.0;3.0;2.0;2.0;0.0;0.0;0.0;2.0;94.0;15.0;60.0;13.0;42.0;19.0;21.0;31.0;15.0;16.0;1.0;1.0;1.0;1.0;1.0;0.0;50.0;0.32;2.0;2.0;2.0;2.0;0
rx.android.observables.AndroidObservable;1.0;1.0;2.0;1.0;19.0;0.0;4.0;14.0;1.0;2.0;0.0;2.0;1.0;1.0;1.0;3.0;3.0;0.0;1.0;0.0;2.0;137.0;15.0;61.0;24.0;27.0;61.0;28.0;40.0;16.0;24.0;3.0;3.0;5.0;3.0;1.0;1.0;83.0;1.0;5.0;5.0;7.0;5.0;0
rx.android.testsupport.AndroidTestRunner;1.0;1.0;1.0;1.0;3.0;0.0;3.0;0.0;1.0;0.0;0.0;0.0;0.0;1.0;0.0;1.0;1.0;0.0;0.0;0.0;1.0;6.0;1.0;5.0;2.0;1.0;0.0;1.0;3.0;2.0;1.0;1.0;1.0;1.0;1.0;2.0;0.0;0.0;0.0;1.0;1.0;1.0;1.0;0
rx.android.testsupport.R;0.0;0.0;0.0;0.0;0.0;0.0;0.0;0.0;1.0;0.0;0.0;0.0;0.0;0.0;0.0;0.0;0.0;0.0;0.0;0.0;0.0;3.0;0.0;2.0;1.0;0.0;1.0;0.0;1.0;1.0;0.0;0.0;0.0;0.0;0.0;1.0;0.0;0.0;0.5;0.0;0.0;0.0;0.0;0
rx.apache.http.ObservableHttpResponse;1.0;1.0;1.0;1.0;6.0;0.0;3.0;2.0;1.0;1.0;0.0;0.0;0.0;3.0;2.0;3.0;3.0;0.0;0.0;0.0;3.0;45.0;5.0;14.0;6.0;4.0;26.0;6.0;10.0;6.0;4.0;1.0;1.0;1.0;1.0;1.0;0.0;33.0;1.86;3.0;3.0;3.0;3.0;0
rx.apache.http.consumers.ResponseConsumerDelegate;1.0;1.0;1.0;1.0;5.0;0.0;5.0;0.0;1.0;5.0;0.0;0.0;0.0;7.0;3.0;7.0;7.0;0.0;1.0;5.0;1.0;81.0;9.0;45.0;18.0;19.0;27.0;17.0;28.0;13.0;15.0;3.0;3.0;5.0;3.0;2.0;1.0;57.0;0.6;10.0;10.0;12.0;9.0;0
rx.apache.http.examples.ExampleObservableHttp;1.0;1.0;1.0;1.0;31.0;4.0;24.0;4.0;1.0;3.0;0.0;3.0;0.0;0.0;0.0;3.0;3.0;0.0;0.0;2.0;1.0;115.0;16.0;74.0;6.0;57.0;29.0;21.0;34.0;13.0;21.0;3.0;3.0;3.0;1.0;1.0;1.0;0.0;0.39;5.0;5.0;5.0;3.0;0
rx.concurrency.ForwardingScheduler;1.0;1.0;1.0;1.0;3.0;0.0;3.0;0.0;2.0;3.0;0.0;0.0;0.0;6.0;1.0;6.0;6.0;0.0;0.0;0.0;6.0;46.0;6.0;25.0;13.0;6.0;15.0;7.0;14.0;8.0;6.0;1.0;1.0;1.0;1.0;1.0;0.0;0.0;0.6;6.0;6.0;6.0;6.0;0
rx.concurrency.ScheduledExecutorServiceScheduler;1.0;1.0;1.0;1.0;5.0;0.0;5.0;0.0;1.0;2.0;0.0;0.0;0.0;3.0;1.0;3.0;7.0;0.0;0.0;0.0;3.0;40.0;4.0;21.0;8.0;9.0;15.0;7.0;12.0;7.0;5.0;1.0;1.0;1.0;1.0;2.0;0.0;33.0;0.71;3.0;3.0;3.0;3.0;0
rx.concurrency.TestSchedulers;1.0;1.0;1.0;1.0;30.0;6.0;23.0;0.0;1.0;4.0;0.0;0.0;0.0;14.0;0.0;14.0;14.0;0.0;0.0;0.0;14.0;516.0;109.0;373.0;103.0;272.0;35.0;169.0;234.0;103.0;131.0;3.0;3.0;3.0;1.0;1.0;1.0;0.0;0.09;24.0;24.0;24.0;14.0;0
rx.examples.java.RxExamples;1.0;1.0;1.0;1.0;6.0;1.0;5.0;0.0;1.0;1.0;0.0;2.0;0.0;0.0;0.0;2.0;2.0;0.0;0.0;0.0;2.0;17.0;4.0;13.0;3.0;6.0;0.0;3.0;7.0;4.0;3.0;1.0;1.0;1.0;1.0;1.0;0.0;0.0;0.0;2.0;2.0;2.0;2.0;0
rx.joins.ActivePlan0;1.0;1.0;1.0;1.0;3.0;0.0;3.0;0.0;1.0;1.0;3.0;0.0;0.0;3.0;1.0;3.0;3.0;0.0;0.0;2.0;1.0;32.0;2.0;12.0;5.0;4.0;18.0;4.0;9.0;6.0;3.0;2.0;2.0;2.0;1.0;1.0;1.0;33.0;1.5;4.0;4.0;4.0;3.0;0
rx.lang.clojure.ClojureAdaptor;11.0;11.0;11.0;11.0;25.0;0.0;25.0;0.0;2.0;0.0;0.0;0.0;0.0;2.0;0.0;2.0;2.0;0.0;0.0;0.0;2.0;112.0;11.0;78.0;21.0;51.0;23.0;33.0;62.0;15.0;47.0;22.0;22.0;22.0;22.0;1.0;1.0;0.0;0.29;23.0;23.0;23.0;23.0;0
rx.lang.clojure.interop.DummyObservable;1.0;1.0;1.0;1.0;3.0;0.0;3.0;0.0;1.0;4.0;0.0;0.0;0.0;5.0;0.0;5.0;5.0;0.0;0.0;0.0;5.0;38.0;6.0;17.0;6.0;5.0;15.0;5.0;11.0;6.0;5.0;1.0;1.0;1.0;1.0;1.0;0.0;0.0;0.88;5.0;5.0;5.0;5.0;0
rx.lang.groovy.GroovyAdaptor;1.0;1.0;1.0;1.0;3.0;0.0;3.0;0.0;2.0;0.0;0.0;0.0;0.0;2.0;0.0;2.0;2.0;0.0;0.0;0.0;2.0;26.0;2.0;9.0;4.0;2.0;15.0;2.0;5.0;3.0;2.0;1.0;1.0;1.0;1.0;1.0;0.0;0.0;1.67;2.0;2.0;2.0;2.0;0
rx.lang.groovy.RxGroovyExtensionModule;2.0;2.0;2.0;2.0;33.0;3.0;28.0;2.0;1.0;3.0;0.0;0.0;1.0;3.0;0.0;3.0;3.0;0.0;1.0;0.0;2.0;130.0;13.0;90.0;13.0;62.0;27.0;31.0;56.0;21.0;35.0;5.0;5.0;5.0;5.0;2.0;4.0;66.0;0.3;7.0;7.0;7.0;7.0;0
rx.lang.groovy.RxGroovyPropertiesModuleFactory;1.0;1.0;1.0;1.0;3.0;0.0;3.0;0.0;1.0;1.0;0.0;0.0;0.0;1.0;0.0;1.0;1.0;0.0;0.0;0.0;1.0;30.0;2.0;6.0;3.0;1.0;22.0;1.0;3.0;2.0;1.0;1.0;1.0;1.0;1.0;2.0;0.0;0.0;3.67;1.0;1.0;1.0;1.0;0
rx.lang.jruby.JRubyAdaptor;1.0;1.0;1.0;1.0;6.0;0.0;6.0;0.0;2.0;0.0;0.0;0.0;0.0;2.0;0.0;2.0;2.0;0.0;0.0;0.0;2.0;201.0;35.0;146.0;58.0;71.0;20.0;72.0;100.0;44.0;56.0;2.0;2.0;2.0;1.0;1.0;1.0;0.0;0.14;3.0;3.0;3.0;2.0;0
rx.lang.scala.examples.MovieLibUsage;1.0;1.0;1.0;1.0;18.0;4.0;14.0;0.0;1.0;1.0;0.0;1.0;0.0;0.0;0.0;1.0;1.0;0.0;0.0;0.0;1.0;37.0;6.0;16.0;5.0;11.0;15.0;4.0;7.0;5.0;2.0;1.0;1.0;1.0;1.0;1.0;0.0;0.0;0.94;1.0;1.0;1.0;1.0;0
rx.observables.StringObservable;1.0;1.0;1.0;1.0;31.0;1.0;19.0;10.0;1.0;1.0;0.0;9.0;0.0;0.0;0.0;9.0;9.0;0.0;0.0;0.0;9.0;305.0;24.0;179.0;20.0;125.0;105.0;71.0;111.0;42.0;69.0;1.0;1.0;1.0;1.0;1.0;0.0;0.0;0.59;9.0;9.0;9.0;9.0;0
rx.observables.StringObservableTest;1.0;1.0;1.0;1.0;8.0;1.0;6.0;0.0;1.0;5.0;0.0;0.0;0.0;18.0;0.0;18.0;18.0;0.0;0.0;0.0;18.0;199.0;39.0;143.0;73.0;86.0;17.0;81.0;103.0;58.0;45.0;2.0;2.0;2.0;1.0;1.0;1.0;0.0;0.12;21.0;21.0;21.0;18.0;0
rx.operators.AtomicObservableSubscription;1.0;1.0;1.0;1.0;6.0;0.0;4.0;1.0;2.0;0.0;0.0;0.0;1.0;5.0;1.0;5.0;5.0;0.0;0.0;0.0;5.0;86.0;7.0;45.0;16.0;20.0;34.0;15.0;27.0;14.0;13.0;3.0;3.0;3.0;3.0;1.0;2.0;30.0;0.76;8.0;8.0;8.0;7.0;0
rx.operators.ChunkedOperation;0.0;0.0;0.0;0.0;0.0;0.0;0.0;0.0;1.0;0.0;2.0;0.0;0.0;0.0;0.0;0.0;0.0;0.0;0.0;0.0;0.0;595.0;75.0;316.0;121.0;133.0;204.0;120.0;202.0;109.0;93.0;0.0;0.0;0.0;0.0;1.0;0.0;0.0;0.65;0.0;0.0;0.0;0.0;0
rx.operators.OperationAll;1.0;1.0;1.0;1.0;3.0;0.0;3.0;0.0;1.0;4.0;0.0;1.0;0.0;0.0;0.0;1.0;1.0;0.0;0.0;0.0;1.0;81.0;14.0;46.0;21.0;17.0;21.0;18.0;30.0;17.0;13.0;1.0;1.0;1.0;1.0;1.0;0.0;0.0;0.46;1.0;1.0;1.0;1.0;0
rx.operators.OperationAllTest;1.0;1.0;1.0;1.0;15.0;2.0;13.0;0.0;1.0;3.0;0.0;0.0;0.0;4.0;0.0;4.0;4.0;0.0;0.0;0.0;4.0;89.0;12.0;62.0;22.0;40.0;15.0;28.0;37.0;18.0;19.0;1.0;1.0;1.0;1.0;1.0;0.0;0.0;0.24;4.0;4.0;4.0;4.0;0
rx.operators.OperationAmb;1.0;1.0;1.0;1.0;10.0;0.0;10.0;0.0;1.0;2.0;0.0;9.0;0.0;0.0;0.0;9.0;9.0;0.0;0.0;0.0;9.0;179.0;19.0;142.0;40.0;95.0;18.0;89.0;112.0;36.0;76.0;1.0;1.0;1.0;1.0;1.0;0.0;0.0;0.13;9.0;9.0;9.0;9.0;0
rx.operators.OperationAmbTest;1.0;1.0;1.0;1.0;21.0;2.0;19.0;0.0;1.0;4.0;0.0;0.0;0.0;5.0;1.0;5.0;5.0;0.0;1.0;0.0;4.0;137.0;19.0;103.0;49.0;77.0;15.0;51.0;63.0;32.0;31.0;1.0;1.0;1.0;1.0;1.0;0.0;19.0;0.15;5.0;5.0;5.0;5.0;0
rx.operators.OperationAny;1.0;1.0;1.0;1.0;7.0;0.0;3.0;4.0;1.0;5.0;0.0;4.0;0.0;0.0;0.0;4.0;4.0;0.0;0.0;0.0;4.0;114.0;14.0;58.0;13.0;31.0;42.0;21.0;36.0;16.0;20.0;1.0;1.0;1.0;1.0;1.0;0.0;0.0;0.72;4.0;4.0;4.0;4.0;0
rx.operators.OperationAnyTest;1.0;1.0;1.0;1.0;14.0;1.0;13.0;0.0;1.0;3.0;0.0;0.0;0.0;10.0;0.0;10.0;10.0;0.0;0.0;0.0;10.0;186.0;24.0;146.0;65.0;100.0;16.0;84.0;99.0;45.0;54.0;1.0;1.0;1.0;1.0;1.0;0.0;0.0;0.11;10.0;10.0;10.0;10.0;0
rx.operators.OperationBuffer;1.0;1.0;1.0;1.0;28.0;0.0;9.0;19.0;1.0;6.0;0.0;11.0;0.0;0.0;0.0;11.0;11.0;0.0;1.0;0.0;10.0;369.0;14.0;124.0;34.0;78.0;231.0;38.0;63.0;39.0;24.0;1.0;1.0;1.0;1.0;2.0;0.0;0.0;1.86;11.0;11.0;11.0;11.0;0
rx.operators.OperationBufferTest;1.0;1.0;1.0;1.0;20.0;2.0;18.0;0.0;1.0;8.0;0.0;0.0;0.0;14.0;2.0;14.0;14.0;0.0;3.0;0.0;11.0;358.0;49.0;294.0;79.0;222.0;15.0;176.0;213.0;71.0;142.0;2.0;2.0;2.0;1.0;1.0;1.0;39.0;0.05;15.0;15.0;15.0;14.0;0
rx.operators.OperationCache;1.0;1.0;1.0;1.0;23.0;4.0;13.0;6.0;1.0;2.0;0.0;1.0;0.0;0.0;0.0;1.0;1.0;0.0;0.0;0.0;1.0;54.0;5.0;15.0;2.0;9.0;34.0;5.0;9.0;5.0;4.0;1.0;1.0;1.0;1.0;1.0;0.0;0.0;2.27;1.0;1.0;1.0;1.0;0
rx.operators.OperationCacheTest;2.0;2.0;2.0;1.0;51.0;8.0;40.0;3.0;1.0;2.0;0.0;0.0;0.0;1.0;0.0;1.0;1.0;0.0;0.0;0.0;1.0;70.0;9.0;43.0;8.0;33.0;18.0;20.0;27.0;10.0;17.0;2.0;2.0;2.0;1.0;1.0;1.0;0.0;0.42;2.0;2.0;2.0;1.0;0
rx.operators.OperationCast;1.0;1.0;1.0;1.0;8.0;0.0;8.0;0.0;1.0;3.0;0.0;1.0;0.0;0.0;0.0;1.0;1.0;0.0;0.0;0.0;1.0;29.0;1.0;10.0;3.0;4.0;18.0;2.0;5.0;3.0;2.0;1.0;1.0;1.0;1.0;1.0;0.0;0.0;1.8;1.0;1.0;1.0;1.0;0
rx.operators.OperationCastTest;1.0;1.0;1.0;1.0;12.0;1.0;11.0;0.0;1.0;3.0;0.0;0.0;0.0;2.0;0.0;2.0;2.0;0.0;0.0;0.0;2.0;46.0;4.0;27.0;15.0;17.0;15.0;13.0;16.0;9.0;7.0;1.0;1.0;1.0;1.0;1.0;0.0;0.0;0.56;2.0;2.0;2.0;2.0;0
rx.operators.OperationCombineLatest;1.0;1.0;1.0;1.0;14.0;0.0;10.0;4.0;1.0;13.0;0.0;8.0;0.0;0.0;0.0;8.0;8.0;0.0;0.0;0.0;8.0;325.0;35.0;188.0;58.0;112.0;104.0;101.0;140.0;49.0;91.0;1.0;1.0;1.0;1.0;1.0;0.0;0.0;0.55;8.0;8.0;8.0;8.0;0
rx.operators.OperationCombineLatestTest;1.0;1.0;1.0;1.0;26.0;4.0;18.0;3.0;1.0;10.0;0.0;1.0;0.0;19.0;0.0;20.0;20.0;0.0;5.0;0.0;15.0;614.0;120.0;404.0;140.0;310.0;90.0;291.0;327.0;110.0;217.0;3.0;3.0;3.0;3.0;1.0;2.0;0.0;0.22;22.0;22.0;22.0;22.0;0
rx.operators.OperationConcat;1.0;1.0;1.0;1.0;8.0;0.0;4.0;3.0;1.0;2.0;0.0;3.0;0.0;0.0;0.0;3.0;3.0;0.0;0.0;0.0;3.0;160.0;13.0;110.0;18.0;68.0;37.0;36.0;66.0;25.0;41.0;1.0;1.0;1.0;1.0;1.0;0.0;0.0;0.34;3.0;3.0;3.0;3.0;0
rx.operators.OperationConcatTest;2.0;2.0;2.0;1.0;42.0;7.0;31.0;3.0;1.0;8.0;0.0;0.0;0.0;11.0;0.0;11.0;11.0;0.0;0.0;0.0;11.0;579.0;97.0;422.0;139.0;328.0;60.0;272.0;321.0;117.0;204.0;7.0;7.0;7.0;1.0;1.0;2.0;0.0;0.14;24.0;24.0;24.0;11.0;0
rx.operators.OperationDebounce;1.0;1.0;1.0;1.0;19.0;0.0;5.0;14.0;1.0;4.0;0.0;2.0;0.0;0.0;0.0;2.0;2.0;0.0;0.0;0.0;2.0;140.0;15.0;64.0;26.0;27.0;61.0;28.0;42.0;23.0;19.0;1.0;1.0;1.0;1.0;1.0;0.0;0.0;0.95;2.0;2.0;2.0;2.0;0
rx.operators.OperationDebounceTest;1.0;1.0;1.0;1.0;15.0;1.0;13.0;2.0;1.0;5.0;0.0;0.0;0.0;7.0;2.0;7.0;7.0;0.0;3.0;0.0;4.0;143.0;18.0;107.0;30.0;75.0;34.0;59.0;74.0;27.0;47.0;1.0;1.0;1.0;1.0;1.0;0.0;21.0;0.32;7.0;7.0;7.0;7.0;0
rx.operators.OperationDefaultIfEmpty;1.0;1.0;1.0;1.0;16.0;0.0;4.0;12.0;1.0;3.0;0.0;1.0;0.0;0.0;0.0;1.0;1.0;0.0;0.0;0.0;1.0;86.0;9.0;44.0;10.0;25.0;33.0;16.0;26.0;12.0;14.0;1.0;1.0;1.0;1.0;1.0;0.0;0.0;0.75;1.0;1.0;1.0;1.0;0
rx.operators.OperationDefaultIfEmptyTest;1.0;1.0;1.0;1.0;14.0;1.0;13.0;0.0;1.0;3.0;0.0;0.0;0.0;2.0;0.0;2.0;2.0;0.0;0.0;0.0;2.0;50.0;4.0;31.0;15.0;21.0;15.0;17.0;20.0;9.0;11.0;1.0;1.0;1.0;1.0;1.0;0.0;0.0;0.48;2.0;2.0;2.0;2.0;0
rx.operators.OperationDefer;1.0;1.0;1.0;1.0;11.0;2.0;9.0;0.0;1.0;2.0;0.0;1.0;0.0;0.0;0.0;1.0;1.0;0.0;0.0;0.0;1.0;39.0;3.0;11.0;3.0;6.0;25.0;3.0;6.0;4.0;2.0;1.0;1.0;1.0;1.0;1.0;0.0;0.0;2.27;1.0;1.0;1.0;1.0;0
rx.operators.OperationDeferTest;1.0;1.0;1.0;1.0;33.0;9.0;24.0;0.0;1.0;3.0;0.0;0.0;0.0;1.0;0.0;1.0;1.0;0.0;0.0;0.0;1.0;53.0;10.0;28.0;10.0;22.0;15.0;22.0;24.0;8.0;16.0;1.0;1.0;1.0;1.0;1.0;0.0;0.0;0.54;1.0;1.0;1.0;1.0;0
rx.operators.OperationDematerialize;1.0;1.0;1.0;1.0;11.0;0.0;3.0;8.0;1.0;3.0;0.0;1.0;0.0;0.0;0.0;1.0;1.0;0.0;0.0;0.0;1.0;75.0;7.0;36.0;7.0;20.0;32.0;10.0;19.0;9.0;10.0;1.0;1.0;1.0;1.0;1.0;0.0;0.0;0.89;1.0;1.0;1.0;1.0;0
rx.operators.OperationDematerializeTest;1.0;1.0;1.0;1.0;12.0;2.0;10.0;0.0;1.0;3.0;0.0;0.0;0.0;3.0;0.0;3.0;3.0;0.0;0.0;0.0;3.0;62.0;9.0;38.0;21.0;24.0;15.0;24.0;28.0;15.0;13.0;1.0;1.0;1.0;1.0;1.0;0.0;0.0;0.39;3.0;3.0;3.0;3.0;0
rx.operators.OperationDistinct;1.0;1.0;1.0;1.0;11.0;0.0;3.0;8.0;1.0;6.0;0.0;4.0;0.0;0.0;0.0;4.0;4.0;0.0;0.0;0.0;4.0;170.0;20.0;96.0;24.0;54.0;54.0;34.0;59.0;32.0;27.0;1.0;1.0;1.0;1.0;1.0;0.0;0.0;0.56;4.0;4.0;4.0;4.0;0
rx.operators.OperationDistinctTest;1.0;1.0;1.0;1.0;11.0;1.0;10.0;0.0;1.0;4.0;0.0;0.0;0.0;10.0;4.0;10.0;10.0;0.0;0.0;0.0;10.0;177.0;23.0;138.0;46.0;97.0;16.0;94.0;108.0;34.0;74.0;1.0;1.0;1.0;1.0;1.0;0.0;55.0;0.12;10.0;10.0;10.0;10.0;0
rx.operators.OperationDistinctUntilChanged;1.0;1.0;1.0;1.0;12.0;0.0;3.0;9.0;1.0;6.0;0.0;4.0;0.0;0.0;0.0;4.0;4.0;0.0;0.0;0.0;4.0;134.0;12.0;67.0;19.0;36.0;55.0;25.0;42.0;22.0;20.0;1.0;1.0;1.0;1.0;1.0;0.0;0.0;0.82;4.0;4.0;4.0;4.0;0
rx.operators.OperationDistinctUntilChangedTest;1.0;1.0;1.0;1.0;12.0;0.0;11.0;0.0;1.0;4.0;0.0;0.0;0.0;10.0;4.0;10.0;10.0;0.0;0.0;0.0;10.0;180.0;20.0;144.0;46.0;103.0;16.0;100.0;114.0;34.0;80.0;1.0;1.0;1.0;1.0;1.0;0.0;55.0;0.11;10.0;10.0;10.0;10.0;0
rx.operators.OperationDoOnEach;1.0;1.0;1.0;1.0;3.0;0.0;3.0;0.0;1.0;4.0;0.0;1.0;0.0;0.0;0.0;1.0;1.0;0.0;0.0;0.0;1.0;58.0;7.0;33.0;9.0;18.0;18.0;13.0;21.0;11.0;10.0;1.0;1.0;1.0;1.0;1.0;0.0;0.0;0.55;1.0;1.0;1.0;1.0;0
rx.operators.OperationDoOnEachTest;1.0;1.0;1.0;1.0;17.0;2.0;14.0;0.0;1.0;2.0;0.0;0.0;0.0;4.0;2.0;4.0;4.0;0.0;0.0;0.0;4.0;104.0;18.0;69.0;22.0;47.0;17.0;41.0;50.0;16.0;34.0;1.0;1.0;1.0;1.0;1.0;0.0;37.0;0.25;4.0;4.0;4.0;4.0;0
rx.operators.OperationElementAt;1.0;1.0;1.0;1.0;20.0;0.0;3.0;17.0;1.0;3.0;0.0;2.0;0.0;0.0;0.0;2.0;2.0;0.0;0.0;0.0;2.0;128.0;11.0;60.0;14.0;35.0;57.0;24.0;39.0;16.0;23.0;1.0;1.0;1.0;1.0;1.0;0.0;0.0;0.95;2.0;2.0;2.0;2.0;0
rx.operators.OperationElementAtTest;1.0;1.0;1.0;1.0;13.0;0.0;13.0;0.0;1.0;4.0;0.0;0.0;0.0;6.0;0.0;6.0;6.0;0.0;0.0;0.0;6.0;112.0;11.0;86.0;44.0;57.0;15.0;43.0;53.0;25.0;28.0;2.0;2.0;2.0;1.0;1.0;1.0;0.0;0.17;9.0;9.0;9.0;6.0;0
rx.operators.OperationFilterTest;1.0;1.0;1.0;1.0;19.0;2.0;17.0;0.0;1.0;3.0;0.0;0.0;0.0;1.0;0.0;1.0;1.0;0.0;0.0;0.0;1.0;38.0;3.0;20.0;8.0;13.0;15.0;10.0;13.0;6.0;7.0;1.0;1.0;1.0;1.0;1.0;0.0;0.0;0.75;1.0;1.0;1.0;1.0;0
rx.operators.OperationFinally;1.0;1.0;1.0;1.0;26.0;0.0;8.0;18.0;1.0;3.0;0.0;1.0;0.0;0.0;0.0;1.0;1.0;0.0;0.0;0.0;1.0;97.0;9.0;47.0;16.0;18.0;41.0;14.0;27.0;14.0;13.0;1.0;1.0;1.0;1.0;1.0;0.0;0.0;0.87;1.0;1.0;1.0;1.0;0
rx.operators.OperationFinallyTest;1.0;1.0;1.0;1.0;3.0;0.0;3.0;0.0;1.0;4.0;0.0;0.0;0.0;4.0;2.0;4.0;4.0;0.0;1.0;0.0;3.0;43.0;5.0;22.0;11.0;6.0;16.0;8.0;13.0;7.0;6.0;1.0;1.0;1.0;1.0;1.0;0.0;50.0;0.73;4.0;4.0;4.0;4.0;0
rx.operators.OperationFirstOrDefault;1.0;1.0;1.0;1.0;14.0;0.0;3.0;11.0;1.0;5.0;0.0;2.0;0.0;0.0;0.0;2.0;2.0;0.0;0.0;0.0;2.0;105.0;9.0;53.0;12.0;30.0;43.0;19.0;32.0;15.0;17.0;1.0;1.0;1.0;1.0;1.0;0.0;0.0;0.81;2.0;2.0;2.0;2.0;0
rx.operators.OperationFirstOrDefaultTest;1.0;1.0;1.0;1.0;7.0;0.0;7.0;0.0;1.0;4.0;0.0;0.0;1.0;5.0;1.0;5.0;5.0;0.0;0.0;0.0;5.0;76.0;11.0;50.0;19.0;29.0;15.0;28.0;35.0;13.0;22.0;1.0;1.0;1.0;1.0;1.0;0.0;40.0;0.3;5.0;5.0;5.0;5.0;0
rx.operators.OperationGroupBy;1.0;1.0;1.0;1.0;11.0;1.0;9.0;1.0;1.0;6.0;0.0;3.0;0.0;0.0;0.0;3.0;3.0;0.0;1.0;0.0;2.0;226.0;33.0;140.0;39.0;81.0;53.0;51.0;87.0;47.0;40.0;1.0;1.0;1.0;1.0;1.0;0.0;0.0;0.38;3.0;3.0;3.0;3.0;0
rx.operators.OperationGroupByTest;1.0;1.0;1.0;1.0;45.0;9.0;35.0;1.0;1.0;4.0;0.0;1.0;0.0;5.0;1.0;6.0;6.0;0.0;1.0;0.0;5.0;321.0;63.0;231.0;53.0;177.0;29.0;111.0;147.0;70.0;77.0;1.0;1.0;1.0;1.0;1.0;0.0;50.0;0.13;6.0;6.0;6.0;6.0;0
rx.operators.OperationGroupByUntilTest;1.0;1.0;1.0;1.0;20.0;4.0;16.0;0.0;1.0;5.0;0.0;0.0;0.0;12.0;3.0;12.0;12.0;3.0;0.0;0.0;9.0;281.0;50.0;216.0;72.0;158.0;15.0;98.0;127.0;65.0;62.0;2.0;2.0;2.0;1.0;1.0;1.0;47.0;0.07;13.0;13.0;13.0;12.0;0
rx.operators.OperationGroupJoinTest;1.0;1.0;1.0;1.0;21.0;4.0;17.0;0.0;1.0;7.0;0.0;0.0;0.0;12.0;3.0;12.0;12.0;2.0;0.0;0.0;10.0;325.0;50.0;260.0;87.0;185.0;16.0;128.0;161.0;74.0;87.0;1.0;1.0;1.0;1.0;1.0;0.0;55.0;0.06;12.0;12.0;12.0;12.0;0
rx.operators.OperationInterval;1.0;1.0;1.0;1.0;9.0;0.0;5.0;3.0;1.0;3.0;0.0;2.0;0.0;0.0;0.0;2.0;2.0;0.0;0.0;0.0;2.0;73.0;7.0;40.0;13.0;20.0;26.0;15.0;24.0;14.0;10.0;1.0;1.0;1.0;1.0;1.0;0.0;0.0;0.65;2.0;2.0;2.0;2.0;0
rx.operators.OperationIntervalTest;1.0;1.0;1.0;1.0;28.0;6.0;22.0;0.0;1.0;6.0;0.0;0.0;0.0;5.0;3.0;5.0;5.0;0.0;0.0;0.0;5.0;175.0;38.0;121.0;33.0;100.0;16.0;103.0;109.0;27.0;82.0;1.0;1.0;1.0;1.0;1.0;0.0;6.0;0.13;5.0;5.0;5.0;5.0;0
rx.operators.OperationJoinTest;1.0;1.0;1.0;1.0;20.0;4.0;15.0;0.0;1.0;5.0;0.0;0.0;0.0;12.0;2.0;12.0;12.0;1.0;0.0;0.0;11.0;284.0;57.0;212.0;77.0;164.0;15.0;134.0;152.0;56.0;96.0;1.0;1.0;1.0;1.0;1.0;0.0;20.0;0.07;12.0;12.0;12.0;12.0;0
rx.operators.OperationLast;1.0;1.0;1.0;1.0;49.0;5.0;29.0;15.0;1.0;2.0;0.0;1.0;0.0;0.0;0.0;1.0;1.0;0.0;0.0;0.0;1.0;72.0;7.0;31.0;2.0;22.0;34.0;10.0;17.0;8.0;9.0;1.0;1.0;1.0;1.0;1.0;0.0;0.0;1.1;1.0;1.0;1.0;1.0;0
rx.operators.OperationLastTest;1.0;1.0;1.0;1.0;4.0;0.0;4.0;0.0;1.0;3.0;0.0;0.0;0.0;4.0;0.0;4.0;4.0;0.0;0.0;0.0;4.0;41.0;4.0;22.0;12.0;8.0;15.0;8.0;13.0;8.0;5.0;1.0;1.0;1.0;1.0;1.0;0.0;0.0;0.68;4.0;4.0;4.0;4.0;0
rx.operators.OperationMap;1.0;1.0;1.0;1.0;21.0;0.0;6.0;15.0;1.0;5.0;0.0;3.0;0.0;0.0;0.0;3.0;3.0;0.0;0.0;0.0;3.0;131.0;8.0;49.0;12.0;26.0;74.0;16.0;28.0;16.0;12.0;1.0;1.0;1.0;1.0;1.0;0.0;0.0;1.51;3.0;3.0;3.0;3.0;0
rx.operators.OperationMapTest;1.0;1.0;1.0;1.0;18.0;2.0;14.0;1.0;1.0;6.0;0.0;1.0;1.0;13.0;2.0;14.0;14.0;0.0;1.0;0.0;13.0;312.0;45.0;227.0;74.0;163.0;40.0;119.0;151.0;66.0;85.0;1.0;1.0;1.0;1.0;1.0;0.0;76.0;0.18;14.0;14.0;14.0;14.0;0
rx.operators.OperationMaterialize;1.0;1.0;1.0;1.0;11.0;0.0;3.0;8.0;1.0;3.0;0.0;1.0;0.0;0.0;0.0;1.0;1.0;0.0;0.0;0.0;1.0;72.0;10.0;30.0;7.0;15.0;32.0;9.0;17.0;9.0;8.0;1.0;1.0;1.0;1.0;1.0;0.0;0.0;1.07;1.0;1.0;1.0;1.0;0
rx.operators.OperationMaterializeTest;1.0;1.0;1.0;1.0;18.0;2.0;15.0;0.0;1.0;5.0;0.0;0.0;0.0;3.0;0.0;3.0;3.0;0.0;0.0;0.0;3.0;150.0;29.0;105.0;31.0;67.0;16.0;54.0;73.0;27.0;46.0;2.0;2.0;2.0;1.0;1.0;1.0;0.0;0.15;5.0;5.0;5.0;3.0;0
rx.operators.OperationMerge;1.0;1.0;1.0;1.0;17.0;2.0;11.0;3.0;1.0;2.0;0.0;3.0;0.0;0.0;0.0;3.0;3.0;0.0;0.0;0.0;3.0;261.0;33.0;138.0;41.0;69.0;90.0;45.0;86.0;40.0;46.0;1.0;1.0;1.0;1.0;1.0;0.0;0.0;0.65;3.0;3.0;3.0;3.0;0
rx.operators.OperationMergeDelayError;1.0;1.0;1.0;1.0;26.0;3.0;18.0;4.0;1.0;2.0;0.0;3.0;0.0;0.0;0.0;3.0;3.0;0.0;0.0;0.0;3.0;322.0;37.0;173.0;41.0;96.0;112.0;57.0;108.0;44.0;64.0;1.0;1.0;1.0;1.0;1.0;0.0;0.0;0.65;3.0;3.0;3.0;3.0;0
rx.operators.OperationMergeDelayErrorTest;1.0;1.0;1.0;1.0;19.0;2.0;16.0;0.0;1.0;11.0;0.0;0.0;0.0;13.0;1.0;13.0;13.0;0.0;0.0;0.0;13.0;495.0;97.0;367.0;126.0;243.0;35.0;208.0;261.0;102.0;159.0;2.0;2.0;2.0;1.0;1.0;1.0;15.0;0.1;16.0;16.0;16.0;13.0;0
rx.operators.OperationMergeTest;1.0;1.0;1.0;1.0;28.0;5.0;21.0;2.0;1.0;9.0;0.0;0.0;0.0;10.0;1.0;10.0;10.0;0.0;0.0;0.0;10.0;448.0;96.0;305.0;94.0;211.0;53.0;161.0;206.0;83.0;123.0;2.0;2.0;2.0;1.0;1.0;1.0;30.0;0.17;12.0;12.0;12.0;10.0;0
rx.operators.OperationMostRecent;1.0;1.0;1.0;1.0;15.0;4.0;11.0;0.0;1.0;3.0;0.0;1.0;0.0;0.0;0.0;1.0;1.0;0.0;0.0;0.0;1.0;104.0;20.0;63.0;27.0;23.0;21.0;21.0;38.0;22.0;16.0;1.0;1.0;1.0;1.0;1.0;0.0;0.0;0.33;1.0;1.0;1.0;1.0;0
rx.operators.OperationMostRecentTest;1.0;1.0;1.0;1.0;18.0;5.0;13.0;0.0;1.0;5.0;0.0;0.0;0.0;2.0;0.0;2.0;2.0;0.0;0.0;0.0;2.0;62.0;13.0;34.0;11.0;24.0;15.0;24.0;28.0;9.0;19.0;1.0;1.0;1.0;1.0;1.0;0.0;0.0;0.44;2.0;2.0;2.0;2.0;0
rx.operators.OperationMulticast;1.0;1.0;1.0;1.0;3.0;0.0;3.0;0.0;1.0;4.0;0.0;1.0;0.0;0.0;0.0;1.0;1.0;0.0;0.0;0.0;1.0;76.0;9.0;52.0;9.0;30.0;15.0;16.0;30.0;14.0;16.0;1.0;1.0;1.0;1.0;1.0;0.0;0.0;0.29;1.0;1.0;1.0;1.0;0
rx.operators.OperationMulticastTest;1.0;1.0;1.0;1.0;26.0;7.0;18.0;0.0;1.0;7.0;0.0;0.0;0.0;3.0;0.0;3.0;3.0;0.0;0.0;0.0;3.0;101.0;25.0;61.0;23.0;47.0;15.0;44.0;48.0;14.0;34.0;1.0;1.0;1.0;1.0;1.0;0.0;0.0;0.25;3.0;3.0;3.0;3.0;0
rx.operators.OperationNext;1.0;1.0;1.0;1.0;15.0;4.0;11.0;0.0;1.0;3.0;0.0;1.0;0.0;0.0;0.0;1.0;1.0;0.0;0.0;0.0;1.0;154.0;21.0;102.0;31.0;54.0;31.0;39.0;65.0;26.0;39.0;1.0;1.0;1.0;1.0;1.0;0.0;0.0;0.3;1.0;1.0;1.0;1.0;0
rx.operators.OperationNextTest;2.0;2.0;2.0;1.0;21.0;2.0;17.0;1.0;1.0;7.0;0.0;0.0;0.0;11.0;0.0;11.0;11.0;0.0;3.0;0.0;8.0;274.0;41.0;201.0;48.0;147.0;32.0;105.0;137.0;42.0;95.0;3.0;3.0;3.0;1.0;1.0;1.0;0.0;0.16;22.0;22.0;22.0;11.0;0
rx.operators.OperationObserveFromAndroidComponent;1.0;1.0;1.0;1.0;4.0;0.0;4.0;0.0;1.0;4.0;0.0;2.0;0.0;0.0;0.0;2.0;3.0;0.0;0.0;0.0;2.0;278.0;52.0;211.0;73.0;117.0;15.0;101.0;140.0;56.0;84.0;2.0;2.0;2.0;2.0;1.0;0.0;0.0;0.07;3.0;3.0;3.0;3.0;0
rx.operators.OperationObserveInForeground;1.0;1.0;1.0;1.0;3.0;0.0;3.0;0.0;1.0;4.0;0.0;3.0;0.0;0.0;0.0;3.0;3.0;0.0;0.0;0.0;3.0;252.0;55.0;197.0;71.0;108.0;0.0;101.0;135.0;55.0;80.0;1.0;1.0;1.0;1.0;1.0;0.0;0.0;0.0;3.0;3.0;3.0;3.0;0
rx.operators.OperationObserveOn;1.0;1.0;1.0;1.0;3.0;0.0;3.0;0.0;1.0;4.0;0.0;1.0;0.0;0.0;0.0;1.0;1.0;0.0;0.0;0.0;1.0;106.0;9.0;71.0;20.0;36.0;26.0;29.0;47.0;20.0;27.0;1.0;1.0;1.0;1.0;1.0;0.0;0.0;0.37;1.0;1.0;1.0;1.0;0
rx.operators.OperationObserveOnTest;1.0;1.0;1.0;1.0;32.0;7.0;24.0;0.0;1.0;5.0;0.0;0.0;0.0;5.0;0.0;5.0;5.0;0.0;0.0;0.0;5.0;188.0;40.0;130.0;45.0;100.0;18.0;86.0;98.0;37.0;61.0;2.0;2.0;2.0;1.0;1.0;1.0;0.0;0.14;7.0;7.0;7.0;5.0;0
rx.operators.OperationOnErrorResumeNextViaFunctionTest;1.0;1.0;1.0;1.0;34.0;5.0;27.0;1.0;1.0;6.0;0.0;0.0;0.0;3.0;0.0;3.0;3.0;0.0;0.0;0.0;3.0;165.0;27.0;118.0;37.0;83.0;20.0;66.0;83.0;32.0;51.0;2.0;2.0;2.0;1.0;1.0;1.0;0.0;0.17;5.0;5.0;5.0;3.0;0
rx.operators.OperationOnErrorResumeNextViaObservableTest;2.0;2.0;2.0;1.0;32.0;4.0;26.0;2.0;1.0;5.0;0.0;0.0;0.0;2.0;0.0;2.0;2.0;0.0;0.0;0.0;2.0;128.0;16.0;92.0;26.0;67.0;20.0;55.0;70.0;24.0;46.0;2.0;2.0;2.0;1.0;1.0;1.0;0.0;0.22;4.0;4.0;4.0;2.0;0
rx.operators.OperationOnErrorReturnTest;2.0;2.0;2.0;1.0;34.0;6.0;25.0;2.0;1.0;5.0;0.0;0.0;0.0;2.0;0.0;2.0;2.0;0.0;0.0;0.0;2.0;128.0;21.0;87.0;28.0;61.0;20.0;47.0;61.0;25.0;36.0;2.0;2.0;2.0;1.0;1.0;1.0;0.0;0.23;4.0;4.0;4.0;2.0;0
rx.operators.OperationOnExceptionResumeNextViaObservableTest;2.0;2.0;2.0;1.0;30.0;3.0;24.0;1.0;1.0;5.0;0.0;0.0;0.0;5.0;0.0;5.0;5.0;0.0;0.0;0.0;5.0;225.0;28.0;173.0;53.0;132.0;24.0;110.0;135.0;45.0;90.0;3.0;3.0;3.0;1.0;1.0;2.0;0.0;0.14;11.0;11.0;11.0;5.0;0
rx.operators.OperationParallelMerge;1.0;1.0;1.0;1.0;11.0;2.0;8.0;0.0;1.0;3.0;0.0;2.0;0.0;0.0;0.0;2.0;2.0;0.0;0.0;0.0;2.0;42.0;8.0;19.0;3.0;11.0;15.0;5.0;10.0;6.0;4.0;1.0;1.0;1.0;1.0;1.0;0.0;0.0;0.79;2.0;2.0;2.0;2.0;0
rx.operators.OperationParallelMergeTest;1.0;1.0;1.0;1.0;23.0;4.0;17.0;1.0;1.0;5.0;0.0;1.0;0.0;3.0;0.0;4.0;4.0;0.0;1.0;0.0;3.0;119.0;21.0;76.0;20.0;57.0;22.0;35.0;46.0;23.0;23.0;1.0;1.0;1.0;1.0;1.0;0.0;0.0;0.29;4.0;4.0;4.0;4.0;0
rx.operators.OperationParallelTest;1.0;1.0;1.0;1.0;30.0;6.0;23.0;1.0;1.0;2.0;0.0;0.0;0.0;1.0;0.0;1.0;1.0;0.0;0.0;0.0;1.0;49.0;7.0;26.0;5.0;18.0;16.0;8.0;13.0;7.0;6.0;1.0;1.0;1.0;1.0;1.0;0.0;0.0;0.62;1.0;1.0;1.0;1.0;0
rx.operators.OperationRetry;1.0;1.0;1.0;1.0;3.0;0.0;3.0;0.0;1.0;3.0;0.0;2.0;1.0;0.0;0.0;2.0;2.0;0.0;0.0;0.0;2.0;85.0;15.0;52.0;14.0;30.0;18.0;20.0;32.0;17.0;15.0;1.0;1.0;1.0;1.0;1.0;0.0;50.0;0.35;2.0;2.0;2.0;2.0;0
rx.operators.OperationRetryTest;1.0;1.0;1.0;1.0;16.0;1.0;13.0;2.0;1.0;4.0;0.0;0.0;0.0;4.0;0.0;4.0;4.0;0.0;0.0;0.0;4.0;114.0;12.0;76.0;36.0;49.0;26.0;48.0;57.0;27.0;30.0;1.0;1.0;1.0;1.0;1.0;0.0;0.0;0.34;4.0;4.0;4.0;4.0;0
rx.operators.OperationSample;1.0;1.0;1.0;1.0;6.0;0.0;3.0;3.0;1.0;5.0;0.0;2.0;0.0;0.0;0.0;2.0;2.0;0.0;0.0;0.0;2.0;190.0;17.0;140.0;46.0;68.0;35.0;54.0;88.0;43.0;45.0;1.0;1.0;1.0;1.0;1.0;0.0;0.0;0.25;2.0;2.0;2.0;2.0;0
rx.operators.OperationSampleTest;1.0;1.0;1.0;1.0;23.0;4.0;19.0;0.0;1.0;5.0;0.0;0.0;0.0;9.0;3.0;9.0;9.0;0.0;0.0;0.0;9.0;247.0;38.0;193.0;55.0;156.0;16.0;147.0;161.0;48.0;113.0;1.0;1.0;1.0;1.0;1.0;0.0;29.0;0.08;9.0;9.0;9.0;9.0;0
rx.operators.OperationScan;1.0;1.0;1.0;1.0;15.0;0.0;3.0;12.0;1.0;5.0;0.0;2.0;0.0;0.0;0.0;2.0;2.0;0.0;0.0;0.0;2.0;160.0;18.0;81.0;28.0;34.0;61.0;32.0;51.0;26.0;25.0;1.0;1.0;1.0;1.0;1.0;0.0;0.0;0.75;2.0;2.0;2.0;2.0;0
rx.operators.OperationScanTest;1.0;1.0;1.0;1.0;19.0;3.0;15.0;0.0;1.0;3.0;0.0;0.0;0.0;4.0;0.0;4.0;4.0;0.0;0.0;0.0;4.0;101.0;19.0;67.0;24.0;47.0;15.0;38.0;46.0;17.0;29.0;1.0;1.0;1.0;1.0;1.0;0.0;0.0;0.22;4.0;4.0;4.0;4.0;0
rx.operators.OperationSequenceEqual;1.0;1.0;1.0;1.0;40.0;8.0;31.0;1.0;1.0;4.0;0.0;1.0;0.0;0.0;0.0;1.0;1.0;0.0;0.0;0.0;1.0;62.0;9.0;33.0;8.0;22.0;20.0;8.0;15.0;7.0;8.0;1.0;1.0;1.0;1.0;1.0;0.0;0.0;0.61;1.0;1.0;1.0;1.0;0
rx.operators.OperationSequenceEqualTests;1.0;1.0;1.0;1.0;6.0;0.0;6.0;0.0;1.0;3.0;0.0;0.0;0.0;14.0;0.0;14.0;14.0;0.0;2.0;0.0;12.0;144.0;17.0;112.0;59.0;65.0;15.0;37.0;54.0;34.0;20.0;1.0;1.0;1.0;1.0;1.0;0.0;0.0;0.13;14.0;14.0;14.0;14.0;0
rx.operators.OperationSkip;1.0;1.0;1.0;1.0;20.0;2.0;8.0;10.0;1.0;2.0;0.0;1.0;0.0;0.0;0.0;1.0;1.0;0.0;0.0;0.0;1.0;101.0;14.0;42.0;17.0;14.0;45.0;13.0;25.0;15.0;10.0;1.0;1.0;1.0;1.0;1.0;0.0;0.0;1.07;1.0;1.0;1.0;1.0;0
rx.operators.OperationSkipLast;1.0;1.0;1.0;1.0;24.0;0.0;4.0;20.0;1.0;3.0;0.0;1.0;0.0;0.0;0.0;1.0;1.0;0.0;0.0;0.0;1.0;115.0;10.0;57.0;9.0;36.0;48.0;22.0;35.0;13.0;22.0;1.0;1.0;1.0;1.0;1.0;0.0;0.0;0.84;1.0;1.0;1.0;1.0;0
rx.operators.OperationSkipLastTest;1.0;1.0;1.0;1.0;12.0;1.0;11.0;0.0;1.0;3.0;0.0;0.0;0.0;6.0;0.0;6.0;6.0;0.0;0.0;0.0;6.0;102.0;12.0;75.0;38.0;49.0;15.0;48.0;55.0;26.0;29.0;1.0;1.0;1.0;1.0;1.0;0.0;0.0;0.2;6.0;6.0;6.0;6.0;0
rx.operators.OperationSkipTest;1.0;1.0;1.0;1.0;13.0;1.0;12.0;0.0;1.0;3.0;0.0;0.0;0.0;2.0;0.0;2.0;2.0;0.0;0.0;0.0;2.0;47.0;4.0;28.0;13.0;18.0;15.0;18.0;21.0;9.0;12.0;1.0;1.0;1.0;1.0;1.0;0.0;0.0;0.54;2.0;2.0;2.0;2.0;0
rx.operators.OperationSkipUntilTest;1.0;1.0;1.0;1.0;16.0;3.0;12.0;0.0;1.0;3.0;0.0;0.0;0.0;7.0;1.0;7.0;7.0;0.0;0.0;0.0;7.0;143.0;28.0;100.0;33.0;75.0;15.0;76.0;84.0;25.0;59.0;1.0;1.0;1.0;1.0;1.0;0.0;14.0;0.15;7.0;7.0;7.0;7.0;0
rx.operators.OperationSkipWhile;1.0;1.0;1.0;1.0;5.0;0.0;5.0;0.0;1.0;5.0;0.0;2.0;0.0;0.0;0.0;2.0;2.0;0.0;0.0;0.0;2.0;86.0;11.0;56.0;19.0;24.0;19.0;18.0;33.0;17.0;16.0;1.0;1.0;1.0;1.0;1.0;0.0;0.0;0.34;2.0;2.0;2.0;2.0;0
rx.operators.OperationSkipWhileTest;1.0;1.0;1.0;1.0;9.0;0.0;8.0;0.0;1.0;5.0;0.0;0.0;2.0;6.0;1.0;6.0;6.0;0.0;0.0;0.0;6.0;104.0;13.0;76.0;29.0;51.0;15.0;46.0;56.0;22.0;34.0;1.0;1.0;1.0;1.0;1.0;0.0;33.0;0.2;6.0;6.0;6.0;6.0;0
rx.operators.OperationSubscribeOn;1.0;1.0;1.0;1.0;3.0;0.0;3.0;0.0;1.0;4.0;0.0;1.0;0.0;0.0;0.0;1.0;1.0;0.0;0.0;0.0;1.0;66.0;7.0;39.0;14.0;15.0;20.0;13.0;23.0;14.0;9.0;1.0;1.0;1.0;1.0;1.0;0.0;0.0;0.51;1.0;1.0;1.0;1.0;0
rx.operators.OperationSubscribeOnTest;1.0;1.0;1.0;1.0;18.0;4.0;14.0;0.0;1.0;9.0;0.0;0.0;0.0;1.0;0.0;1.0;1.0;0.0;0.0;0.0;1.0;38.0;5.0;18.0;8.0;12.0;15.0;12.0;14.0;6.0;8.0;1.0;1.0;1.0;1.0;1.0;0.0;0.0;0.83;1.0;1.0;1.0;1.0;0
rx.operators.OperationSwitch;1.0;1.0;1.0;1.0;16.0;0.0;8.0;8.0;1.0;2.0;0.0;1.0;0.0;0.0;0.0;1.0;1.0;0.0;0.0;0.0;1.0;155.0;23.0;102.0;27.0;50.0;30.0;41.0;66.0;26.0;40.0;1.0;1.0;1.0;1.0;1.0;0.0;0.0;0.29;1.0;1.0;1.0;1.0;0
rx.operators.OperationSwitchTest;1.0;1.0;1.0;1.0;32.0;4.0;27.0;0.0;1.0;5.0;0.0;0.0;0.0;10.0;2.0;10.0;10.0;0.0;3.0;0.0;7.0;365.0;58.0;292.0;47.0;235.0;15.0;171.0;205.0;54.0;151.0;1.0;1.0;1.0;1.0;1.0;0.0;15.0;0.05;10.0;10.0;10.0;10.0;0
rx.operators.OperationSynchronizeTest;1.0;1.0;1.0;1.0;19.0;3.0;13.0;3.0;1.0;5.0;0.0;0.0;0.0;7.0;0.0;7.0;7.0;0.0;0.0;0.0;7.0;206.0;38.0;125.0;62.0;77.0;43.0;74.0;89.0;44.0;45.0;1.0;1.0;1.0;1.0;1.0;0.0;0.0;0.34;7.0;7.0;7.0;7.0;0
rx.operators.OperationTake;1.0;1.0;1.0;1.0;18.0;2.0;8.0;8.0;1.0;2.0;0.0;1.0;0.0;0.0;0.0;1.0;1.0;0.0;0.0;0.0;1.0;154.0;17.0;91.0;21.0;46.0;46.0;28.0;52.0;21.0;31.0;1.0;1.0;1.0;1.0;1.0;0.0;0.0;0.51;1.0;1.0;1.0;1.0;0
rx.operators.OperationTakeLast;1.0;1.0;1.0;1.0;10.0;2.0;8.0;0.0;1.0;2.0;0.0;1.0;0.0;0.0;0.0;1.0;1.0;0.0;0.0;0.0;1.0;111.0;14.0;67.0;19.0;34.0;30.0;24.0;42.0;18.0;24.0;1.0;1.0;1.0;1.0;1.0;0.0;0.0;0.45;1.0;1.0;1.0;1.0;0
rx.operators.OperationTakeLastTest;1.0;1.0;1.0;1.0;12.0;1.0;11.0;0.0;1.0;3.0;0.0;0.0;0.0;6.0;0.0;6.0;6.0;0.0;0.0;0.0;6.0;101.0;12.0;74.0;38.0;48.0;15.0;47.0;54.0;26.0;28.0;1.0;1.0;1.0;1.0;1.0;0.0;0.0;0.2;6.0;6.0;6.0;6.0;0
rx.operators.OperationTakeTest;1.0;1.0;1.0;1.0;17.0;1.0;15.0;0.0;1.0;6.0;0.0;0.0;0.0;8.0;0.0;8.0;8.0;0.0;0.0;0.0;8.0;209.0;27.0;164.0;58.0;112.0;18.0;91.0;114.0;46.0;68.0;2.0;2.0;2.0;1.0;1.0;1.0;0.0;0.11;9.0;9.0;9.0;8.0;0
rx.operators.OperationTakeUntil;1.0;1.0;1.0;1.0;31.0;2.0;16.0;13.0;1.0;3.0;0.0;1.0;0.0;0.0;0.0;1.0;1.0;0.0;0.0;0.0;1.0;130.0;18.0;77.0;21.0;39.0;35.0;23.0;43.0;27.0;16.0;1.0;1.0;1.0;1.0;1.0;0.0;0.0;0.45;1.0;1.0;1.0;1.0;0
rx.operators.OperationTakeUntilTest;1.0;1.0;1.0;1.0;21.0;3.0;18.0;0.0;1.0;5.0;0.0;0.0;0.0;5.0;0.0;5.0;5.0;0.0;0.0;0.0;5.0;169.0;27.0;124.0;57.0;88.0;18.0;89.0;101.0;46.0;55.0;1.0;1.0;1.0;1.0;1.0;0.0;0.0;0.15;5.0;5.0;5.0;5.0;0
rx.operators.OperationTakeWhile;1.0;1.0;1.0;1.0;12.0;0.0;6.0;5.0;1.0;4.0;0.0;3.0;0.0;0.0;0.0;3.0;3.0;0.0;1.0;0.0;2.0;134.0;16.0;65.0;22.0;29.0;53.0;23.0;39.0;20.0;19.0;1.0;1.0;1.0;1.0;1.0;0.0;0.0;0.82;3.0;3.0;3.0;3.0;0
rx.operators.OperationTakeWhileTest;1.0;1.0;1.0;1.0;22.0;2.0;20.0;0.0;1.0;8.0;0.0;0.0;0.0;6.0;0.0;6.0;6.0;0.0;0.0;0.0;6.0;201.0;24.0;160.0;49.0;114.0;17.0;85.0;108.0;40.0;68.0;2.0;2.0;2.0;1.0;1.0;1.0;0.0;0.11;8.0;8.0;8.0;6.0;0
rx.operators.OperationThrottleFirst;1.0;1.0;1.0;1.0;26.0;2.0;12.0;12.0;1.0;4.0;0.0;2.0;0.0;0.0;0.0;2.0;2.0;0.0;0.0;0.0;2.0;74.0;6.0;26.0;6.0;17.0;42.0;9.0;15.0;8.0;7.0;1.0;1.0;1.0;1.0;1.0;0.0;0.0;1.62;2.0;2.0;2.0;2.0;0
rx.operators.OperationThrottleFirstTest;1.0;1.0;1.0;1.0;13.0;1.0;11.0;1.0;1.0;5.0;0.0;0.0;0.0;6.0;2.0;6.0;6.0;0.0;3.0;0.0;3.0;112.0;16.0;81.0;24.0;53.0;23.0;40.0;53.0;22.0;31.0;1.0;1.0;1.0;1.0;1.0;0.0;25.0;0.28;6.0;6.0;6.0;6.0;0
rx.operators.OperationThrottleLast;1.0;1.0;1.0;1.0;22.0;0.0;8.0;14.0;1.0;3.0;0.0;2.0;0.0;0.0;0.0;2.0;2.0;0.0;0.0;0.0;2.0;166.0;22.0;96.0;27.0;60.0;55.0;41.0;59.0;27.0;32.0;1.0;1.0;1.0;1.0;1.0;0.0;0.0;0.57;2.0;2.0;2.0;2.0;0
rx.operators.OperationTimeInterval;1.0;1.0;1.0;1.0;7.0;0.0;7.0;0.0;1.0;4.0;0.0;2.0;0.0;0.0;0.0;2.0;2.0;0.0;0.0;0.0;2.0;73.0;8.0;43.0;18.0;17.0;22.0;14.0;23.0;13.0;10.0;1.0;1.0;1.0;1.0;1.0;0.0;0.0;0.51;2.0;2.0;2.0;2.0;0
rx.operators.OperationTimeIntervalTest;1.0;1.0;1.0;1.0;13.0;1.0;12.0;0.0;1.0;5.0;0.0;0.0;1.0;2.0;4.0;2.0;2.0;0.0;0.0;0.0;2.0;57.0;7.0;35.0;12.0;22.0;15.0;23.0;26.0;9.0;17.0;1.0;1.0;1.0;1.0;1.0;0.0;19.0;0.43;2.0;2.0;2.0;2.0;0
rx.operators.OperationTimeout;1.0;1.0;1.0;1.0;3.0;0.0;3.0;0.0;1.0;5.0;0.0;4.0;0.0;0.0;0.0;4.0;4.0;0.0;0.0;0.0;4.0;139.0;10.0;107.0;27.0;65.0;23.0;44.0;70.0;30.0;40.0;1.0;1.0;1.0;1.0;1.0;0.0;0.0;0.21;4.0;4.0;4.0;4.0;0
rx.operators.OperationTimestamp;1.0;1.0;1.0;1.0;14.0;0.0;8.0;6.0;1.0;4.0;0.0;2.0;0.0;0.0;0.0;2.0;2.0;0.0;0.0;0.0;2.0;51.0;1.0;18.0;3.0;10.0;32.0;4.0;9.0;5.0;4.0;1.0;1.0;1.0;1.0;1.0;0.0;0.0;1.78;2.0;2.0;2.0;2.0;0
rx.operators.OperationTimestampTest;1.0;1.0;1.0;1.0;16.0;4.0;12.0;0.0;1.0;5.0;0.0;0.0;0.0;3.0;1.0;3.0;3.0;0.0;0.0;0.0;3.0;71.0;12.0;44.0;17.0;31.0;15.0;32.0;36.0;13.0;23.0;1.0;1.0;1.0;1.0;1.0;0.0;33.0;0.34;3.0;3.0;3.0;3.0;0
rx.operators.OperationToFuture;1.0;1.0;1.0;1.0;92.0;15.0;65.0;12.0;1.0;2.0;0.0;1.0;0.0;0.0;0.0;1.0;1.0;0.0;0.0;0.0;1.0;119.0;17.0;67.0;7.0;50.0;35.0;24.0;39.0;16.0;23.0;1.0;1.0;1.0;1.0;1.0;0.0;0.0;0.52;1.0;1.0;1.0;1.0;0
rx.operators.OperationToFutureTest;1.0;1.0;1.0;1.0;9.0;0.0;8.0;0.0;1.0;3.0;0.0;0.0;0.0;4.0;0.0;4.0;4.0;0.0;0.0;0.0;4.0;66.0;7.0;43.0;20.0;25.0;16.0;20.0;28.0;16.0;12.0;2.0;2.0;2.0;1.0;1.0;1.0;0.0;0.37;5.0;5.0;5.0;4.0;0
rx.operators.OperationToIterator;1.0;1.0;1.0;1.0;66.0;9.0;48.0;9.0;1.0;2.0;0.0;1.0;0.0;0.0;0.0;1.0;1.0;0.0;0.0;0.0;1.0;93.0;11.0;50.0;4.0;35.0;32.0;15.0;28.0;12.0;16.0;1.0;1.0;1.0;1.0;1.0;0.0;0.0;0.64;1.0;1.0;1.0;1.0;0
rx.operators.OperationToIteratorTest;1.0;1.0;1.0;1.0;18.0;5.0;13.0;0.0;1.0;3.0;0.0;0.0;0.0;2.0;0.0;2.0;2.0;0.0;0.0;0.0;2.0;62.0;14.0;33.0;12.0;22.0;15.0;19.0;24.0;10.0;14.0;1.0;1.0;1.0;1.0;1.0;0.0;0.0;0.45;2.0;2.0;2.0;2.0;0
rx.operators.OperationToMap;1.0;1.0;1.0;1.0;9.0;0.0;6.0;3.0;1.0;7.0;0.0;3.0;0.0;0.0;0.0;3.0;3.0;0.0;0.0;0.0;3.0;145.0;5.0;89.0;46.0;31.0;51.0;34.0;49.0;26.0;23.0;1.0;1.0;1.0;1.0;1.0;0.0;0.0;0.57;3.0;3.0;3.0;3.0;0
rx.operators.OperationToMapTest;1.0;1.0;1.0;1.0;22.0;4.0;18.0;0.0;1.0;6.0;0.0;0.0;0.0;7.0;3.0;7.0;7.0;0.0;0.0;0.0;7.0;200.0;36.0;149.0;51.0;105.0;15.0;85.0;104.0;44.0;60.0;1.0;1.0;1.0;1.0;1.0;0.0;52.0;0.1;7.0;7.0;7.0;7.0;0
rx.operators.OperationToMultimap;1.0;1.0;1.0;1.0;15.0;0.0;11.0;4.0;1.0;8.0;0.0;4.0;0.0;0.0;0.0;4.0;4.0;0.0;0.0;0.0;4.0;190.0;1.0;137.0;69.0;53.0;52.0;43.0;62.0;32.0;30.0;1.0;1.0;1.0;1.0;1.0;0.0;0.0;0.38;4.0;4.0;4.0;4.0;0
rx.operators.OperationToMultimapTest;1.0;1.0;1.0;1.0;21.0;4.0;17.0;0.0;1.0;8.0;0.0;0.0;0.0;9.0;3.0;9.0;9.0;0.0;0.0;0.0;9.0;239.0;44.0;180.0;65.0;128.0;15.0;95.0;118.0;52.0;66.0;1.0;1.0;1.0;1.0;1.0;0.0;40.0;0.08;9.0;9.0;9.0;9.0;0
rx.operators.OperationToObservableFuture;1.0;1.0;1.0;1.0;3.0;0.0;3.0;0.0;1.0;2.0;0.0;2.0;0.0;0.0;0.0;2.0;2.0;0.0;0.0;0.0;2.0;71.0;7.0;36.0;12.0;16.0;29.0;16.0;25.0;11.0;14.0;1.0;1.0;1.0;1.0;1.0;0.0;0.0;0.81;2.0;2.0;2.0;2.0;0
rx.operators.OperationToObservableFutureTest;1.0;1.0;1.0;1.0;15.0;2.0;13.0;0.0;1.0;3.0;0.0;0.0;0.0;2.0;0.0;2.0;2.0;0.0;0.0;0.0;2.0;51.0;6.0;30.0;15.0;22.0;15.0;22.0;25.0;13.0;12.0;1.0;1.0;1.0;1.0;1.0;0.0;0.0;0.5;2.0;2.0;2.0;2.0;0
rx.operators.OperationToObservableIterableTest;1.0;1.0;1.0;1.0;12.0;1.0;11.0;0.0;1.0;3.0;0.0;0.0;0.0;1.0;0.0;1.0;1.0;0.0;0.0;0.0;1.0;31.0;2.0;14.0;6.0;8.0;15.0;8.0;10.0;4.0;6.0;1.0;1.0;1.0;1.0;1.0;0.0;0.0;1.07;1.0;1.0;1.0;1.0;0
rx.operators.OperationToObservableListTest;1.0;1.0;1.0;1.0;16.0;3.0;13.0;0.0;1.0;3.0;0.0;0.0;0.0;2.0;0.0;2.0;2.0;0.0;0.0;0.0;2.0;54.0;8.0;31.0;16.0;20.0;15.0;20.0;23.0;11.0;12.0;1.0;1.0;1.0;1.0;1.0;0.0;0.0;0.48;2.0;2.0;2.0;2.0;0
rx.operators.OperationToObservableSortedListTest;1.0;1.0;1.0;1.0;14.0;2.0;12.0;0.0;1.0;3.0;0.0;0.0;0.0;2.0;0.0;2.0;2.0;0.0;0.0;0.0;2.0;50.0;6.0;29.0;14.0;18.0;15.0;15.0;19.0;10.0;9.0;1.0;1.0;1.0;1.0;1.0;0.0;0.0;0.52;2.0;2.0;2.0;2.0;0
rx.operators.OperationUsing;1.0;1.0;1.0;1.0;27.0;0.0;25.0;2.0;1.0;3.0;0.0;1.0;0.0;0.0;0.0;1.0;1.0;0.0;0.0;0.0;1.0;48.0;1.0;27.0;8.0;18.0;20.0;9.0;14.0;7.0;7.0;1.0;1.0;1.0;1.0;1.0;0.0;0.0;0.74;1.0;1.0;1.0;1.0;0
rx.operators.OperationUsingTest;1.0;1.0;1.0;1.0;31.0;4.0;26.0;1.0;1.0;9.0;0.0;0.0;0.0;5.0;0.0;5.0;5.0;0.0;0.0;0.0;5.0;197.0;28.0;148.0;50.0;95.0;21.0;59.0;83.0;43.0;40.0;2.0;2.0;2.0;1.0;1.0;1.0;0.0;0.14;7.0;7.0;7.0;5.0;0
rx.operators.OperationWhere;1.0;1.0;1.0;1.0;3.0;0.0;3.0;0.0;1.0;3.0;0.0;1.0;0.0;0.0;0.0;1.0;1.0;0.0;0.0;0.0;1.0;51.0;6.0;25.0;10.0;14.0;20.0;11.0;16.0;8.0;8.0;1.0;1.0;1.0;1.0;1.0;0.0;0.0;0.8;1.0;1.0;1.0;1.0;0
rx.operators.OperationWindow;1.0;1.0;1.0;1.0;27.0;0.0;7.0;19.0;1.0;6.0;0.0;11.0;0.0;0.0;0.0;11.0;11.0;0.0;0.0;0.0;11.0;329.0;13.0;88.0;27.0;52.0;228.0;31.0;52.0;33.0;19.0;1.0;1.0;1.0;1.0;2.0;0.0;0.0;2.59;11.0;11.0;11.0;11.0;0
rx.operators.OperationWindowTest;1.0;1.0;1.0;1.0;18.0;2.0;16.0;0.0;1.0;7.0;0.0;1.0;0.0;13.0;1.0;14.0;14.0;0.0;5.0;0.0;9.0;304.0;44.0;245.0;66.0;185.0;15.0;138.0;172.0;68.0;104.0;2.0;2.0;2.0;1.0;1.0;1.0;50.0;0.06;15.0;15.0;15.0;14.0;0
rx.operators.OperationZip;1.0;1.0;1.0;1.0;3.0;0.0;3.0;0.0;1.0;13.0;0.0;9.0;0.0;0.0;0.0;9.0;9.0;0.0;0.0;0.0;9.0;501.0;45.0;313.0;100.0;161.0;145.0;117.0;202.0;82.0;120.0;1.0;1.0;1.0;1.0;1.0;0.0;0.0;0.46;9.0;9.0;9.0;9.0;0
rx.operators.OperationZipTest;1.0;1.0;1.0;1.0;22.0;4.0;16.0;2.0;1.0;12.0;0.0;1.0;0.0;29.0;6.0;30.0;30.0;0.0;7.0;0.0;23.0;788.0;155.0;539.0;174.0;405.0;94.0;387.0;435.0;135.0;300.0;3.0;3.0;3.0;3.0;1.0;2.0;83.0;0.17;32.0;32.0;32.0;32.0;0
rx.operators.OperationZipTestCompletion;1.0;1.0;1.0;1.0;12.0;0.0;11.0;0.0;1.0;4.0;0.0;0.0;0.0;5.0;6.0;5.0;5.0;0.0;0.0;0.0;5.0;103.0;12.0;71.0;17.0;47.0;20.0;50.0;57.0;13.0;44.0;1.0;1.0;1.0;1.0;1.0;0.0;26.0;0.28;5.0;5.0;5.0;5.0;0
rx.operators.OperatorTesterTest;0.0;0.0;0.0;0.0;0.0;0.0;0.0;0.0;1.0;0.0;0.0;0.0;0.0;0.0;0.0;0.0;0.0;0.0;0.0;0.0;0.0;17.0;0.0;2.0;1.0;0.0;15.0;0.0;1.0;1.0;0.0;0.0;0.0;0.0;0.0;1.0;0.0;0.0;7.5;0.0;0.0;0.0;0.0;0
rx.operators.OperatorToIterator;1.0;1.0;1.0;1.0;34.0;6.0;24.0;3.0;1.0;3.0;0.0;1.0;0.0;2.0;0.0;3.0;3.0;0.0;0.0;0.0;3.0;118.0;23.0;81.0;15.0;57.0;14.0;34.0;51.0;21.0;30.0;1.0;1.0;1.0;1.0;1.0;0.0;0.0;0.17;3.0;3.0;3.0;3.0;0
rx.operators.SafeObservableSubscription;1.0;1.0;1.0;1.0;6.0;0.0;4.0;2.0;2.0;0.0;0.0;0.0;1.0;5.0;1.0;5.0;5.0;0.0;0.0;0.0;5.0;76.0;6.0;35.0;11.0;15.0;35.0;10.0;20.0;10.0;10.0;3.0;3.0;3.0;3.0;1.0;2.0;30.0;1.0;8.0;8.0;8.0;7.0;0
rx.operators.SafeObservableSubscriptionTest;1.0;1.0;1.0;1.0;7.0;0.0;7.0;0.0;1.0;2.0;0.0;0.0;0.0;1.0;0.0;1.0;1.0;0.0;0.0;0.0;1.0;26.0;1.0;10.0;5.0;5.0;15.0;5.0;7.0;4.0;3.0;1.0;1.0;1.0;1.0;1.0;0.0;0.0;1.5;1.0;1.0;1.0;1.0;0
rx.operators.TakeWhileTest;0.0;0.0;0.0;0.0;0.0;0.0;0.0;0.0;1.0;0.0;0.0;0.0;0.0;0.0;0.0;0.0;0.0;0.0;0.0;0.0;0.0;17.0;0.0;2.0;1.0;0.0;15.0;0.0;1.0;1.0;0.0;0.0;0.0;0.0;0.0;1.0;0.0;0.0;7.5;0.0;0.0;0.0;0.0;0
rx.operators.TimeIntervalObserverTest;0.0;0.0;0.0;0.0;0.0;0.0;0.0;0.0;1.0;0.0;0.0;0.0;0.0;0.0;0.0;0.0;0.0;0.0;0.0;0.0;0.0;17.0;0.0;2.0;1.0;0.0;15.0;0.0;1.0;1.0;0.0;0.0;0.0;0.0;0.0;1.0;0.0;0.0;7.5;0.0;0.0;0.0;0.0;0
rx.plugins.RxJavaErrorHandler;1.0;1.0;1.0;1.0;9.0;0.0;2.0;7.0;1.0;0.0;2.0;0.0;0.0;1.0;0.0;1.0;1.0;0.0;0.0;0.0;1.0;36.0;2.0;4.0;2.0;0.0;30.0;0.0;2.0;2.0;0.0;1.0;1.0;1.0;1.0;1.0;0.0;0.0;7.5;1.0;1.0;1.0;1.0;0
rx.plugins.RxJavaErrorHandlerDefault;1.0;1.0;1.0;1.0;3.0;0.0;3.0;0.0;1.0;0.0;0.0;1.0;1.0;0.0;0.0;1.0;2.0;0.0;0.0;0.0;1.0;29.0;3.0;6.0;3.0;2.0;20.0;2.0;4.0;3.0;1.0;1.0;1.0;1.0;1.0;2.0;0.0;0.0;3.33;1.0;1.0;1.0;1.0;0
rx.plugins.RxJavaObservableExecutionHook;1.0;1.0;1.0;1.0;15.0;0.0;3.0;12.0;1.0;3.0;2.0;0.0;0.0;3.0;0.0;3.0;3.0;0.0;0.0;0.0;3.0;81.0;4.0;11.0;4.0;3.0;66.0;3.0;7.0;4.0;3.0;1.0;1.0;1.0;1.0;1.0;0.0;0.0;6.0;3.0;3.0;3.0;3.0;0
rx.plugins.RxJavaPlugins;2.0;2.0;2.0;1.0;15.0;0.0;8.0;6.0;1.0;4.0;0.0;2.0;1.0;5.0;2.0;7.0;7.0;1.0;1.0;0.0;5.0;143.0;9.0;63.0;16.0;39.0;72.0;24.0;40.0;16.0;24.0;6.0;6.0;6.0;6.0;1.0;2.0;76.0;1.14;18.0;18.0;18.0;12.0;0
rx.plugins.RxJavaPluginsTest;1.0;1.0;1.0;1.0;6.0;0.0;6.0;0.0;1.0;7.0;0.0;1.0;0.0;6.0;0.0;7.0;7.0;0.0;1.0;0.0;6.0;86.0;9.0;58.0;29.0;30.0;19.0;26.0;38.0;23.0;15.0;1.0;1.0;1.0;1.0;1.0;1.0;0.0;0.33;7.0;7.0;7.0;7.0;0
rx.subjects.AsyncSubjectTest;1.0;1.0;1.0;1.0;22.0;3.0;17.0;1.0;1.0;6.0;0.0;0.0;0.0;10.0;1.0;10.0;10.0;0.0;0.0;0.0;10.0;286.0;55.0;205.0;64.0;148.0;26.0;126.0;149.0;50.0;99.0;3.0;3.0;3.0;1.0;1.0;1.0;80.0;0.13;12.0;12.0;12.0;10.0;0
rx.subjects.BehaviorSubjectTest;1.0;1.0;1.0;1.0;22.0;4.0;18.0;0.0;1.0;5.0;0.0;0.0;0.0;6.0;1.0;6.0;6.0;0.0;0.0;0.0;6.0;168.0;34.0;119.0;39.0;87.0;15.0;74.0;85.0;30.0;55.0;1.0;1.0;1.0;1.0;1.0;0.0;50.0;0.13;6.0;6.0;6.0;6.0;0
rx.subjects.PublishSubjectTest;1.0;1.0;1.0;1.0;22.0;4.0;16.0;1.0;1.0;5.0;0.0;0.0;0.0;12.0;1.0;12.0;12.0;0.0;4.0;0.0;8.0;311.0;72.0;208.0;68.0;154.0;31.0;133.0;154.0;57.0;97.0;2.0;2.0;2.0;1.0;1.0;1.0;83.0;0.15;13.0;13.0;13.0;12.0;0
rx.subjects.ReplaySubjectTest;1.0;1.0;1.0;1.0;21.0;4.0;16.0;0.0;1.0;5.0;0.0;0.0;0.0;10.0;1.0;10.0;10.0;0.0;3.0;0.0;7.0;258.0;54.0;181.0;56.0;138.0;23.0;125.0;140.0;44.0;96.0;1.0;1.0;1.0;1.0;1.0;0.0;70.0;0.13;10.0;10.0;10.0;10.0;0
rx.subscriptions.BooleanSubscription;1.0;1.0;1.0;1.0;3.0;0.0;3.0;0.0;2.0;0.0;0.0;0.0;0.0;2.0;1.0;2.0;2.0;0.0;0.0;0.0;2.0;34.0;4.0;10.0;5.0;3.0;20.0;3.0;6.0;4.0;2.0;1.0;1.0;1.0;1.0;1.0;0.0;0.0;2.0;2.0;2.0;2.0;2.0;0
rx.subscriptions.CompositeSubscription;3.0;3.0;3.0;3.0;15.0;1.0;12.0;1.0;2.0;1.0;0.0;0.0;2.0;7.0;1.0;7.0;7.0;0.0;1.0;0.0;6.0;145.0;14.0;95.0;19.0;63.0;36.0;41.0;65.0;18.0;47.0;5.0;5.0;5.0;5.0;1.0;2.0;28.0;0.38;26.0;26.0;26.0;23.0;0
rx.subscriptions.CompositeSubscriptionTest;1.0;1.0;1.0;1.0;27.0;4.0;21.0;0.0;1.0;3.0;0.0;0.0;0.0;7.0;0.0;7.0;7.0;0.0;0.0;0.0;7.0;220.0;40.0;161.0;43.0;118.0;19.0;88.0;115.0;47.0;68.0;4.0;4.0;4.0;1.0;1.0;1.0;0.0;0.12;13.0;13.0;13.0;7.0;0
rx.subscriptions.MultipleAssignmentSubscription;2.0;2.0;2.0;1.0;6.0;0.0;6.0;0.0;2.0;1.0;0.0;0.0;1.0;4.0;1.0;4.0;4.0;0.0;0.0;0.0;4.0;59.0;4.0;34.0;12.0;18.0;21.0;12.0;21.0;11.0;10.0;4.0;4.0;4.0;4.0;1.0;2.0;0.0;0.62;9.0;9.0;9.0;7.0;0
rx.subscriptions.RefCountSubscription;3.0;3.0;3.0;3.0;14.0;0.0;11.0;2.0;2.0;3.0;0.0;0.0;0.0;6.0;4.0;6.0;6.0;1.0;1.0;0.0;4.0;110.0;0.0;89.0;25.0;51.0;21.0;37.0;59.0;19.0;40.0;6.0;6.0;7.0;6.0;1.0;3.0;50.0;0.24;21.0;21.0;23.0;20.0;0
rx.subscriptions.SerialSubscription;2.0;2.0;2.0;1.0;6.0;0.0;6.0;0.0;2.0;1.0;0.0;0.0;1.0;4.0;1.0;4.0;4.0;0.0;0.0;0.0;4.0;59.0;2.0;35.0;12.0;19.0;22.0;13.0;22.0;11.0;11.0;4.0;4.0;4.0;4.0;1.0;2.0;0.0;0.63;9.0;9.0;9.0;7.0;0
rx.subscriptions.SerialSubscriptionTests;1.0;1.0;1.0;1.0;12.0;1.0;11.0;0.0;1.0;3.0;0.0;0.0;0.0;12.0;1.0;12.0;12.0;0.0;0.0;0.0;12.0;189.0;26.0;148.0;55.0;96.0;15.0;86.0;111.0;46.0;65.0;4.0;4.0;4.0;1.0;1.0;1.0;0.0;0.1;17.0;17.0;17.0;12.0;0
rx.subscriptions.SingleAssignmentSubscription;2.0;2.0;2.0;1.0;9.0;0.0;6.0;3.0;2.0;1.0;0.0;0.0;1.0;4.0;1.0;4.0;4.0;0.0;0.0;0.0;4.0;75.0;1.0;36.0;11.0;18.0;38.0;11.0;22.0;10.0;12.0;4.0;4.0;4.0;1.0;1.0;1.0;0.0;1.06;9.0;9.0;9.0;4.0;0
rx.subscriptions.Subscriptions;1.0;1.0;1.0;1.0;13.0;1.0;5.0;7.0;1.0;4.0;0.0;6.0;1.0;0.0;0.0;6.0;6.0;0.0;0.0;0.0;6.0;118.0;14.0;39.0;9.0;20.0;65.0;10.0;21.0;12.0;9.0;1.0;1.0;1.0;1.0;1.0;0.0;83.0;1.67;6.0;6.0;6.0;6.0;0
rx.subscriptions.SubscriptionsTest;1.0;1.0;1.0;1.0;7.0;0.0;7.0;0.0;1.0;3.0;0.0;0.0;0.0;1.0;0.0;1.0;1.0;0.0;0.0;0.0;1.0;26.0;1.0;10.0;5.0;5.0;15.0;5.0;7.0;4.0;3.0;1.0;1.0;1.0;1.0;1.0;0.0;0.0;1.5;1.0;1.0;1.0;1.0;0
rx.test.OperatorTester;1.0;1.0;1.0;1.0;5.0;0.0;2.0;3.0;1.0;2.0;0.0;1.0;0.0;1.0;0.0;2.0;2.0;0.0;1.0;0.0;1.0;84.0;11.0;40.0;20.0;9.0;33.0;10.0;22.0;13.0;9.0;1.0;1.0;1.0;1.0;1.0;0.0;0.0;0.82;2.0;2.0;2.0;2.0;0
rx.util.AssertObservable;2.0;2.0;3.0;1.0;31.0;1.0;18.0;12.0;1.0;3.0;0.0;4.0;0.0;0.0;0.0;4.0;4.0;0.0;0.0;0.0;4.0;147.0;9.0;75.0;16.0;54.0;63.0;33.0;53.0;16.0;37.0;6.0;6.0;9.0;4.0;1.0;0.0;0.0;0.84;9.0;9.0;12.0;7.0;0
rx.util.AssertObservableTest;1.0;1.0;1.0;1.0;3.0;0.0;3.0;0.0;1.0;2.0;0.0;0.0;0.0;4.0;0.0;4.0;4.0;0.0;0.0;0.0;4.0;37.0;4.0;18.0;9.0;4.0;15.0;4.0;9.0;5.0;4.0;1.0;1.0;1.0;1.0;1.0;0.0;0.0;0.83;4.0;4.0;4.0;4.0;0
rx.util.BufferClosings;1.0;1.0;1.0;1.0;3.0;0.0;2.0;0.0;1.0;1.0;0.0;1.0;0.0;1.0;0.0;2.0;2.0;0.0;1.0;0.0;1.0;24.0;2.0;6.0;3.0;1.0;16.0;1.0;4.0;3.0;1.0;1.0;1.0;1.0;1.0;1.0;0.0;0.0;2.67;2.0;2.0;2.0;2.0;0
rx.util.BufferOpenings;1.0;1.0;1.0;1.0;3.0;0.0;2.0;0.0;1.0;1.0;0.0;1.0;0.0;1.0;0.0;2.0;2.0;0.0;1.0;0.0;1.0;24.0;2.0;6.0;3.0;1.0;16.0;1.0;4.0;3.0;1.0;1.0;1.0;1.0;1.0;1.0;0.0;0.0;2.67;2.0;2.0;2.0;2.0;0
rx.util.Closings;1.0;1.0;1.0;1.0;3.0;0.0;3.0;0.0;1.0;1.0;0.0;1.0;0.0;1.0;0.0;2.0;2.0;0.0;1.0;0.0;1.0;25.0;2.0;7.0;3.0;2.0;16.0;1.0;4.0;3.0;1.0;1.0;1.0;1.0;1.0;1.0;0.0;0.0;2.29;2.0;2.0;2.0;2.0;0
rx.util.Openings;1.0;1.0;1.0;1.0;3.0;0.0;3.0;0.0;1.0;1.0;0.0;1.0;0.0;1.0;0.0;2.0;2.0;0.0;1.0;0.0;1.0;25.0;2.0;7.0;3.0;2.0;16.0;1.0;4.0;3.0;1.0;1.0;1.0;1.0;1.0;1.0;0.0;0.0;2.29;2.0;2.0;2.0;2.0;0
rx.util.Range;1.0;1.0;1.0;1.0;7.0;0.0;6.0;0.0;2.0;0.0;0.0;3.0;0.0;3.0;3.0;6.0;6.0;0.0;1.0;0.0;5.0;69.0;9.0;45.0;13.0;23.0;15.0;18.0;29.0;15.0;14.0;1.0;1.0;1.0;1.0;1.0;0.0;66.0;0.33;6.0;6.0;6.0;6.0;0
rx.util.RangeTest;1.0;1.0;1.0;1.0;3.0;0.0;3.0;0.0;1.0;1.0;0.0;1.0;0.0;6.0;0.0;7.0;7.0;0.0;1.0;0.0;6.0;55.0;7.0;33.0;15.0;10.0;15.0;9.0;19.0;10.0;9.0;2.0;2.0;2.0;1.0;1.0;1.0;0.0;0.45;8.0;8.0;8.0;7.0;0