DY
117
43
AvgCyclomatic;AvgCyclomaticModified;AvgCyclomaticStrict;AvgEssential;AvgLine;AvgLineBlank;AvgLineCode;AvgLineComment;CountClassBase;CountClassCoupled;CountClassDerived;CountDeclClassMethod;CountDeclClassVariable;CountDeclInstanceMethod;CountDeclInstanceVariable;CountDeclMethod;CountDeclMethodAll;CountDeclMethodDefault;CountDeclMethodPrivate;CountDeclMethodProtected;CountDeclMethodPublic;CountLine;CountLineBlank;CountLineCode;CountLineCodeDecl;CountLineCodeExe;CountLineComment;CountSemicolon;CountStmt;CountStmtDecl;CountStmtExe;MaxCyclomatic;MaxCyclomaticModified;MaxCyclomaticStrict;MaxEssential;MaxInheritanceTree;MaxNesting;PercentLackOfCohesion;RatioCommentToCode;SumCyclomatic;SumCyclomaticModified;SumCyclomaticStrict;SumEssential
com.google.android.exoplayer.Ac3PassthroughAudioTrackRenderer;2.0;2.0;2.0;1.0;10.0;0.0;8.0;0.0;1.0;12.0;0.0;1.0;4.0;19.0;13.0;20.0;42.0;0.0;5.0;13.0;2.0;293.0;44.0;211.0;64.0;112.0;38.0;92.0;137.0;51.0;86.0;8.0;8.0;9.0;5.0;2.0;4.0;80.0;0.18;44.0;44.0;52.0;27.0;0
com.google.android.exoplayer.BehindLiveWindowException;1.0;1.0;1.0;1.0;3.0;0.0;3.0;0.0;1.0;0.0;0.0;0.0;0.0;2.0;0.0;2.0;2.0;0.0;0.0;0.0;2.0;11.0;3.0;8.0;3.0;2.0;0.0;2.0;5.0;3.0;2.0;1.0;1.0;1.0;1.0;2.0;0.0;0.0;0.0;2.0;2.0;2.0;2.0;0
com.google.android.exoplayer.C;1.0;1.0;1.0;1.0;1.0;0.0;1.0;0.0;1.0;0.0;0.0;0.0;11.0;1.0;0.0;1.0;1.0;0.0;1.0;0.0;0.0;68.0;13.0;19.0;18.0;11.0;36.0;11.0;13.0;13.0;0.0;1.0;1.0;1.0;1.0;1.0;0.0;100.0;1.89;1.0;1.0;1.0;1.0;0
com.google.android.exoplayer.CodecCounters;1.0;1.0;1.0;1.0;10.0;0.0;7.0;3.0;1.0;0.0;0.0;0.0;0.0;2.0;7.0;2.0;2.0;0.0;0.0;0.0;2.0;41.0;4.0;23.0;11.0;10.0;14.0;17.0;20.0;11.0;9.0;1.0;1.0;1.0;1.0;1.0;0.0;50.0;0.61;2.0;2.0;2.0;2.0;0
com.google.android.exoplayer.CryptoInfo;1.0;1.0;1.0;1.0;8.0;0.0;5.0;2.0;1.0;1.0;0.0;0.0;0.0;6.0;7.0;6.0;6.0;0.0;2.0;0.0;4.0;94.0;9.0;47.0;19.0;20.0;38.0;25.0;33.0;14.0;19.0;2.0;2.0;2.0;1.0;1.0;1.0;47.0;0.81;8.0;8.0;8.0;6.0;0
com.google.android.exoplayer.DecoderInfo;1.0;1.0;1.0;1.0;8.0;0.0;4.0;5.0;1.0;0.0;0.0;0.0;0.0;1.0;2.0;1.0;1.0;1.0;0.0;0.0;0.0;31.0;4.0;8.0;4.0;2.0;20.0;4.0;6.0;4.0;2.0;1.0;1.0;1.0;1.0;1.0;0.0;0.0;2.5;1.0;1.0;1.0;1.0;0
com.google.android.exoplayer.DefaultLoadControl;2.0;2.0;3.0;1.0;13.0;0.0;10.0;2.0;2.0;4.0;0.0;0.0;7.0;12.0;14.0;12.0;12.0;0.0;4.0;0.0;8.0;243.0;31.0;170.0;69.0;99.0;42.0;97.0;125.0;63.0;62.0;7.0;7.0;18.0;1.0;1.0;3.0;80.0;0.25;27.0;27.0;45.0;12.0;0
com.google.android.exoplayer.DummyTrackRenderer;1.0;1.0;1.0;1.0;3.0;0.0;3.0;0.0;1.0;1.0;0.0;0.0;0.0;8.0;0.0;8.0;30.0;0.0;0.0;8.0;0.0;50.0;9.0;34.0;17.0;8.0;7.0;8.0;17.0;9.0;8.0;1.0;1.0;1.0;1.0;2.0;0.0;0.0;0.21;8.0;8.0;8.0;8.0;0
com.google.android.exoplayer.ExoPlaybackException;1.0;1.0;1.0;1.0;4.0;0.0;4.0;0.0;1.0;0.0;0.0;0.0;0.0;4.0;1.0;4.0;4.0;1.0;0.0;0.0;3.0;34.0;6.0;19.0;6.0;8.0;10.0;9.0;14.0;6.0;8.0;1.0;1.0;1.0;1.0;2.0;0.0;0.0;0.53;4.0;4.0;4.0;4.0;0
com.google.android.exoplayer.ExoPlayerLibraryInfo;1.0;1.0;1.0;1.0;1.0;0.0;1.0;0.0;1.0;0.0;0.0;0.0;4.0;1.0;0.0;1.0;1.0;0.0;1.0;0.0;0.0;33.0;6.0;7.0;6.0;4.0;20.0;4.0;6.0;6.0;0.0;1.0;1.0;1.0;1.0;1.0;0.0;100.0;2.86;1.0;1.0;1.0;1.0;0
com.google.android.exoplayer.FormatHolder;0.0;0.0;0.0;0.0;0.0;0.0;0.0;0.0;1.0;1.0;0.0;0.0;0.0;0.0;2.0;0.0;0.0;0.0;0.0;0.0;0.0;16.0;2.0;4.0;3.0;0.0;10.0;2.0;3.0;3.0;0.0;0.0;0.0;0.0;0.0;1.0;0.0;0.0;2.5;0.0;0.0;0.0;0.0;0
com.google.android.exoplayer.FrameworkSampleSource;2.0;2.0;2.0;1.0;12.0;0.0;10.0;1.0;2.0;11.0;0.0;0.0;4.0;14.0;13.0;14.0;14.0;0.0;2.0;0.0;12.0;250.0;26.0;179.0;56.0;107.0;45.0;103.0;133.0;43.0;90.0;9.0;9.0;9.0;5.0;1.0;3.0;75.0;0.25;33.0;33.0;36.0;18.0;0
com.google.android.exoplayer.MediaCodecAudioTrackRenderer;1.0;1.0;2.0;1.0;10.0;0.0;7.0;2.0;1.0;11.0;0.0;0.0;2.0;22.0;4.0;22.0;85.0;0.0;2.0;15.0;5.0;307.0;37.0;191.0;58.0;95.0;79.0;69.0;111.0;37.0;74.0;9.0;9.0;9.0;3.0;3.0;3.0;81.0;0.41;37.0;37.0;44.0;24.0;0
com.google.android.exoplayer.MediaCodecTrackRenderer;2.0;2.0;3.0;1.0;15.0;0.0;12.0;3.0;1.0;17.0;2.0;1.0;10.0;40.0;31.0;41.0;63.0;0.0;13.0;27.0;1.0;876.0;79.0;594.0;152.0;360.0;203.0;288.0;413.0;128.0;285.0;23.0;23.0;26.0;12.0;2.0;4.0;89.0;0.34;115.0;115.0;134.0;70.0;0
com.google.android.exoplayer.MediaCodecUtil;4.0;3.0;5.0;1.0;19.0;0.0;13.0;5.0;1.0;9.0;0.0;11.0;2.0;0.0;0.0;11.0;11.0;0.0;6.0;0.0;5.0;376.0;49.0;243.0;88.0;128.0;84.0;108.0;163.0;70.0;93.0;16.0;11.0;16.0;6.0;1.0;6.0;81.0;0.35;50.0;36.0;57.0;19.0;0
com.google.android.exoplayer.MediaCodecVideoTrackRenderer;1.0;1.0;2.0;1.0;13.0;0.0;9.0;3.0;1.0;11.0;0.0;0.0;5.0;29.0;17.0;29.0;92.0;0.0;4.0;17.0;8.0;538.0;53.0;327.0;102.0;188.0;158.0;160.0;218.0;77.0;141.0;11.0;11.0;11.0;8.0;3.0;4.0;90.0;0.48;55.0;55.0;77.0;39.0;0
com.google.android.exoplayer.MediaFormat;1.0;1.0;2.0;1.0;7.0;0.0;7.0;0.0;1.0;3.0;0.0;14.0;2.0;12.0;13.0;26.0;26.0;0.0;8.0;0.0;18.0;268.0;36.0;224.0;68.0;119.0;8.0;109.0;152.0;50.0;102.0;4.0;4.0;14.0;4.0;1.0;2.0;78.0;0.04;47.0;47.0;58.0;33.0;0
com.google.android.exoplayer.MediaFormatHolder;0.0;0.0;0.0;0.0;0.0;0.0;0.0;0.0;1.0;2.0;0.0;0.0;0.0;0.0;2.0;0.0;0.0;0.0;0.0;0.0;0.0;15.0;2.0;4.0;3.0;0.0;9.0;2.0;3.0;3.0;0.0;0.0;0.0;0.0;0.0;1.0;0.0;0.0;2.25;0.0;0.0;0.0;0.0;0
com.google.android.exoplayer.ParserException;1.0;1.0;1.0;1.0;3.0;0.0;3.0;0.0;1.0;0.0;1.0;0.0;0.0;3.0;0.0;3.0;3.0;0.0;0.0;0.0;3.0;15.0;4.0;11.0;4.0;3.0;0.0;3.0;7.0;4.0;3.0;1.0;1.0;1.0;1.0;2.0;0.0;0.0;0.0;3.0;3.0;3.0;3.0;0
com.google.android.exoplayer.SampleHolder;1.0;1.0;1.0;1.0;8.0;0.0;4.0;3.0;1.0;2.0;0.0;0.0;3.0;6.0;6.0;6.0;6.0;0.0;0.0;0.0;6.0;104.0;16.0;40.0;16.0;18.0;48.0;20.0;29.0;16.0;13.0;3.0;2.0;3.0;1.0;1.0;1.0;81.0;1.2;9.0;8.0;9.0;6.0;0
com.google.android.exoplayer.SmoothFrameReleaseTimeHelper;2.0;2.0;2.0;1.0;14.0;0.0;11.0;2.0;3.0;0.0;0.0;1.0;4.0;7.0;12.0;8.0;8.0;0.0;2.0;1.0;5.0;156.0;22.0;113.0;44.0;65.0;21.0;64.0;84.0;39.0;45.0;8.0;8.0;8.0;1.0;1.0;3.0;78.0;0.19;20.0;20.0;20.0;8.0;0
com.google.android.exoplayer.TrackInfo;1.0;1.0;1.0;1.0;9.0;0.0;4.0;5.0;1.0;0.0;0.0;0.0;0.0;1.0;2.0;1.0;1.0;0.0;0.0;0.0;1.0;26.0;4.0;8.0;4.0;2.0;14.0;4.0;6.0;4.0;2.0;1.0;1.0;1.0;1.0;1.0;0.0;0.0;1.75;1.0;1.0;1.0;1.0;0
com.google.android.exoplayer.TrackRenderer;1.0;1.0;1.0;1.0;11.0;0.0;2.0;8.0;2.0;3.0;7.0;0.0;9.0;22.0;1.0;22.0;22.0;6.0;0.0;15.0;1.0;333.0;26.0;75.0;35.0;34.0;239.0;39.0;54.0;33.0;21.0;1.0;1.0;3.0;1.0;1.0;0.0;90.0;3.19;22.0;22.0;26.0;22.0;0
com.google.android.exoplayer.VideoSurfaceView;2.0;2.0;2.0;1.0;8.0;0.0;6.0;1.0;1.0;0.0;0.0;0.0;1.0;4.0;1.0;4.0;4.0;0.0;0.0;1.0;3.0;56.0;7.0;32.0;12.0;17.0;17.0;14.0;23.0;11.0;12.0;4.0;4.0;4.0;1.0;2.0;2.0;62.0;0.53;8.0;8.0;8.0;4.0;0
com.google.android.exoplayer.audio.AudioCapabilities;1.0;1.0;1.0;1.0;8.0;0.0;5.0;2.0;1.0;0.0;0.0;0.0;0.0;6.0;2.0;6.0;6.0;0.0;0.0;0.0;6.0;66.0;8.0;40.0;13.0;18.0;18.0;14.0;24.0;10.0;14.0;3.0;3.0;4.0;3.0;1.0;1.0;16.0;0.45;9.0;9.0;10.0;8.0;0
com.google.android.exoplayer.audio.AudioCapabilitiesReceiver;2.0;2.0;2.0;1.0;9.0;0.0;5.0;4.0;1.0;5.0;0.0;0.0;1.0;3.0;3.0;3.0;3.0;0.0;0.0;0.0;3.0;73.0;14.0;40.0;17.0;15.0;19.0;14.0;24.0;13.0;11.0;2.0;2.0;2.0;1.0;1.0;1.0;25.0;0.47;6.0;6.0;6.0;3.0;0
com.google.android.exoplayer.audio.AudioTrack;3.0;3.0;3.0;1.0;19.0;0.0;14.0;4.0;1.0;9.0;0.0;3.0;18.0;24.0;29.0;27.0;27.0;0.0;11.0;0.0;16.0;889.0;97.0;547.0;154.0;337.0;249.0;266.0;378.0;143.0;235.0;18.0;18.0;23.0;5.0;1.0;4.0;90.0;0.46;89.0;86.0;104.0;31.0;0
com.google.android.exoplayer.chunk.Chunk;1.0;1.0;1.0;1.0;11.0;0.0;4.0;7.0;2.0;4.0;5.0;0.0;12.0;2.0;5.0;2.0;2.0;0.0;0.0;0.0;2.0;102.0;7.0;27.0;20.0;17.0;68.0;23.0;25.0;20.0;5.0;1.0;1.0;1.0;1.0;1.0;0.0;85.0;2.52;2.0;2.0;2.0;2.0;0
com.google.android.exoplayer.chunk.ChunkOperationHolder;0.0;0.0;0.0;0.0;0.0;0.0;0.0;0.0;1.0;1.0;0.0;0.0;0.0;0.0;2.0;0.0;0.0;0.0;0.0;0.0;0.0;17.0;3.0;4.0;3.0;0.0;10.0;2.0;3.0;3.0;0.0;0.0;0.0;0.0;0.0;1.0;0.0;0.0;2.5;0.0;0.0;0.0;0.0;0
com.google.android.exoplayer.chunk.ChunkSampleSource;2.0;2.0;3.0;1.0;14.0;0.0;12.0;1.0;3.0;19.0;0.0;0.0;5.0;36.0;27.0;36.0;36.0;0.0;18.0;2.0;16.0;615.0;67.0;493.0;123.0;316.0;55.0;247.0;339.0;105.0;234.0;12.0;12.0;18.0;9.0;1.0;2.0;86.0;0.11;87.0;87.0;111.0;50.0;0
com.google.android.exoplayer.chunk.Format;1.0;1.0;1.0;1.0;14.0;0.0;7.0;7.0;1.0;1.0;0.0;0.0;0.0;5.0;10.0;5.0;5.0;0.0;0.0;0.0;5.0;153.0;20.0;55.0;25.0;21.0;78.0;28.0;38.0;19.0;19.0;3.0;3.0;4.0;3.0;1.0;1.0;76.0;1.42;7.0;7.0;8.0;7.0;0
com.google.android.exoplayer.chunk.MediaChunk;1.0;1.0;1.0;1.0;19.0;0.0;9.0;10.0;1.0;4.0;4.0;0.0;0.0;1.0;4.0;1.0;3.0;0.0;0.0;0.0;1.0;43.0;3.0;15.0;7.0;6.0;25.0;10.0;12.0;6.0;6.0;1.0;1.0;1.0;1.0;2.0;0.0;0.0;1.67;1.0;1.0;1.0;1.0;0
com.google.android.exoplayer.chunk.Mp4MediaChunk;1.0;1.0;1.0;1.0;10.0;0.0;7.0;2.0;1.0;8.0;0.0;0.0;0.0;9.0;6.0;9.0;12.0;0.0;0.0;0.0;9.0;123.0;12.0;84.0;38.0;40.0;27.0;38.0;54.0;26.0;28.0;5.0;5.0;5.0;1.0;3.0;3.0;68.0;0.32;15.0;15.0;15.0;9.0;0
com.google.android.exoplayer.chunk.MultiTrackChunkSource;1.0;1.0;1.0;1.0;4.0;0.0;3.0;0.0;3.0;6.0;0.0;1.0;1.0;13.0;3.0;14.0;14.0;0.0;1.0;0.0;13.0;99.0;18.0;67.0;31.0;22.0;14.0;24.0;40.0;20.0;20.0;2.0;2.0;2.0;1.0;1.0;1.0;69.0;0.21;15.0;15.0;15.0;14.0;0
com.google.android.exoplayer.chunk.SingleSampleChunkSource;1.0;1.0;1.0;1.0;4.0;0.0;3.0;1.0;2.0;8.0;0.0;0.0;0.0;11.0;6.0;11.0;11.0;0.0;1.0;0.0;10.0;89.0;13.0;55.0;29.0;13.0;21.0;17.0;30.0;18.0;12.0;2.0;2.0;2.0;1.0;1.0;1.0;81.0;0.38;12.0;12.0;12.0;11.0;0
com.google.android.exoplayer.chunk.SingleSampleMediaChunk;1.0;1.0;1.0;1.0;9.0;0.0;7.0;2.0;1.0;9.0;0.0;0.0;0.0;7.0;6.0;7.0;16.0;0.0;0.0;0.0;7.0;100.0;13.0;65.0;26.0;28.0;22.0;26.0;40.0;17.0;23.0;6.0;6.0;6.0;1.0;4.0;3.0;73.0;0.34;12.0;12.0;12.0;7.0;0
com.google.android.exoplayer.chunk.WebmMediaChunk;1.0;1.0;1.0;1.0;5.0;0.0;4.0;1.0;1.0;8.0;0.0;0.0;0.0;8.0;1.0;8.0;11.0;0.0;0.0;0.0;8.0;70.0;10.0;46.0;24.0;17.0;14.0;17.0;27.0;15.0;12.0;2.0;2.0;2.0;1.0;3.0;1.0;37.0;0.3;9.0;9.0;9.0;8.0;0
com.google.android.exoplayer.dash.DashChunkSource;3.0;3.0;3.0;1.0;19.0;0.0;15.0;3.0;2.0;39.0;0.0;4.0;1.0;21.0;26.0;25.0;25.0;2.0;10.0;0.0;13.0;606.0;68.0;442.0;169.0;270.0;98.0;220.0;301.0;132.0;169.0;17.0;17.0;22.0;9.0;1.0;4.0;89.0;0.22;78.0;78.0;93.0;33.0;0
com.google.android.exoplayer.dash.DashMp4ChunkSource;2.0;2.0;2.0;1.0;13.0;0.0;12.0;1.0;2.0;15.0;0.0;0.0;0.0;11.0;11.0;11.0;11.0;0.0;2.0;0.0;9.0;224.0;26.0;183.0;74.0;106.0;15.0;96.0;126.0;54.0;72.0;9.0;9.0;13.0;5.0;1.0;2.0;80.0;0.08;26.0;26.0;30.0;15.0;0
com.google.android.exoplayer.dash.DashWebmChunkSource;2.0;2.0;2.0;1.0;13.0;0.0;12.0;1.0;2.0;16.0;0.0;0.0;0.0;11.0;11.0;11.0;11.0;0.0;2.0;0.0;9.0;217.0;26.0;176.0;71.0;101.0;15.0;91.0;121.0;52.0;69.0;9.0;9.0;13.0;5.0;1.0;2.0;80.0;0.09;26.0;26.0;30.0;15.0;0
com.google.android.exoplayer.dash.mpd.AdaptationSet;1.0;1.0;1.0;1.0;5.0;0.0;5.0;0.0;1.0;0.0;0.0;0.0;4.0;3.0;4.0;3.0;3.0;0.0;0.0;0.0;3.0;38.0;8.0;27.0;13.0;13.0;3.0;15.0;20.0;12.0;8.0;2.0;2.0;2.0;1.0;1.0;1.0;79.0;0.11;4.0;4.0;4.0;3.0;0
com.google.android.exoplayer.dash.mpd.ContentProtection;2.0;2.0;3.0;1.0;11.0;0.0;9.0;1.0;1.0;2.0;0.0;0.0;0.0;3.0;3.0;3.0;3.0;0.0;0.0;0.0;3.0;61.0;9.0;35.0;11.0;18.0;17.0;15.0;23.0;9.0;14.0;3.0;3.0;5.0;3.0;1.0;1.0;0.0;0.49;7.0;7.0;9.0;5.0;0
com.google.android.exoplayer.dash.mpd.MediaPresentationDescription;1.0;1.0;1.0;1.0;12.0;0.0;12.0;0.0;1.0;1.0;0.0;0.0;0.0;1.0;8.0;1.0;1.0;0.0;0.0;0.0;1.0;35.0;10.0;22.0;12.0;8.0;3.0;16.0;18.0;10.0;8.0;1.0;1.0;1.0;1.0;1.0;0.0;0.0;0.14;1.0;1.0;1.0;1.0;0
com.google.android.exoplayer.dash.mpd.MediaPresentationDescriptionFetcher;1.0;1.0;1.0;1.0;7.0;0.0;4.0;2.0;1.0;4.0;0.0;0.0;0.0;3.0;1.0;3.0;21.0;0.0;0.0;1.0;2.0;39.0;5.0;19.0;10.0;5.0;15.0;6.0;10.0;5.0;5.0;1.0;1.0;1.0;1.0;2.0;0.0;0.0;0.79;3.0;3.0;3.0;3.0;0
com.google.android.exoplayer.dash.mpd.MediaPresentationDescriptionParser;3.0;3.0;3.0;1.0;11.0;0.0;10.0;0.0;2.0;22.0;0.0;11.0;1.0;33.0;2.0;44.0;44.0;0.0;1.0;40.0;3.0;689.0;88.0;515.0;184.0;335.0;86.0;237.0;346.0;143.0;203.0;14.0;14.0;14.0;3.0;2.0;3.0;96.0;0.17;136.0;136.0;141.0;48.0;0
com.google.android.exoplayer.dash.mpd.Period;2.0;2.0;2.0;2.0;14.0;0.0;7.0;6.0;1.0;0.0;0.0;0.0;0.0;2.0;4.0;2.0;2.0;0.0;0.0;0.0;2.0;56.0;7.0;21.0;8.0;9.0;28.0;13.0;18.0;9.0;9.0;3.0;3.0;3.0;3.0;1.0;2.0;37.0;1.33;4.0;4.0;4.0;4.0;0
com.google.android.exoplayer.dash.mpd.RangedUri;2.0;2.0;3.0;1.0;12.0;0.0;8.0;4.0;1.0;2.0;0.0;0.0;0.0;6.0;5.0;6.0;6.0;0.0;0.0;0.0;6.0;111.0;11.0;57.0;16.0;32.0;43.0;26.0;39.0;14.0;25.0;6.0;6.0;9.0;4.0;1.0;1.0;43.0;0.75;14.0;14.0;21.0;11.0;0
com.google.android.exoplayer.dash.mpd.Representation;1.0;1.0;1.0;1.0;10.0;0.0;4.0;5.0;2.0;8.0;3.0;1.0;0.0;6.0;7.0;7.0;7.0;0.0;1.0;0.0;6.0;273.0;38.0;122.0;59.0;44.0;113.0;48.0;72.0;38.0;34.0;3.0;3.0;3.0;3.0;1.0;1.0;75.0;0.93;9.0;9.0;9.0;9.0;0
com.google.android.exoplayer.dash.mpd.Segment;1.0;1.0;1.0;1.0;5.0;0.0;5.0;0.0;1.0;0.0;3.0;0.0;0.0;1.0;3.0;1.0;1.0;0.0;0.0;0.0;1.0;64.0;16.0;35.0;16.0;10.0;13.0;16.0;25.0;15.0;10.0;1.0;1.0;1.0;1.0;1.0;0.0;0.0;0.37;1.0;1.0;1.0;1.0;0
com.google.android.exoplayer.dash.mpd.SegmentBase;1.0;1.0;1.0;1.0;10.0;0.0;3.0;6.0;1.0;4.0;2.0;0.0;0.0;3.0;3.0;3.0;3.0;0.0;0.0;0.0;3.0;360.0;42.0;180.0;74.0;85.0;152.0;78.0;115.0;58.0;57.0;1.0;1.0;1.0;1.0;1.0;0.0;33.0;0.84;3.0;3.0;3.0;3.0;0
com.google.android.exoplayer.dash.mpd.SegmentedRepresentation;1.0;1.0;1.0;1.0;4.0;0.0;4.0;0.0;1.0;3.0;0.0;0.0;0.0;3.0;1.0;3.0;10.0;0.0;0.0;0.0;3.0;25.0;5.0;16.0;7.0;5.0;4.0;5.0;9.0;5.0;4.0;1.0;1.0;1.0;1.0;2.0;0.0;0.0;0.25;3.0;3.0;3.0;3.0;0
com.google.android.exoplayer.dash.mpd.UrlTemplate;4.0;4.0;4.0;1.0;29.0;0.0;20.0;9.0;1.0;0.0;0.0;2.0;10.0;2.0;4.0;4.0;4.0;0.0;2.0;0.0;2.0;147.0;8.0;96.0;33.0;72.0;43.0;60.0;80.0;32.0;48.0;11.0;11.0;11.0;1.0;1.0;5.0;60.0;0.45;19.0;19.0;19.0;4.0;0
com.google.android.exoplayer.dash.mpd.UtcTimingElement;1.0;1.0;1.0;1.0;3.0;0.0;3.0;0.0;1.0;0.0;0.0;0.0;0.0;2.0;2.0;2.0;2.0;0.0;0.0;0.0;2.0;19.0;4.0;12.0;6.0;3.0;3.0;5.0;8.0;5.0;3.0;1.0;1.0;1.0;1.0;1.0;0.0;0.0;0.25;2.0;2.0;2.0;2.0;0
com.google.android.exoplayer.demo.DemoUtil;3.0;3.0;3.0;1.0;15.0;0.0;15.0;0.0;1.0;0.0;0.0;3.0;10.0;0.0;0.0;3.0;3.0;0.0;1.0;0.0;2.0;72.0;7.0;62.0;24.0;42.0;3.0;36.0;48.0;23.0;25.0;5.0;5.0;5.0;1.0;1.0;3.0;96.0;0.05;9.0;9.0;9.0;3.0;0
com.google.android.exoplayer.demo.full.FullPlayerActivity;2.0;1.0;2.0;1.0;10.0;0.0;10.0;0.0;7.0;10.0;0.0;0.0;4.0;32.0;22.0;32.0;32.0;0.0;14.0;0.0;18.0;458.0;60.0;382.0;107.0;243.0;16.0;202.0;265.0;88.0;177.0;7.0;5.0;7.0;3.0;2.0;2.0;92.0;0.04;68.0;62.0;73.0;34.0;0
com.google.android.exoplayer.demo.full.player.DashVodRendererBuilder;4.0;4.0;4.0;1.0;29.0;1.0;26.0;1.0;3.0;30.0;0.0;0.0;6.0;5.0;7.0;5.0;5.0;0.0;1.0;0.0;4.0;200.0;22.0;167.0;76.0;115.0;11.0;100.0;123.0;65.0;58.0;14.0;14.0;15.0;4.0;1.0;4.0;70.0;0.07;20.0;20.0;22.0;8.0;0
com.google.android.exoplayer.demo.simple.SimplePlayerActivity;1.0;1.0;1.0;1.0;7.0;0.0;6.0;0.0;4.0;11.0;0.0;0.0;4.0;21.0;13.0;21.0;21.0;0.0;6.0;0.0;15.0;246.0;46.0;181.0;65.0;89.0;20.0;83.0;119.0;49.0;70.0;4.0;3.0;5.0;1.0;2.0;1.0;89.0;0.11;32.0;30.0;34.0;21.0;0
com.google.android.exoplayer.drm.StreamingDrmSessionManager;2.0;2.0;2.0;1.0;13.0;0.0;9.0;3.0;2.0;7.0;0.0;2.0;5.0;18.0;18.0;20.0;20.0;0.0;7.0;0.0;13.0;446.0;51.0;300.0;80.0;164.0;99.0;134.0;196.0;62.0;134.0;5.0;5.0;7.0;4.0;1.0;2.0;85.0;0.33;45.0;45.0;51.0;27.0;0
com.google.android.exoplayer.hls.BitArrayChunk;1.0;1.0;1.0;1.0;7.0;0.0;4.0;2.0;1.0;3.0;0.0;0.0;1.0;7.0;3.0;7.0;10.0;0.0;0.0;1.0;6.0;77.0;11.0;41.0;18.0;16.0;25.0;17.0;26.0;13.0;13.0;2.0;2.0;3.0;1.0;2.0;2.0;67.0;0.61;8.0;8.0;9.0;7.0;0
com.google.android.exoplayer.hls.HlsChunk;1.0;1.0;1.0;1.0;4.0;0.0;2.0;2.0;2.0;3.0;1.0;0.0;0.0;3.0;2.0;3.0;3.0;0.0;0.0;0.0;3.0;27.0;5.0;11.0;6.0;3.0;11.0;7.0;9.0;6.0;3.0;1.0;1.0;1.0;1.0;1.0;0.0;66.0;1.0;3.0;3.0;3.0;3.0;0
com.google.android.exoplayer.hls.HlsChunkOperationHolder;0.0;0.0;0.0;0.0;0.0;0.0;0.0;0.0;1.0;1.0;0.0;0.0;0.0;0.0;2.0;0.0;0.0;0.0;0.0;0.0;0.0;20.0;3.0;4.0;3.0;0.0;13.0;2.0;3.0;3.0;0.0;0.0;0.0;0.0;0.0;1.0;0.0;0.0;3.25;0.0;0.0;0.0;0.0;0
com.google.android.exoplayer.hls.HlsChunkSource;3.0;3.0;4.0;2.0;20.0;0.0;16.0;3.0;1.0;28.0;0.0;2.0;9.0;19.0;23.0;21.0;21.0;2.0;12.0;0.0;7.0;609.0;66.0;416.0;139.0;266.0;136.0;229.0;308.0;132.0;176.0;19.0;19.0;25.0;6.0;1.0;3.0;88.0;0.33;78.0;78.0;93.0;43.0;0
com.google.android.exoplayer.hls.HlsMasterPlaylist;1.0;1.0;1.0;1.0;5.0;0.0;5.0;0.0;1.0;0.0;0.0;0.0;0.0;1.0;2.0;1.0;2.0;0.0;0.0;0.0;1.0;15.0;3.0;9.0;4.0;3.0;3.0;5.0;7.0;4.0;3.0;1.0;1.0;1.0;1.0;2.0;0.0;0.0;0.33;1.0;1.0;1.0;1.0;0
com.google.android.exoplayer.hls.HlsMasterPlaylistParser;4.0;4.0;4.0;2.0;24.0;0.0;24.0;0.0;2.0;3.0;0.0;1.0;7.0;1.0;0.0;2.0;2.0;0.0;1.0;0.0;1.0;70.0;6.0;61.0;29.0;43.0;3.0;34.0;43.0;21.0;22.0;8.0;8.0;8.0;3.0;1.0;3.0;64.0;0.05;9.0;9.0;9.0;4.0;0
com.google.android.exoplayer.hls.HlsMediaPlaylist;2.0;2.0;2.0;1.0;16.0;1.0;15.0;0.0;1.0;2.0;0.0;0.0;2.0;1.0;6.0;1.0;2.0;0.0;0.0;0.0;1.0;68.0;9.0;53.0;27.0;23.0;6.0;36.0;42.0;23.0;19.0;2.0;2.0;2.0;1.0;2.0;1.0;25.0;0.11;2.0;2.0;2.0;1.0;0
com.google.android.exoplayer.hls.HlsMediaPlaylistParser;9.0;9.0;9.0;6.0;44.0;2.0;42.0;0.0;2.0;4.0;0.0;1.0;19.0;1.0;0.0;2.0;2.0;0.0;1.0;0.0;1.0;129.0;11.0;115.0;52.0;89.0;4.0;65.0;84.0;40.0;44.0;18.0;18.0;18.0;12.0;1.0;4.0;52.0;0.03;19.0;19.0;19.0;13.0;0
com.google.android.exoplayer.hls.HlsPlaylist;1.0;1.0;1.0;1.0;4.0;0.0;4.0;0.0;1.0;0.0;2.0;0.0;2.0;1.0;2.0;1.0;1.0;0.0;0.0;1.0;0.0;17.0;4.0;10.0;6.0;4.0;3.0;6.0;8.0;6.0;2.0;1.0;1.0;1.0;1.0;1.0;0.0;50.0;0.3;1.0;1.0;1.0;1.0;0
com.google.android.exoplayer.hls.HlsPlaylistParser;10.0;10.0;12.0;5.0;58.0;1.0;55.0;2.0;2.0;9.0;0.0;2.0;43.0;1.0;0.0;3.0;3.0;0.0;2.0;0.0;1.0;290.0;21.0;261.0;114.0;197.0;9.0;150.0;192.0;93.0;99.0;17.0;17.0;17.0;11.0;1.0;4.0;66.0;0.03;31.0;31.0;38.0;17.0;0
com.google.android.exoplayer.hls.HlsSampleSource;2.0;2.0;3.0;1.0;13.0;0.0;12.0;0.0;3.0;19.0;0.0;0.0;3.0;34.0;31.0;34.0;34.0;0.0;17.0;1.0;16.0;552.0;61.0;461.0;112.0;276.0;30.0;224.0;320.0;97.0;223.0;12.0;12.0;16.0;8.0;1.0;3.0;88.0;0.07;92.0;92.0;114.0;53.0;0
com.google.android.exoplayer.hls.TsChunk;1.0;1.0;2.0;1.0;12.0;0.0;8.0;3.0;1.0;9.0;0.0;1.0;0.0;5.0;4.0;6.0;9.0;0.0;1.0;0.0;5.0;105.0;13.0;62.0;23.0;29.0;30.0;24.0;37.0;15.0;22.0;4.0;4.0;5.0;1.0;3.0;3.0;62.0;0.48;10.0;10.0;12.0;6.0;0
com.google.android.exoplayer.hls.Variant;1.0;1.0;1.0;1.0;4.0;0.0;4.0;0.0;2.0;2.0;0.0;0.0;0.0;2.0;2.0;2.0;2.0;0.0;0.0;0.0;2.0;20.0;4.0;13.0;6.0;4.0;3.0;5.0;8.0;5.0;3.0;1.0;1.0;1.0;1.0;1.0;0.0;25.0;0.23;2.0;2.0;2.0;2.0;0
com.google.android.exoplayer.metadata.Metadata;1.0;1.0;1.0;1.0;4.0;0.0;4.0;0.0;1.0;0.0;0.0;0.0;0.0;1.0;2.0;1.0;1.0;0.0;0.0;0.0;1.0;14.0;3.0;8.0;4.0;2.0;3.0;4.0;6.0;4.0;2.0;1.0;1.0;1.0;1.0;1.0;0.0;0.0;0.38;1.0;1.0;1.0;1.0;0
com.google.android.exoplayer.metadata.TxxxMetadata;1.0;1.0;1.0;1.0;4.0;0.0;4.0;0.0;1.0;0.0;0.0;0.0;1.0;1.0;2.0;1.0;1.0;0.0;0.0;0.0;1.0;17.0;4.0;9.0;5.0;3.0;4.0;5.0;7.0;5.0;2.0;1.0;1.0;1.0;1.0;1.0;0.0;33.0;0.44;1.0;1.0;1.0;1.0;0
com.google.android.exoplayer.parser.ts.BitsArray;1.0;1.0;1.0;1.0;11.0;0.0;6.0;4.0;1.0;2.0;0.0;0.0;0.0;22.0;4.0;22.0;22.0;0.0;2.0;0.0;20.0;292.0;33.0;146.0;38.0;81.0;113.0;71.0;108.0;40.0;68.0;6.0;6.0;6.0;3.0;1.0;3.0;59.0;0.77;36.0;36.0;40.0;26.0;0
com.google.android.exoplayer.parser.webm.DefaultWebmExtractor;5.0;2.0;6.0;1.0;18.0;0.0;15.0;2.0;2.0;6.0;0.0;0.0;30.0;16.0;17.0;16.0;16.0;8.0;3.0;0.0;5.0;430.0;46.0;343.0;105.0;244.0;49.0;168.0;222.0;88.0;134.0;23.0;7.0;23.0;3.0;1.0;2.0;88.0;0.14;80.0;46.0;96.0;20.0;0
com.google.android.exoplayer.smoothstreaming.SmoothStreamingChunkSource;3.0;3.0;3.0;1.0;16.0;0.0;12.0;2.0;2.0;26.0;0.0;4.0;2.0;15.0;17.0;19.0;19.0;0.0;8.0;0.0;11.0;371.0;40.0;276.0;108.0;175.0;55.0;151.0;201.0;86.0;115.0;14.0;14.0;17.0;9.0;1.0;2.0;87.0;0.2;57.0;57.0;64.0;32.0;0
com.google.android.exoplayer.smoothstreaming.SmoothStreamingManifest;3.0;3.0;3.0;1.0;30.0;0.0;14.0;16.0;1.0;4.0;0.0;0.0;0.0;1.0;8.0;1.0;1.0;0.0;0.0;0.0;1.0;227.0;31.0;114.0;57.0;52.0;82.0;73.0;86.0;49.0;37.0;3.0;3.0;3.0;1.0;1.0;0.0;0.0;0.72;3.0;3.0;3.0;1.0;0
com.google.android.exoplayer.smoothstreaming.SmoothStreamingManifestFetcher;1.0;1.0;1.0;1.0;6.0;0.0;4.0;2.0;1.0;4.0;0.0;0.0;0.0;3.0;1.0;3.0;21.0;0.0;0.0;1.0;2.0;38.0;5.0;17.0;8.0;5.0;16.0;6.0;10.0;5.0;5.0;1.0;1.0;1.0;1.0;2.0;0.0;0.0;0.94;3.0;3.0;3.0;3.0;0
com.google.android.exoplayer.smoothstreaming.SmoothStreamingManifestParser;2.0;2.0;2.0;1.0;9.0;0.0;9.0;0.0;2.0;4.0;0.0;0.0;0.0;2.0;1.0;2.0;2.0;0.0;0.0;0.0;2.0;648.0;79.0;508.0;182.0;299.0;61.0;259.0;364.0;164.0;200.0;2.0;2.0;2.0;1.0;1.0;1.0;0.0;0.12;4.0;4.0;4.0;2.0;0
com.google.android.exoplayer.text.CaptionStyleCompat;2.0;2.0;2.0;1.0;12.0;0.0;8.0;4.0;1.0;1.0;0.0;3.0;7.0;1.0;6.0;4.0;4.0;0.0;2.0;0.0;2.0;135.0;18.0;52.0;26.0;28.0;65.0;23.0;29.0;18.0;11.0;6.0;6.0;6.0;1.0;1.0;1.0;76.0;1.25;10.0;10.0;10.0;4.0;0
com.google.android.exoplayer.text.SubtitleView;2.0;2.0;2.0;1.0;13.0;1.0;11.0;1.0;1.0;2.0;0.0;0.0;1.0;15.0;19.0;15.0;15.0;0.0;4.0;2.0;9.0;265.0;41.0;193.0;70.0;127.0;31.0;132.0;162.0;66.0;96.0;9.0;9.0;10.0;3.0;2.0;2.0;84.0;0.16;31.0;31.0;33.0;17.0;0
com.google.android.exoplayer.text.TextTrackRenderer;2.0;2.0;2.0;1.0;10.0;0.0;9.0;1.0;2.0;11.0;0.0;0.0;1.0;19.0;14.0;19.0;41.0;0.0;6.0;11.0;2.0;256.0;30.0;201.0;55.0;112.0;25.0;94.0;137.0;43.0;94.0;15.0;15.0;18.0;6.0;2.0;3.0;81.0;0.12;45.0;45.0;52.0;24.0;0
com.google.android.exoplayer.text.ttml.TtmlParser;6.0;6.0;8.0;1.0;27.0;0.0;23.0;4.0;2.0;6.0;0.0;2.0;9.0;5.0;2.0;7.0;7.0;0.0;3.0;0.0;4.0;248.0;13.0;185.0;50.0;139.0;50.0;84.0;125.0;45.0;80.0;14.0;14.0;16.0;3.0;1.0;7.0;83.0;0.27;43.0;43.0;59.0;9.0;0
com.google.android.exoplayer.text.ttml.TtmlSubtitle;1.0;1.0;1.0;1.0;4.0;0.0;4.0;0.0;2.0;3.0;0.0;0.0;0.0;7.0;3.0;7.0;7.0;0.0;0.0;0.0;7.0;53.0;9.0;41.0;20.0;15.0;3.0;16.0;25.0;14.0;11.0;2.0;2.0;2.0;1.0;1.0;1.0;38.0;0.07;10.0;10.0;10.0;7.0;0
com.google.android.exoplayer.text.webvtt.WebvttParser;5.0;5.0;5.0;1.0;26.0;2.0;21.0;2.0;2.0;6.0;0.0;2.0;15.0;6.0;2.0;8.0;8.0;0.0;2.0;2.0;4.0;270.0;43.0;194.0;57.0;140.0;33.0;100.0;146.0;53.0;93.0;31.0;31.0;33.0;4.0;1.0;5.0;88.0;0.17;44.0;44.0;47.0;11.0;0
com.google.android.exoplayer.text.webvtt.WebvttSubtitle;2.0;2.0;2.0;1.0;12.0;0.0;10.0;1.0;2.0;4.0;0.0;0.0;0.0;7.0;5.0;7.0;7.0;0.0;0.0;0.0;7.0;109.0;13.0;84.0;26.0;48.0;12.0;43.0;62.0;22.0;40.0;10.0;10.0;11.0;1.0;1.0;4.0;62.0;0.14;19.0;19.0;20.0;7.0;0
com.google.android.exoplayer.upstream.BufferPool;1.0;1.0;1.0;1.0;6.0;0.0;5.0;1.0;2.0;1.0;0.0;0.0;1.0;7.0;4.0;7.0;7.0;0.0;0.0;0.0;7.0;74.0;11.0;49.0;20.0;21.0;14.0;22.0;33.0;15.0;18.0;2.0;2.0;2.0;1.0;1.0;1.0;48.0;0.29;11.0;11.0;11.0;7.0;0
com.google.android.exoplayer.upstream.ByteArrayDataSink;1.0;1.0;1.0;1.0;5.0;0.0;4.0;1.0;2.0;3.0;0.0;0.0;0.0;4.0;1.0;4.0;4.0;0.0;0.0;0.0;4.0;38.0;6.0;24.0;9.0;9.0;8.0;8.0;14.0;6.0;8.0;2.0;2.0;2.0;1.0;1.0;1.0;0.0;0.33;6.0;6.0;6.0;4.0;0
com.google.android.exoplayer.upstream.ByteArrayDataSource;1.0;1.0;2.0;1.0;7.0;0.0;6.0;1.0;2.0;3.0;0.0;0.0;0.0;4.0;3.0;4.0;4.0;0.0;0.0;0.0;4.0;47.0;5.0;35.0;11.0;17.0;7.0;16.0;23.0;8.0;15.0;3.0;3.0;4.0;1.0;1.0;1.0;41.0;0.2;7.0;7.0;8.0;4.0;0
com.google.android.exoplayer.upstream.ByteArrayNonBlockingInputStream;1.0;1.0;1.0;1.0;4.0;0.0;4.0;0.0;2.0;1.0;0.0;0.0;0.0;8.0;2.0;8.0;8.0;0.0;1.0;0.0;7.0;62.0;11.0;47.0;20.0;19.0;4.0;19.0;30.0;14.0;16.0;2.0;2.0;2.0;1.0;1.0;1.0;25.0;0.09;10.0;10.0;10.0;8.0;0
com.google.android.exoplayer.upstream.DataSourceInputStream;1.0;1.0;1.0;1.0;6.0;0.0;5.0;1.0;1.0;3.0;0.0;0.0;0.0;8.0;5.0;8.0;8.0;0.0;1.0;0.0;7.0;80.0;11.0;52.0;20.0;23.0;17.0;23.0;35.0;15.0;20.0;2.0;2.0;2.0;1.0;2.0;1.0;70.0;0.33;11.0;11.0;11.0;8.0;0
com.google.android.exoplayer.upstream.DataSourceStream;2.0;2.0;3.0;1.0;14.0;0.0;10.0;3.0;3.0;10.0;0.0;0.0;1.0;19.0;13.0;19.0;19.0;0.0;3.0;0.0;16.0;365.0;47.0;245.0;68.0;140.0;73.0;115.0;169.0;54.0;115.0;17.0;17.0;23.0;3.0;1.0;6.0;79.0;0.3;49.0;49.0;58.0;21.0;0
com.google.android.exoplayer.upstream.DataSpec;1.0;1.0;1.0;1.0;11.0;0.0;4.0;6.0;1.0;2.0;0.0;0.0;1.0;6.0;6.0;6.0;6.0;0.0;0.0;0.0;6.0;122.0;9.0;38.0;16.0;16.0;75.0;21.0;28.0;14.0;14.0;1.0;1.0;2.0;1.0;1.0;0.0;71.0;1.97;6.0;6.0;7.0;6.0;0
com.google.android.exoplayer.upstream.DefaultBandwidthMeter;1.0;1.0;1.0;1.0;6.0;0.0;6.0;0.0;2.0;5.0;0.0;0.0;1.0;10.0;8.0;10.0;10.0;0.0;1.0;0.0;9.0;93.0;14.0;75.0;29.0;35.0;4.0;35.0;51.0;25.0;26.0;4.0;4.0;4.0;1.0;1.0;1.0;78.0;0.05;15.0;15.0;16.0;10.0;0
com.google.android.exoplayer.upstream.FileDataSource;3.0;3.0;3.0;1.0;12.0;0.0;10.0;1.0;2.0;4.0;0.0;0.0;0.0;6.0;5.0;6.0;6.0;0.0;0.0;0.0;6.0;111.0;16.0;81.0;19.0;43.0;14.0;31.0;51.0;15.0;36.0;5.0;5.0;5.0;1.0;1.0;3.0;53.0;0.17;18.0;18.0;18.0;6.0;0
com.google.android.exoplayer.upstream.Loader;1.0;1.0;1.0;1.0;10.0;0.0;4.0;6.0;1.0;5.0;0.0;0.0;3.0;6.0;3.0;6.0;6.0;0.0;0.0;0.0;6.0;228.0;33.0;113.0;37.0;57.0;82.0;56.0;80.0;34.0;46.0;2.0;2.0;2.0;1.0;1.0;1.0;75.0;0.73;7.0;7.0;7.0;6.0;0
com.google.android.exoplayer.upstream.NetworkLock;1.0;1.0;1.0;1.0;10.0;0.0;6.0;4.0;1.0;1.0;0.0;0.0;3.0;6.0;3.0;6.0;6.0;0.0;1.0;0.0;5.0;115.0;15.0;49.0;15.0;22.0;51.0;17.0;33.0;15.0;18.0;2.0;2.0;2.0;1.0;1.0;1.0;61.0;1.04;9.0;9.0;9.0;6.0;0
com.google.android.exoplayer.upstream.PriorityDataSource;1.0;1.0;1.0;1.0;4.0;0.0;3.0;1.0;2.0;3.0;0.0;0.0;0.0;4.0;2.0;4.0;4.0;0.0;0.0;0.0;4.0;37.0;6.0;22.0;10.0;7.0;9.0;9.0;14.0;7.0;7.0;1.0;1.0;1.0;1.0;1.0;0.0;12.0;0.41;4.0;4.0;4.0;4.0;0
com.google.android.exoplayer.upstream.TeeDataSource;1.0;1.0;1.0;1.0;8.0;0.0;6.0;1.0;2.0;4.0;0.0;0.0;0.0;4.0;2.0;4.0;4.0;0.0;0.0;0.0;4.0;49.0;6.0;34.0;12.0;16.0;9.0;13.0;21.0;9.0;12.0;2.0;2.0;3.0;1.0;1.0;1.0;0.0;0.26;6.0;6.0;7.0;4.0;0
com.google.android.exoplayer.upstream.UnexpectedLengthException;1.0;1.0;1.0;1.0;9.0;0.0;5.0;4.0;1.0;0.0;0.0;0.0;0.0;1.0;2.0;1.0;1.0;0.0;0.0;0.0;1.0;26.0;4.0;9.0;4.0;3.0;13.0;5.0;7.0;4.0;3.0;1.0;1.0;1.0;1.0;2.0;0.0;0.0;1.44;1.0;1.0;1.0;1.0;0
com.google.android.exoplayer.upstream.cache.CacheDataSink;2.0;2.0;2.0;1.0;13.0;0.0;11.0;1.0;2.0;6.0;0.0;0.0;0.0;6.0;7.0;6.0;6.0;0.0;2.0;0.0;4.0;112.0;14.0;84.0;23.0;48.0;14.0;40.0;57.0;19.0;38.0;4.0;4.0;4.0;1.0;1.0;3.0;57.0;0.17;13.0;13.0;13.0;6.0;0
com.google.android.exoplayer.upstream.cache.CacheDataSource;3.0;3.0;3.0;1.0;17.0;0.0;13.0;3.0;2.0;10.0;0.0;0.0;1.0;10.0;16.0;10.0;10.0;0.0;4.0;0.0;6.0;222.0;18.0;157.0;44.0;91.0;47.0;79.0;110.0;37.0;73.0;9.0;9.0;9.0;4.0;1.0;3.0;75.0;0.3;30.0;30.0;34.0;13.0;0
com.google.android.exoplayer.upstream.cache.CacheSpan;1.0;1.0;1.0;1.0;6.0;0.0;5.0;1.0;2.0;0.0;0.0;6.0;3.0;4.0;6.0;10.0;10.0;0.0;2.0;0.0;8.0;111.0;13.0;63.0;29.0;28.0;35.0;31.0;44.0;24.0;20.0;4.0;4.0;4.0;1.0;1.0;1.0;84.0;0.56;14.0;14.0;14.0;10.0;0
com.google.android.exoplayer.upstream.cache.LeastRecentlyUsedCacheEvictor;1.0;1.0;1.0;1.0;4.0;0.0;4.0;0.0;3.0;2.0;0.0;0.0;0.0;7.0;3.0;7.0;7.0;0.0;1.0;0.0;6.0;56.0;10.0;42.0;17.0;16.0;4.0;17.0;27.0;12.0;15.0;3.0;3.0;3.0;1.0;1.0;1.0;57.0;0.1;10.0;10.0;10.0;7.0;0
com.google.android.exoplayer.upstream.cache.NoOpCacheEvictor;1.0;1.0;1.0;1.0;3.0;0.0;2.0;1.0;2.0;2.0;0.0;0.0;0.0;4.0;0.0;4.0;4.0;0.0;0.0;0.0;4.0;29.0;5.0;14.0;9.0;0.0;10.0;0.0;5.0;5.0;0.0;1.0;1.0;1.0;1.0;1.0;0.0;0.0;0.71;4.0;4.0;4.0;4.0;0
com.google.android.exoplayer.upstream.cache.SimpleCache;2.0;2.0;3.0;1.0;14.0;0.0;11.0;2.0;2.0;4.0;0.0;0.0;0.0;21.0;6.0;21.0;21.0;0.0;8.0;0.0;13.0;350.0;26.0;268.0;77.0;167.0;56.0;131.0;192.0;69.0;123.0;7.0;7.0;8.0;7.0;1.0;4.0;74.0;0.21;60.0;60.0;63.0;36.0;0
com.google.android.exoplayer.util.Assertions;1.0;1.0;2.0;1.0;11.0;0.0;5.0;6.0;1.0;1.0;0.0;9.0;0.0;1.0;0.0;10.0;10.0;0.0;1.0;0.0;9.0;133.0;11.0;52.0;11.0;22.0;70.0;13.0;33.0;11.0;22.0;2.0;2.0;3.0;1.0;1.0;1.0;0.0;1.35;19.0;19.0;28.0;10.0;0
com.google.android.exoplayer.util.BitArray;1.0;1.0;1.0;1.0;10.0;0.0;6.0;4.0;1.0;2.0;0.0;0.0;0.0;27.0;4.0;27.0;27.0;0.0;3.0;0.0;24.0;340.0;38.0;169.0;45.0;93.0;133.0;82.0;125.0;47.0;78.0;6.0;6.0;7.0;3.0;1.0;3.0;62.0;0.79;44.0;44.0;49.0;31.0;0
com.google.android.exoplayer.util.CodecSpecificDataUtil;4.0;2.0;4.0;1.0;20.0;0.0;13.0;6.0;1.0;1.0;0.0;10.0;4.0;1.0;0.0;11.0;11.0;0.0;5.0;0.0;6.0;252.0;16.0;161.0;41.0;119.0;76.0;85.0;111.0;40.0;71.0;17.0;5.0;17.0;4.0;1.0;2.0;81.0;0.47;49.0;28.0;52.0;16.0;0
com.google.android.exoplayer.util.LongArray;1.0;1.0;1.0;1.0;8.0;0.0;4.0;4.0;1.0;0.0;0.0;0.0;1.0;5.0;2.0;5.0;5.0;0.0;0.0;0.0;5.0;58.0;8.0;26.0;9.0;10.0;24.0;10.0;18.0;9.0;9.0;2.0;2.0;3.0;1.0;1.0;1.0;53.0;0.92;7.0;7.0;8.0;5.0;0
com.google.android.exoplayer.util.MimeTypes;1.0;1.0;1.0;1.0;10.0;0.0;3.0;6.0;1.0;1.0;0.0;8.0;26.0;1.0;0.0;9.0;9.0;0.0;1.0;0.0;8.0;138.0;18.0;63.0;37.0;41.0;57.0;38.0;51.0;37.0;14.0;4.0;4.0;4.0;3.0;1.0;1.0;96.0;0.9;13.0;13.0;14.0;11.0;0
com.google.android.exoplayer.util.PlayerControl;1.0;1.0;1.0;1.0;4.0;0.0;3.0;0.0;2.0;1.0;0.0;0.0;0.0;12.0;1.0;12.0;12.0;0.0;0.0;0.0;12.0;84.0;14.0;54.0;27.0;16.0;16.0;14.0;27.0;15.0;12.0;2.0;2.0;2.0;1.0;1.0;0.0;33.0;0.3;15.0;15.0;15.0;12.0;0
com.google.android.exoplayer.util.PriorityHandlerThread;1.0;1.0;1.0;1.0;6.0;0.0;4.0;2.0;1.0;0.0;0.0;0.0;0.0;2.0;1.0;2.0;2.0;0.0;0.0;0.0;2.0;23.0;4.0;12.0;5.0;4.0;7.0;5.0;8.0;4.0;4.0;1.0;1.0;1.0;1.0;2.0;0.0;0.0;0.58;2.0;2.0;2.0;2.0;0
com.google.android.exoplayer.util.SlidingPercentile;2.0;2.0;2.0;1.0;15.0;0.0;11.0;4.0;1.0;1.0;0.0;0.0;6.0;5.0;7.0;5.0;5.0;0.0;2.0;0.0;3.0;136.0;18.0;85.0;32.0;50.0;33.0;49.0;65.0;32.0;33.0;5.0;5.0;5.0;3.0;1.0;3.0;64.0;0.39;14.0;14.0;14.0;7.0;0
com.google.android.exoplayer.util.SystemClock;1.0;1.0;1.0;1.0;3.0;0.0;3.0;0.0;2.0;0.0;0.0;0.0;0.0;1.0;0.0;1.0;1.0;0.0;0.0;0.0;1.0;11.0;2.0;6.0;3.0;1.0;3.0;1.0;3.0;2.0;1.0;1.0;1.0;1.0;1.0;1.0;0.0;0.0;0.5;1.0;1.0;1.0;1.0;0
com.google.android.exoplayer.util.TraceUtil;1.0;1.0;2.0;1.0;6.0;0.0;4.0;2.0;1.0;2.0;0.0;4.0;0.0;0.0;0.0;4.0;4.0;0.0;2.0;0.0;2.0;38.0;5.0;20.0;7.0;6.0;13.0;4.0;11.0;5.0;6.0;2.0;2.0;3.0;1.0;1.0;1.0;0.0;0.65;6.0;6.0;8.0;4.0;0
com.google.android.exoplayer.util.VerboseLogUtil;1.0;1.0;2.0;1.0;10.0;0.0;5.0;4.0;1.0;0.0;0.0;4.0;2.0;1.0;0.0;5.0;5.0;0.0;1.0;0.0;4.0;66.0;8.0;31.0;9.0;13.0;27.0;13.0;23.0;10.0;13.0;5.0;5.0;6.0;5.0;1.0;2.0;40.0;0.87;9.0;9.0;10.0;9.0;0