DY
290
43
AvgCyclomatic;AvgCyclomaticModified;AvgCyclomaticStrict;AvgEssential;AvgLine;AvgLineBlank;AvgLineCode;AvgLineComment;CountClassBase;CountClassCoupled;CountClassDerived;CountDeclClassMethod;CountDeclClassVariable;CountDeclInstanceMethod;CountDeclInstanceVariable;CountDeclMethod;CountDeclMethodAll;CountDeclMethodDefault;CountDeclMethodPrivate;CountDeclMethodProtected;CountDeclMethodPublic;CountLine;CountLineBlank;CountLineCode;CountLineCodeDecl;CountLineCodeExe;CountLineComment;CountSemicolon;CountStmt;CountStmtDecl;CountStmtExe;MaxCyclomatic;MaxCyclomaticModified;MaxCyclomaticStrict;MaxEssential;MaxInheritanceTree;MaxNesting;PercentLackOfCohesion;RatioCommentToCode;SumCyclomatic;SumCyclomaticModified;SumCyclomaticStrict;SumEssential
org.apache.jmeter.JMeter;3.0;3.0;3.0;1.0;31.0;0.0;27.0;3.0;2.0;36.0;0.0;1.0;17.0;14.0;0.0;15.0;15.0;0.0;8.0;0.0;7.0;664.0;34.0;559.0;93.0;363.0;83.0;170.0;228.0;75.0;153.0;9.0;8.0;9.0;3.0;1.0;3.0;90.0;0.15;51.0;49.0;55.0;17.0;0
org.apache.jmeter.NewDriver;1.0;1.0;1.0;1.0;15.0;0.0;10.0;4.0;1.0;0.0;0.0;2.0;2.0;1.0;8.0;3.0;3.0;0.0;1.0;0.0;2.0;149.0;14.0;109.0;24.0;59.0;30.0;38.0;54.0;23.0;31.0;3.0;3.0;3.0;1.0;1.0;1.0;90.0;0.28;5.0;5.0;5.0;3.0;0
org.apache.jmeter.ProxyAuthenticator;1.0;1.0;1.0;1.0;11.0;0.0;4.0;6.0;1.0;0.0;0.0;0.0;0.0;2.0;2.0;2.0;2.0;0.0;0.0;1.0;1.0;39.0;3.0;14.0;5.0;3.0;22.0;5.0;8.0;5.0;3.0;1.0;1.0;1.0;1.0;2.0;0.0;0.0;1.57;2.0;2.0;2.0;2.0;0
org.apache.jmeter.assertions.AssertionResult;1.0;1.0;1.0;1.0;9.0;0.0;3.0;5.0;2.0;0.0;0.0;0.0;0.0;7.0;3.0;7.0;7.0;0.0;0.0;0.0;7.0;88.0;9.0;33.0;11.0;6.0;46.0;9.0;17.0;11.0;6.0;1.0;1.0;1.0;1.0;1.0;0.0;71.0;1.39;7.0;7.0;7.0;7.0;0
org.apache.jmeter.assertions.DurationAssertion;2.0;2.0;2.0;1.0;19.0;0.0;12.0;7.0;3.0;4.0;0.0;0.0;1.0;3.0;0.0;3.0;43.0;0.0;0.0;0.0;3.0;75.0;2.0;43.0;12.0;20.0;30.0;12.0;19.0;8.0;11.0;3.0;3.0;3.0;1.0;2.0;1.0;33.0;0.7;6.0;6.0;7.0;3.0;0
org.apache.jmeter.assertions.ResponseAssertion;1.0;1.0;1.0;1.0;11.0;0.0;8.0;3.0;3.0;9.0;0.0;0.0;13.0;26.0;0.0;26.0;66.0;0.0;2.0;1.0;23.0;405.0;14.0;307.0;72.0;143.0;92.0;119.0;175.0;70.0;105.0;13.0;13.0;13.0;5.0;2.0;3.0;90.0;0.3;46.0;43.0;46.0;30.0;0
org.apache.jmeter.assertions.SizeAssertion;2.0;1.0;2.0;1.0;20.0;0.0;15.0;5.0;3.0;5.0;0.0;0.0;8.0;7.0;2.0;7.0;47.0;0.0;1.0;1.0;5.0;176.0;10.0;121.0;30.0;79.0;45.0;51.0;64.0;24.0;40.0;7.0;3.0;7.0;1.0;2.0;1.0;81.0;0.37;17.0;12.0;18.0;7.0;0
org.apache.jmeter.assertions.gui.AbstractAssertionGui;1.0;1.0;1.0;1.0;14.0;0.0;4.0;10.0;1.0;1.0;7.0;0.0;0.0;2.0;0.0;2.0;21.0;0.0;0.0;0.0;2.0;31.0;1.0;10.0;3.0;2.0;20.0;2.0;5.0;3.0;2.0;1.0;1.0;1.0;1.0;3.0;0.0;0.0;2.0;2.0;2.0;2.0;2.0;0
org.apache.jmeter.assertions.gui.AssertionGui;2.0;2.0;2.0;1.0;27.0;3.0;21.0;3.0;1.0;12.0;0.0;0.0;1.0;10.0;12.0;10.0;31.0;0.0;5.0;0.0;5.0;389.0;54.0;255.0;43.0;151.0;81.0;123.0;154.0;43.0;111.0;8.0;8.0;8.0;1.0;4.0;2.0;76.0;0.32;24.0;24.0;24.0;10.0;0
org.apache.jmeter.assertions.gui.DurationAssertionGui;1.0;1.0;1.0;1.0;11.0;0.0;10.0;0.0;2.0;5.0;0.0;0.0;1.0;9.0;1.0;9.0;30.0;0.0;1.0;0.0;8.0;121.0;16.0;97.0;23.0;50.0;8.0;36.0;51.0;21.0;30.0;5.0;5.0;5.0;1.0;4.0;3.0;72.0;0.08;14.0;14.0;14.0;9.0;0
org.apache.jmeter.assertions.gui.SizeAssertionGui;1.0;1.0;1.0;1.0;13.0;0.0;12.0;0.0;3.0;5.0;0.0;0.0;1.0;14.0;8.0;14.0;35.0;0.0;3.0;0.0;11.0;226.0;23.0;188.0;43.0;103.0;16.0;78.0;104.0;32.0;72.0;7.0;7.0;7.0;1.0;4.0;3.0;83.0;0.09;25.0;25.0;25.0;14.0;0
org.apache.jmeter.config.Argument;1.0;1.0;1.0;1.0;8.0;0.0;4.0;4.0;2.0;1.0;1.0;0.0;3.0;10.0;0.0;10.0;50.0;0.0;0.0;0.0;10.0;118.0;12.0;48.0;14.0;15.0;58.0;15.0;26.0;14.0;12.0;1.0;1.0;1.0;1.0;2.0;0.0;63.0;1.21;10.0;10.0;10.0;10.0;0
org.apache.jmeter.config.Arguments;1.0;1.0;1.0;1.0;12.0;0.0;7.0;5.0;2.0;5.0;0.0;0.0;1.0;17.0;0.0;17.0;59.0;0.0;0.0;0.0;17.0;243.0;19.0;128.0;32.0;49.0;96.0;37.0;67.0;31.0;36.0;4.0;4.0;4.0;1.0;3.0;2.0;76.0;0.75;29.0;29.0;29.0;17.0;0
org.apache.jmeter.config.ConfigTestElement;1.0;1.0;1.0;1.0;5.0;0.0;5.0;0.0;2.0;0.0;12.0;0.0;2.0;2.0;0.0;2.0;42.0;0.0;0.0;0.0;2.0;23.0;2.0;17.0;7.0;4.0;4.0;3.0;7.0;5.0;2.0;2.0;2.0;2.0;1.0;2.0;1.0;100.0;0.24;3.0;3.0;3.0;2.0;0
org.apache.jmeter.config.ExtensionsFileFilter;1.0;1.0;1.0;1.0;12.0;0.0;6.0;5.0;1.0;0.0;0.0;0.0;0.0;7.0;2.0;7.0;7.0;0.0;1.0;0.0;6.0;121.0;9.0;49.0;12.0;17.0;63.0;13.0;24.0;12.0;12.0;3.0;3.0;3.0;3.0;2.0;1.0;64.0;1.29;10.0;10.0;11.0;9.0;0
org.apache.jmeter.config.LoginConfig;1.0;1.0;1.0;1.0;7.0;0.0;3.0;3.0;2.0;1.0;1.0;0.0;0.0;6.0;0.0;6.0;48.0;0.0;0.0;0.0;6.0;55.0;5.0;26.0;7.0;5.0;24.0;5.0;12.0;7.0;5.0;1.0;1.0;1.0;1.0;3.0;0.0;0.0;0.92;6.0;6.0;6.0;6.0;0
org.apache.jmeter.config.gui.AbstractConfigGui;1.0;1.0;1.0;1.0;14.0;0.0;4.0;10.0;1.0;1.0;14.0;0.0;0.0;2.0;0.0;2.0;21.0;0.0;0.0;0.0;2.0;32.0;1.0;11.0;3.0;2.0;20.0;2.0;5.0;3.0;2.0;1.0;1.0;1.0;1.0;3.0;0.0;0.0;1.82;2.0;2.0;2.0;2.0;0
org.apache.jmeter.config.gui.AbstractModifierGui;1.0;1.0;1.0;1.0;4.0;0.0;4.0;0.0;1.0;1.0;0.0;0.0;0.0;2.0;0.0;2.0;21.0;0.0;0.0;0.0;2.0;13.0;3.0;10.0;3.0;2.0;0.0;2.0;5.0;3.0;2.0;1.0;1.0;1.0;1.0;3.0;0.0;0.0;0.0;2.0;2.0;2.0;2.0;0
org.apache.jmeter.config.gui.AbstractResponseBasedModifierGui;1.0;1.0;1.0;1.0;4.0;0.0;4.0;0.0;1.0;1.0;0.0;0.0;0.0;2.0;0.0;2.0;21.0;0.0;0.0;0.0;2.0;12.0;2.0;10.0;3.0;2.0;0.0;2.0;5.0;3.0;2.0;1.0;1.0;1.0;1.0;3.0;0.0;0.0;0.0;2.0;2.0;2.0;2.0;0
org.apache.jmeter.config.gui.ArgumentsPanel;1.0;1.0;1.0;1.0;14.0;0.0;9.0;4.0;2.0;8.0;1.0;0.0;4.0;24.0;6.0;24.0;45.0;0.0;3.0;12.0;9.0;463.0;53.0;268.0;58.0;140.0;142.0;106.0;149.0;54.0;95.0;5.0;5.0;5.0;1.0;4.0;3.0;85.0;0.53;39.0;39.0;39.0;24.0;0
org.apache.jmeter.config.gui.LoginConfigGui;1.0;1.0;1.0;1.0;11.0;0.0;7.0;3.0;1.0;5.0;0.0;0.0;0.0;9.0;3.0;9.0;30.0;0.0;3.0;0.0;6.0;135.0;14.0;73.0;20.0;41.0;48.0;36.0;47.0;20.0;27.0;2.0;2.0;2.0;1.0;4.0;1.0;70.0;0.66;10.0;10.0;10.0;9.0;0
org.apache.jmeter.control.GenericController;1.0;1.0;1.0;1.0;8.0;0.0;7.0;0.0;3.0;5.0;13.0;0.0;1.0;26.0;6.0;26.0;66.0;0.0;1.0;18.0;7.0;305.0;30.0;250.0;56.0;112.0;25.0;91.0;136.0;53.0;83.0;5.0;5.0;5.0;1.0;2.0;3.0;87.0;0.1;39.0;39.0;40.0;26.0;0
org.apache.jmeter.control.InterleaveControl;1.0;1.0;1.0;1.0;9.0;0.0;8.0;1.0;2.0;3.0;1.0;0.0;3.0;13.0;4.0;13.0;79.0;0.0;0.0;8.0;5.0;452.0;22.0;384.0;76.0;264.0;46.0;173.0;216.0;73.0;143.0;3.0;3.0;4.0;1.0;3.0;2.0;79.0;0.12;21.0;21.0;22.0;13.0;0
org.apache.jmeter.control.LoopController;1.0;1.0;1.0;1.0;6.0;0.0;6.0;0.0;2.0;6.0;0.0;0.0;2.0;14.0;1.0;14.0;80.0;0.0;1.0;5.0;8.0;215.0;21.0;170.0;35.0;87.0;24.0;63.0;90.0;35.0;55.0;3.0;3.0;3.0;1.0;3.0;2.0;76.0;0.14;18.0;18.0;19.0;14.0;0
org.apache.jmeter.control.ModifyController;1.0;1.0;1.0;1.0;11.0;0.0;6.0;4.0;3.0;5.0;0.0;0.0;0.0;5.0;2.0;5.0;71.0;0.0;0.0;1.0;4.0;74.0;5.0;38.0;11.0;11.0;31.0;8.0;18.0;10.0;8.0;5.0;5.0;5.0;1.0;3.0;3.0;80.0;0.82;9.0;9.0;9.0;5.0;0
org.apache.jmeter.control.NoEntryException;1.0;1.0;1.0;1.0;3.0;0.0;3.0;0.0;1.0;0.0;0.0;0.0;0.0;1.0;0.0;1.0;1.0;0.0;0.0;0.0;1.0;5.0;0.0;5.0;2.0;0.0;0.0;0.0;2.0;2.0;0.0;1.0;1.0;1.0;1.0;2.0;0.0;0.0;0.0;1.0;1.0;1.0;1.0;0
org.apache.jmeter.control.OnceOnlyController;1.0;1.0;1.0;1.0;6.0;0.0;4.0;2.0;3.0;3.0;0.0;0.0;0.0;3.0;0.0;3.0;69.0;0.0;0.0;1.0;2.0;165.0;7.0;151.0;28.0;101.0;7.0;60.0;77.0;26.0;51.0;2.0;2.0;2.0;1.0;3.0;1.0;0.0;0.05;4.0;4.0;4.0;3.0;0
org.apache.jmeter.control.RandomController;1.0;1.0;1.0;1.0;8.0;0.0;6.0;2.0;2.0;0.0;0.0;0.0;1.0;3.0;0.0;3.0;82.0;0.0;0.0;2.0;1.0;37.0;4.0;23.0;5.0;7.0;10.0;5.0;10.0;5.0;5.0;2.0;2.0;2.0;1.0;4.0;1.0;33.0;0.43;4.0;4.0;4.0;3.0;0
org.apache.jmeter.control.gui.AbstractControllerGui;1.0;1.0;1.0;1.0;14.0;0.0;4.0;10.0;1.0;1.0;12.0;0.0;0.0;2.0;0.0;2.0;21.0;0.0;0.0;0.0;2.0;32.0;1.0;11.0;3.0;2.0;20.0;2.0;5.0;3.0;2.0;1.0;1.0;1.0;1.0;3.0;0.0;0.0;1.82;2.0;2.0;2.0;2.0;0
org.apache.jmeter.control.gui.InterleaveControlGui;1.0;1.0;1.0;1.0;9.0;0.0;8.0;0.0;1.0;4.0;0.0;0.0;0.0;6.0;1.0;6.0;27.0;0.0;1.0;0.0;5.0;70.0;8.0;55.0;9.0;25.0;7.0;17.0;26.0;9.0;17.0;2.0;2.0;2.0;1.0;4.0;1.0;50.0;0.13;8.0;8.0;8.0;6.0;0
org.apache.jmeter.control.gui.LogicControllerGui;1.0;1.0;1.0;1.0;6.0;0.0;4.0;1.0;1.0;2.0;3.0;0.0;0.0;5.0;0.0;5.0;26.0;0.0;1.0;0.0;4.0;40.0;5.0;27.0;7.0;9.0;8.0;9.0;15.0;7.0;8.0;1.0;1.0;1.0;1.0;4.0;0.0;0.0;0.3;5.0;5.0;5.0;5.0;0
org.apache.jmeter.control.gui.LoopControlPanel;1.0;1.0;1.0;1.0;18.0;0.0;11.0;5.0;2.0;4.0;0.0;0.0;2.0;11.0;3.0;11.0;32.0;0.0;4.0;0.0;7.0;249.0;25.0;139.0;25.0;72.0;85.0;56.0;75.0;22.0;53.0;3.0;3.0;3.0;1.0;4.0;2.0;76.0;0.61;18.0;18.0;18.0;11.0;0
org.apache.jmeter.control.gui.ModifyControllerGui;1.0;1.0;1.0;1.0;12.0;0.0;7.0;4.0;1.0;6.0;0.0;0.0;0.0;8.0;1.0;8.0;29.0;0.0;1.0;0.0;7.0;116.0;12.0;61.0;17.0;33.0;43.0;30.0;39.0;17.0;22.0;1.0;1.0;1.0;1.0;4.0;0.0;100.0;0.7;8.0;8.0;8.0;8.0;0
org.apache.jmeter.control.gui.OnceOnlyControllerGui;1.0;1.0;1.0;1.0;5.0;0.0;5.0;0.0;1.0;3.0;0.0;0.0;0.0;5.0;0.0;5.0;26.0;0.0;1.0;0.0;4.0;36.0;4.0;28.0;7.0;10.0;4.0;9.0;15.0;7.0;8.0;1.0;1.0;1.0;1.0;4.0;0.0;0.0;0.14;5.0;5.0;5.0;5.0;0
org.apache.jmeter.control.gui.RandomControlGui;1.0;1.0;1.0;1.0;9.0;0.0;8.0;0.0;1.0;5.0;0.0;0.0;0.0;6.0;1.0;6.0;27.0;0.0;1.0;0.0;5.0;69.0;7.0;55.0;9.0;25.0;7.0;17.0;26.0;9.0;17.0;2.0;2.0;2.0;1.0;4.0;1.0;50.0;0.13;8.0;8.0;8.0;6.0;0
org.apache.jmeter.control.gui.TestPlanGui;1.0;1.0;1.0;1.0;15.0;0.0;10.0;3.0;1.0;10.0;0.0;0.0;0.0;10.0;4.0;10.0;29.0;0.0;3.0;0.0;7.0;184.0;20.0;111.0;24.0;70.0;53.0;56.0;69.0;23.0;46.0;2.0;2.0;2.0;1.0;3.0;1.0;70.0;0.48;12.0;12.0;12.0;10.0;0
org.apache.jmeter.control.gui.WorkBenchGui;1.0;1.0;1.0;1.0;10.0;0.0;6.0;4.0;1.0;5.0;0.0;0.0;0.0;8.0;0.0;8.0;27.0;0.0;1.0;0.0;7.0;96.0;8.0;53.0;13.0;25.0;35.0;18.0;27.0;12.0;15.0;1.0;1.0;1.0;1.0;3.0;0.0;0.0;0.66;8.0;8.0;8.0;8.0;0
org.apache.jmeter.ejb.jndi.config.JndiConfig;1.0;1.0;1.0;1.0;5.0;0.0;5.0;0.0;2.0;3.0;0.0;0.0;17.0;9.0;1.0;9.0;9.0;0.0;0.0;0.0;9.0;110.0;12.0;91.0;46.0;53.0;7.0;35.0;48.0;30.0;18.0;2.0;2.0;2.0;1.0;2.0;1.0;96.0;0.08;12.0;12.0;12.0;9.0;0
org.apache.jmeter.ejb.jndi.config.LookupConfig;1.0;1.0;1.0;1.0;5.0;0.0;5.0;0.0;2.0;3.0;0.0;0.0;2.0;7.0;0.0;7.0;7.0;0.0;0.0;0.0;7.0;58.0;8.0;43.0;13.0;15.0;7.0;12.0;22.0;12.0;10.0;2.0;2.0;2.0;1.0;2.0;1.0;71.0;0.16;9.0;9.0;9.0;7.0;0
org.apache.jmeter.ejb.jndi.config.MethodConfig;1.0;1.0;1.0;1.0;5.0;0.0;5.0;0.0;2.0;3.0;0.0;0.0;18.0;31.0;4.0;31.0;31.0;0.0;0.0;0.0;31.0;264.0;34.0;203.0;73.0;79.0;27.0;69.0;109.0;63.0;46.0;2.0;2.0;2.0;1.0;2.0;1.0;95.0;0.13;39.0;39.0;39.0;31.0;0
org.apache.jmeter.ejb.jndi.config.MethodConfigUserObject;4.0;4.0;4.0;1.0;19.0;0.0;19.0;0.0;1.0;1.0;0.0;0.0;10.0;4.0;2.0;4.0;4.0;0.0;0.0;0.0;4.0;111.0;6.0;94.0;20.0;50.0;11.0;32.0;49.0;18.0;31.0;13.0;13.0;14.0;1.0;1.0;3.0;68.0;0.12;16.0;16.0;17.0;4.0;0
org.apache.jmeter.ejb.jndi.config.MethodConfigUserObjectException;1.0;1.0;1.0;1.0;4.0;0.0;4.0;0.0;1.0;0.0;0.0;0.0;1.0;1.0;0.0;1.0;1.0;0.0;0.0;0.0;1.0;18.0;1.0;9.0;4.0;3.0;8.0;2.0;4.0;3.0;1.0;1.0;1.0;1.0;1.0;2.0;0.0;100.0;0.89;1.0;1.0;1.0;1.0;0
org.apache.jmeter.ejb.jndi.config.gui.JndiConfigGui;2.0;2.0;2.0;1.0;12.0;0.0;11.0;0.0;3.0;3.0;0.0;0.0;1.0;9.0;4.0;9.0;9.0;0.0;0.0;2.0;7.0;138.0;18.0;111.0;24.0;57.0;9.0;54.0;73.0;26.0;47.0;5.0;5.0;5.0;3.0;2.0;2.0;73.0;0.08;18.0;18.0;18.0;11.0;0
org.apache.jmeter.ejb.jndi.config.gui.LookupConfigGui;1.0;1.0;1.0;1.0;11.0;0.0;9.0;0.0;3.0;3.0;0.0;0.0;1.0;9.0;4.0;9.0;9.0;0.0;0.0;2.0;7.0;126.0;19.0;96.0;27.0;53.0;11.0;48.0;61.0;24.0;37.0;2.0;2.0;2.0;1.0;2.0;1.0;64.0;0.11;12.0;12.0;12.0;9.0;0
org.apache.jmeter.ejb.jndi.config.gui.MethodConfigDialog;1.0;1.0;1.0;1.0;52.0;2.0;48.0;2.0;1.0;1.0;0.0;0.0;1.0;2.0;4.0;2.0;2.0;0.0;0.0;0.0;2.0;124.0;7.0;106.0;16.0;67.0;11.0;42.0;53.0;17.0;36.0;1.0;1.0;1.0;1.0;2.0;0.0;60.0;0.1;2.0;2.0;2.0;2.0;0
org.apache.jmeter.ejb.jndi.config.gui.MethodConfigGui;3.0;3.0;3.0;1.0;35.0;0.0;28.0;6.0;4.0;6.0;0.0;0.0;4.0;22.0;20.0;22.0;22.0;0.0;0.0;13.0;9.0;817.0;0.0;659.0;142.0;412.0;158.0;360.0;445.0;139.0;306.0;17.0;17.0;21.0;1.0;2.0;4.0;85.0;0.24;68.0;68.0;73.0;22.0;0
org.apache.jmeter.ejb.jndi.control.JndiTestSample;1.0;1.0;1.0;1.0;6.0;0.0;5.0;0.0;2.0;7.0;0.0;0.0;2.0;10.0;1.0;10.0;10.0;0.0;0.0;1.0;9.0;89.0;12.0;64.0;18.0;26.0;13.0;26.0;38.0;16.0;22.0;2.0;2.0;2.0;1.0;2.0;1.0;73.0;0.2;11.0;11.0;11.0;10.0;0
org.apache.jmeter.ejb.jndi.control.gui.JndiTestSampleGui;1.0;1.0;1.0;1.0;8.0;1.0;6.0;0.0;2.0;3.0;0.0;0.0;0.0;4.0;3.0;4.0;4.0;0.0;0.0;1.0;3.0;52.0;10.0;33.0;10.0;15.0;9.0;17.0;22.0;10.0;12.0;1.0;1.0;1.0;1.0;2.0;0.0;58.0;0.27;4.0;4.0;4.0;4.0;0
org.apache.jmeter.ejb.jndi.sampler.JNDISampler;11.0;11.0;15.0;1.0;116.0;1.0;89.0;25.0;2.0;3.0;0.0;0.0;3.0;4.0;0.0;4.0;4.0;0.0;0.0;2.0;2.0;483.0;13.0;362.0;73.0;253.0;108.0;201.0;242.0;74.0;168.0;34.0;34.0;50.0;3.0;1.0;5.0;75.0;0.3;44.0;44.0;60.0;6.0;0
org.apache.jmeter.engine.ClientJMeterEngine;1.0;1.0;1.0;1.0;9.0;0.0;8.0;0.0;3.0;7.0;0.0;0.0;1.0;10.0;5.0;10.0;10.0;0.0;0.0;1.0;9.0;121.0;12.0;98.0;18.0;39.0;12.0;35.0;51.0;17.0;34.0;3.0;3.0;3.0;1.0;1.0;1.0;70.0;0.12;15.0;15.0;15.0;10.0;0
org.apache.jmeter.engine.ConvertListeners;3.0;3.0;4.0;1.0;18.0;0.0;18.0;0.0;2.0;11.0;0.0;0.0;1.0;3.0;0.0;3.0;3.0;0.0;0.0;0.0;3.0;76.0;4.0;60.0;15.0;26.0;12.0;13.0;24.0;11.0;13.0;8.0;8.0;11.0;1.0;1.0;4.0;66.0;0.2;10.0;10.0;13.0;3.0;0
org.apache.jmeter.engine.JMeterEngineException;1.0;1.0;1.0;1.0;4.0;0.0;4.0;0.0;2.0;0.0;0.0;0.0;0.0;2.0;0.0;2.0;2.0;0.0;0.0;0.0;2.0;12.0;1.0;11.0;3.0;2.0;0.0;2.0;5.0;3.0;2.0;1.0;1.0;1.0;1.0;2.0;0.0;0.0;0.0;2.0;2.0;2.0;2.0;0
org.apache.jmeter.engine.LagDetector;1.0;1.0;1.0;1.0;10.0;0.0;7.0;3.0;1.0;0.0;0.0;0.0;2.0;5.0;4.0;5.0;5.0;0.0;0.0;0.0;5.0;72.0;6.0;45.0;13.0;17.0;21.0;18.0;26.0;13.0;13.0;3.0;3.0;3.0;1.0;2.0;2.0;66.0;0.47;7.0;7.0;7.0;5.0;0
org.apache.jmeter.engine.PreCompiler;2.0;2.0;2.0;1.0;9.0;0.0;9.0;0.0;2.0;10.0;0.0;0.0;1.0;4.0;1.0;4.0;4.0;0.0;0.0;0.0;4.0;62.0;5.0;43.0;10.0;17.0;14.0;13.0;22.0;10.0;12.0;5.0;5.0;5.0;1.0;1.0;2.0;62.0;0.33;8.0;8.0;8.0;4.0;0
org.apache.jmeter.engine.RemoteJMeterEngineImpl;1.0;1.0;1.0;1.0;9.0;0.0;8.0;1.0;2.0;5.0;0.0;1.0;1.0;7.0;1.0;8.0;8.0;0.0;0.0;0.0;8.0;96.0;9.0;72.0;13.0;33.0;16.0;25.0;37.0;11.0;26.0;3.0;3.0;3.0;1.0;2.0;2.0;6.0;0.22;11.0;11.0;11.0;8.0;0
org.apache.jmeter.engine.StandardJMeterEngine;2.0;2.0;2.0;1.0;17.0;0.0;15.0;1.0;5.0;22.0;0.0;0.0;2.0;22.0;9.0;22.0;22.0;0.0;5.0;5.0;12.0;447.0;36.0;380.0;79.0;198.0;35.0;150.0;214.0;77.0;137.0;11.0;11.0;15.0;1.0;1.0;4.0;87.0;0.09;57.0;57.0;65.0;22.0;0
org.apache.jmeter.engine.TreeCloner;1.0;1.0;1.0;1.0;5.0;0.0;5.0;0.0;2.0;5.0;0.0;0.0;0.0;6.0;4.0;6.0;6.0;0.0;0.0;0.0;6.0;124.0;8.0;113.0;28.0;73.0;3.0;51.0;64.0;26.0;38.0;2.0;2.0;4.0;1.0;1.0;1.0;70.0;0.03;7.0;7.0;9.0;6.0;0
org.apache.jmeter.exceptions.IllegalUserActionException;1.0;1.0;1.0;1.0;3.0;0.0;3.0;0.0;1.0;0.0;0.0;0.0;0.0;2.0;0.0;2.0;2.0;0.0;0.0;0.0;2.0;10.0;1.0;9.0;3.0;1.0;0.0;1.0;4.0;3.0;1.0;1.0;1.0;1.0;1.0;2.0;0.0;0.0;0.0;2.0;2.0;2.0;2.0;0
org.apache.jmeter.functions.AbstractFunction;1.0;1.0;1.0;1.0;5.0;0.0;2.0;3.0;2.0;6.0;13.0;0.0;0.0;5.0;0.0;5.0;5.0;0.0;0.0;1.0;4.0;120.0;11.0;21.0;13.0;5.0;88.0;8.0;11.0;9.0;2.0;1.0;1.0;1.0;1.0;1.0;0.0;0.0;4.19;5.0;5.0;5.0;5.0;0
org.apache.jmeter.functions.CompoundFunction;2.0;2.0;2.0;1.0;15.0;0.0;15.0;0.0;2.0;7.0;0.0;0.0;5.0;16.0;10.0;16.0;16.0;0.0;4.0;0.0;12.0;485.0;32.0;438.0;74.0;265.0;15.0;170.0;226.0;66.0;160.0;16.0;16.0;18.0;1.0;1.0;5.0;88.0;0.03;42.0;42.0;46.0;16.0;0
org.apache.jmeter.functions.InvalidVariableException;1.0;1.0;1.0;1.0;3.0;0.0;3.0;0.0;1.0;0.0;0.0;0.0;0.0;2.0;0.0;2.0;2.0;0.0;0.0;0.0;2.0;11.0;1.0;10.0;3.0;1.0;0.0;1.0;4.0;3.0;1.0;1.0;1.0;1.0;1.0;2.0;0.0;0.0;0.0;2.0;2.0;2.0;2.0;0
org.apache.jmeter.functions.IterationCounter;1.0;1.0;1.0;1.0;11.0;1.0;10.0;0.0;2.0;6.0;0.0;0.0;3.0;6.0;2.0;6.0;11.0;0.0;0.0;0.0;6.0;103.0;17.0;72.0;25.0;30.0;14.0;28.0;38.0;18.0;20.0;3.0;3.0;3.0;1.0;2.0;2.0;73.0;0.19;9.0;9.0;9.0;6.0;0
org.apache.jmeter.functions.RegexFunction;4.0;4.0;4.0;1.0;24.0;1.0;23.0;0.0;2.0;7.0;0.0;0.0;8.0;9.0;2.0;9.0;14.0;0.0;4.0;0.0;5.0;406.0;34.0;371.0;82.0;215.0;4.0;167.0;215.0;76.0;139.0;19.0;19.0;20.0;9.0;2.0;3.0;84.0;0.01;37.0;37.0;38.0;17.0;0
org.apache.jmeter.functions.ThreadNumber;1.0;1.0;1.0;1.0;4.0;0.0;4.0;0.0;3.0;3.0;0.0;0.0;2.0;4.0;0.0;4.0;4.0;0.0;0.0;0.0;4.0;43.0;5.0;23.0;9.0;6.0;15.0;5.0;10.0;7.0;3.0;1.0;1.0;1.0;1.0;1.0;0.0;75.0;0.65;4.0;4.0;4.0;4.0;0
org.apache.jmeter.functions.UnknownFunction;1.0;1.0;1.0;1.0;6.0;0.0;4.0;1.0;2.0;4.0;0.0;0.0;1.0;8.0;2.0;8.0;8.0;0.0;1.0;0.0;7.0;70.0;11.0;38.0;15.0;12.0;21.0;12.0;22.0;13.0;9.0;2.0;2.0;3.0;1.0;1.0;1.0;75.0;0.55;9.0;9.0;10.0;8.0;0
org.apache.jmeter.functions.gui.FunctionHelper;3.0;3.0;3.0;1.0;25.0;0.0;25.0;0.0;3.0;13.0;0.0;0.0;0.0;5.0;5.0;5.0;5.0;0.0;2.0;0.0;3.0;159.0;6.0;150.0;38.0;91.0;3.0;66.0;81.0;33.0;48.0;6.0;6.0;6.0;1.0;2.0;3.0;52.0;0.02;16.0;16.0;16.0;5.0;0
org.apache.jmeter.gui.AbstractJMeterGuiComponent;1.0;1.0;1.0;1.0;12.0;0.0;6.0;6.0;2.0;9.0;15.0;0.0;1.0;19.0;3.0;19.0;19.0;0.0;0.0;8.0;11.0;300.0;26.0;125.0;35.0;52.0;149.0;44.0;66.0;29.0;37.0;2.0;2.0;2.0;1.0;2.0;1.0;84.0;1.19;21.0;21.0;21.0;19.0;0
org.apache.jmeter.gui.GuiFactory;1.0;1.0;1.0;1.0;1.0;0.0;1.0;0.0;1.0;0.0;0.0;0.0;2.0;1.0;0.0;1.0;1.0;0.0;1.0;0.0;0.0;16.0;3.0;6.0;4.0;2.0;7.0;2.0;4.0;4.0;0.0;1.0;1.0;1.0;1.0;1.0;0.0;100.0;1.17;1.0;1.0;1.0;1.0;0
org.apache.jmeter.gui.GuiPackage;1.0;1.0;1.0;1.0;17.0;0.0;10.0;7.0;2.0;17.0;0.0;2.0;2.0;27.0;8.0;29.0;29.0;0.0;2.0;0.0;27.0;589.0;42.0;307.0;68.0;140.0;246.0;110.0;159.0;58.0;101.0;5.0;5.0;5.0;4.0;1.0;3.0;86.0;0.8;50.0;50.0;50.0;32.0;0
org.apache.jmeter.gui.JMeterFileFilter;1.0;1.0;2.0;1.0;15.0;0.0;6.0;8.0;2.0;0.0;0.0;0.0;0.0;4.0;1.0;4.0;4.0;0.0;0.0;0.0;4.0;79.0;6.0;33.0;8.0;9.0;40.0;9.0;17.0;7.0;10.0;4.0;4.0;4.0;4.0;2.0;2.0;25.0;1.21;7.0;7.0;8.0;7.0;0
org.apache.jmeter.gui.JMeterJListModel;1.0;1.0;1.0;1.0;5.0;0.0;5.0;0.0;1.0;0.0;0.0;0.0;0.0;8.0;1.0;8.0;8.0;0.0;0.0;0.0;8.0;61.0;8.0;45.0;10.0;16.0;8.0;15.0;26.0;10.0;16.0;2.0;2.0;3.0;1.0;2.0;1.0;0.0;0.18;10.0;10.0;11.0;8.0;0
org.apache.jmeter.gui.ListDialog;1.0;1.0;1.0;1.0;13.0;0.0;9.0;4.0;3.0;1.0;0.0;0.0;0.0;13.0;8.0;13.0;13.0;0.0;2.0;0.0;11.0;218.0;26.0;128.0;25.0;73.0;64.0;79.0;95.0;26.0;69.0;2.0;2.0;3.0;1.0;2.0;1.0;82.0;0.5;16.0;16.0;18.0;13.0;0
org.apache.jmeter.gui.MainFrame;1.0;1.0;1.0;1.0;14.0;0.0;8.0;5.0;3.0;10.0;0.0;0.0;0.0;25.0;11.0;25.0;25.0;0.0;6.0;0.0;19.0;458.0;63.0;228.0;53.0;117.0;167.0;100.0;136.0;51.0;85.0;5.0;5.0;5.0;5.0;2.0;4.0;87.0;0.73;31.0;31.0;31.0;29.0;0
org.apache.jmeter.gui.NamePanel;1.0;1.0;1.0;1.0;8.0;0.0;5.0;2.0;2.0;6.0;0.0;0.0;0.0;17.0;3.0;17.0;17.0;0.0;2.0;1.0;14.0;191.0;25.0;107.0;22.0;44.0;59.0;35.0;58.0;25.0;33.0;2.0;2.0;2.0;1.0;2.0;1.0;86.0;0.55;19.0;19.0;19.0;17.0;0
org.apache.jmeter.gui.action.AboutCommand;1.0;1.0;1.0;1.0;25.0;0.0;18.0;5.0;2.0;2.0;0.0;0.0;2.0;3.0;1.0;3.0;3.0;1.0;0.0;0.0;2.0;97.0;6.0;67.0;20.0;41.0;24.0;33.0;40.0;18.0;22.0;2.0;2.0;2.0;1.0;1.0;1.0;77.0;0.36;5.0;5.0;5.0;3.0;0
org.apache.jmeter.gui.action.ActionRouter;3.0;3.0;3.0;1.0;20.0;0.0;17.0;3.0;2.0;6.0;0.0;1.0;2.0;14.0;3.0;15.0;15.0;0.0;3.0;2.0;10.0;331.0;16.0;265.0;51.0;125.0;51.0;83.0;133.0;52.0;81.0;8.0;8.0;8.0;4.0;1.0;5.0;77.0;0.19;49.0;49.0;51.0;21.0;0
org.apache.jmeter.gui.action.AddParent;1.0;1.0;1.0;1.0;10.0;0.0;10.0;0.0;2.0;6.0;0.0;0.0;2.0;4.0;0.0;4.0;4.0;0.0;0.0;1.0;3.0;58.0;5.0;49.0;18.0;24.0;4.0;16.0;22.0;14.0;8.0;2.0;2.0;2.0;1.0;1.0;1.0;75.0;0.08;5.0;5.0;5.0;4.0;0
org.apache.jmeter.gui.action.AddToTree;1.0;1.0;1.0;1.0;10.0;0.0;8.0;2.0;2.0;6.0;0.0;0.0;1.0;4.0;1.0;4.0;4.0;0.0;0.0;1.0;3.0;55.0;4.0;39.0;11.0;18.0;12.0;12.0;18.0;10.0;8.0;2.0;2.0;2.0;1.0;1.0;1.0;62.0;0.31;5.0;5.0;5.0;4.0;0
org.apache.jmeter.gui.action.Analyze;2.0;2.0;2.0;1.0;11.0;0.0;11.0;0.0;2.0;3.0;0.0;0.0;1.0;3.0;0.0;3.0;3.0;0.0;0.0;0.0;3.0;49.0;4.0;41.0;9.0;15.0;4.0;7.0;14.0;7.0;7.0;4.0;4.0;4.0;1.0;1.0;3.0;66.0;0.1;6.0;6.0;6.0;3.0;0
org.apache.jmeter.gui.action.ChangeLanguage;1.0;1.0;1.0;1.0;8.0;0.0;5.0;3.0;2.0;2.0;0.0;0.0;2.0;2.0;1.0;2.0;2.0;0.0;0.0;0.0;2.0;32.0;3.0;20.0;8.0;8.0;9.0;8.0;11.0;7.0;4.0;1.0;1.0;1.0;1.0;1.0;0.0;66.0;0.45;2.0;2.0;2.0;2.0;0
org.apache.jmeter.gui.action.CheckDirty;2.0;2.0;2.0;1.0;16.0;0.0;13.0;2.0;3.0;8.0;0.0;0.0;10.0;7.0;3.0;7.0;10.0;0.0;0.0;0.0;7.0;154.0;9.0;121.0;33.0;65.0;24.0;48.0;66.0;29.0;37.0;6.0;6.0;6.0;1.0;2.0;3.0;84.0;0.2;17.0;17.0;17.0;7.0;0
org.apache.jmeter.gui.action.Clear;2.0;2.0;2.0;1.0;15.0;0.0;15.0;0.0;2.0;6.0;0.0;0.0;4.0;3.0;0.0;3.0;3.0;0.0;0.0;0.0;3.0;65.0;4.0;57.0;15.0;26.0;4.0;15.0;23.0;12.0;11.0;5.0;5.0;5.0;1.0;1.0;3.0;75.0;0.07;7.0;7.0;7.0;3.0;0
org.apache.jmeter.gui.action.CreateFunctionDialog;1.0;1.0;1.0;1.0;5.0;0.0;4.0;1.0;1.0;1.0;0.0;0.0;1.0;3.0;1.0;3.0;6.0;0.0;0.0;0.0;3.0;31.0;4.0;21.0;7.0;6.0;6.0;7.0;11.0;6.0;5.0;1.0;1.0;1.0;1.0;2.0;0.0;50.0;0.29;3.0;3.0;3.0;3.0;0
org.apache.jmeter.gui.action.DragNDrop;3.0;3.0;3.0;1.0;21.0;0.0;19.0;2.0;1.0;4.0;0.0;0.0;4.0;3.0;0.0;3.0;6.0;0.0;0.0;1.0;2.0;82.0;3.0;69.0;20.0;39.0;10.0;31.0;42.0;21.0;21.0;7.0;7.0;7.0;1.0;2.0;2.0;66.0;0.14;10.0;10.0;10.0;3.0;0
org.apache.jmeter.gui.action.EditCommand;1.0;1.0;1.0;1.0;9.0;0.0;8.0;0.0;2.0;5.0;0.0;0.0;1.0;3.0;0.0;3.0;3.0;0.0;0.0;0.0;3.0;42.0;3.0;33.0;7.0;14.0;6.0;10.0;15.0;6.0;9.0;2.0;2.0;2.0;1.0;1.0;1.0;66.0;0.18;4.0;4.0;4.0;3.0;0
org.apache.jmeter.gui.action.EnableComponent;2.0;2.0;2.0;1.0;12.0;0.0;9.0;3.0;2.0;4.0;0.0;0.0;4.0;2.0;0.0;2.0;2.0;0.0;0.0;0.0;2.0;44.0;4.0;31.0;8.0;15.0;9.0;13.0;18.0;7.0;11.0;3.0;3.0;3.0;1.0;1.0;1.0;50.0;0.29;4.0;4.0;4.0;2.0;0
org.apache.jmeter.gui.action.ExitCommand;2.0;2.0;2.0;1.0;17.0;0.0;12.0;4.0;2.0;5.0;0.0;0.0;2.0;3.0;0.0;3.0;3.0;0.0;0.0;0.0;3.0;68.0;4.0;46.0;9.0;22.0;18.0;10.0;18.0;7.0;11.0;5.0;5.0;5.0;1.0;1.0;3.0;83.0;0.39;7.0;7.0;7.0;3.0;0
org.apache.jmeter.gui.action.GlobalMouseListener;1.0;1.0;1.0;1.0;4.0;0.0;4.0;0.0;1.0;1.0;0.0;0.0;1.0;1.0;0.0;1.0;1.0;0.0;0.0;0.0;1.0;13.0;1.0;9.0;4.0;2.0;3.0;2.0;4.0;3.0;1.0;1.0;1.0;1.0;1.0;2.0;0.0;0.0;0.33;1.0;1.0;1.0;1.0;0
org.apache.jmeter.gui.action.Help;2.0;2.0;2.0;1.0;20.0;0.0;17.0;2.0;2.0;7.0;0.0;0.0;10.0;3.0;0.0;3.0;3.0;0.0;1.0;0.0;2.0;110.0;10.0;89.0;20.0;51.0;15.0;36.0;45.0;16.0;29.0;3.0;3.0;3.0;1.0;1.0;2.0;73.0;0.17;7.0;7.0;7.0;3.0;0
org.apache.jmeter.gui.action.Load;3.0;3.0;3.0;1.0;22.0;0.0;20.0;1.0;2.0;13.0;0.0;0.0;2.0;4.0;0.0;4.0;4.0;0.0;0.0;0.0;4.0;255.0;23.0;220.0;50.0;124.0;15.0;63.0;91.0;35.0;56.0;8.0;8.0;9.0;1.0;1.0;3.0;75.0;0.07;12.0;12.0;13.0;4.0;0
org.apache.jmeter.gui.action.LookAndFeelCommand;2.0;2.0;2.0;1.0;12.0;0.0;12.0;0.0;2.0;2.0;0.0;0.0;1.0;3.0;2.0;3.0;3.0;0.0;0.0;0.0;3.0;69.0;5.0;60.0;11.0;27.0;4.0;15.0;22.0;9.0;13.0;5.0;5.0;5.0;1.0;1.0;1.0;88.0;0.07;7.0;7.0;7.0;3.0;0
org.apache.jmeter.gui.action.New;1.0;1.0;1.0;1.0;18.0;0.0;13.0;4.0;2.0;6.0;0.0;0.0;1.0;3.0;0.0;3.0;3.0;0.0;0.0;0.0;3.0;75.0;6.0;47.0;9.0;28.0;22.0;11.0;17.0;7.0;10.0;3.0;3.0;3.0;1.0;1.0;2.0;66.0;0.47;5.0;5.0;5.0;3.0;0
org.apache.jmeter.gui.action.RemoteStart;2.0;2.0;2.0;1.0;20.0;0.0;17.0;3.0;1.0;8.0;0.0;0.0;2.0;9.0;1.0;9.0;12.0;0.0;6.0;0.0;3.0;214.0;10.0;168.0;39.0;87.0;36.0;62.0;89.0;32.0;57.0;12.0;12.0;12.0;3.0;2.0;2.0;74.0;0.21;26.0;26.0;26.0;13.0;0
org.apache.jmeter.gui.action.Remove;1.0;1.0;1.0;1.0;9.0;0.0;7.0;2.0;2.0;6.0;0.0;1.0;1.0;3.0;0.0;4.0;4.0;0.0;0.0;0.0;4.0;51.0;4.0;35.0;12.0;14.0;13.0;14.0;20.0;10.0;10.0;2.0;2.0;2.0;1.0;1.0;1.0;75.0;0.37;5.0;5.0;5.0;4.0;0
org.apache.jmeter.gui.action.SSLManagerCommand;2.0;2.0;2.0;1.0;18.0;1.0;12.0;4.0;2.0;4.0;0.0;0.0;1.0;3.0;2.0;3.0;3.0;0.0;1.0;0.0;2.0;114.0;9.0;61.0;14.0;27.0;44.0;18.0;28.0;12.0;16.0;3.0;3.0;3.0;1.0;1.0;2.0;77.0;0.72;6.0;6.0;6.0;3.0;0
org.apache.jmeter.gui.action.Save;2.0;2.0;3.0;1.0;19.0;0.0;17.0;1.0;2.0;12.0;0.0;0.0;5.0;6.0;1.0;6.0;6.0;0.0;2.0;0.0;4.0;182.0;12.0;154.0;29.0;84.0;16.0;51.0;73.0;27.0;46.0;9.0;9.0;10.0;3.0;1.0;2.0;77.0;0.1;17.0;17.0;18.0;8.0;0
org.apache.jmeter.gui.action.Start;2.0;2.0;2.0;1.0;16.0;0.0;14.0;2.0;1.0;12.0;0.0;0.0;2.0;4.0;1.0;4.0;7.0;0.0;0.0;1.0;3.0;89.0;7.0;69.0;14.0;39.0;13.0;28.0;37.0;12.0;25.0;4.0;4.0;4.0;1.0;2.0;1.0;66.0;0.19;8.0;8.0;8.0;4.0;0
org.apache.jmeter.gui.tree.JMeterCellRenderer;1.0;1.0;1.0;1.0;13.0;0.0;13.0;0.0;1.0;1.0;0.0;0.0;0.0;2.0;0.0;2.0;2.0;0.0;0.0;0.0;2.0;31.0;1.0;30.0;10.0;13.0;0.0;5.0;9.0;4.0;5.0;2.0;2.0;2.0;1.0;2.0;1.0;0.0;0.0;3.0;3.0;3.0;2.0;0
org.apache.jmeter.gui.tree.JMeterTreeListener;1.0;1.0;1.0;1.0;9.0;0.0;8.0;1.0;5.0;9.0;0.0;0.0;1.0;28.0;7.0;28.0;28.0;0.0;6.0;0.0;22.0;338.0;33.0;246.0;51.0;103.0;59.0;84.0;133.0;49.0;84.0;6.0;6.0;6.0;3.0;1.0;3.0;87.0;0.24;48.0;48.0;51.0;32.0;0
org.apache.jmeter.gui.tree.JMeterTreeModel;2.0;2.0;2.0;1.0;18.0;0.0;16.0;2.0;1.0;13.0;0.0;0.0;0.0;7.0;0.0;7.0;7.0;0.0;1.0;0.0;6.0;142.0;9.0;120.0;21.0;65.0;14.0;38.0;52.0;13.0;39.0;4.0;4.0;5.0;1.0;2.0;2.0;0.0;0.12;15.0;15.0;17.0;7.0;0
org.apache.jmeter.gui.tree.JMeterTreeNode;1.0;1.0;1.0;1.0;9.0;0.0;8.0;0.0;1.0;10.0;0.0;0.0;1.0;13.0;1.0;13.0;13.0;0.0;0.0;0.0;13.0;141.0;13.0;122.0;19.0;59.0;7.0;28.0;48.0;17.0;31.0;5.0;5.0;5.0;5.0;2.0;4.0;76.0;0.06;19.0;19.0;19.0;17.0;0
org.apache.jmeter.gui.util.ButtonPanel;2.0;1.0;2.0;1.0;25.0;0.0;23.0;2.0;1.0;1.0;0.0;0.0;5.0;3.0;5.0;3.0;3.0;0.0;1.0;0.0;2.0;98.0;4.0;78.0;13.0;63.0;16.0;58.0;63.0;13.0;50.0;6.0;2.0;6.0;1.0;2.0;1.0;50.0;0.21;8.0;4.0;8.0;3.0;0
org.apache.jmeter.gui.util.FileDialoger;2.0;2.0;2.0;1.0;21.0;0.0;14.0;5.0;1.0;3.0;0.0;4.0;2.0;1.0;0.0;5.0;5.0;0.0;2.0;0.0;3.0;122.0;9.0;79.0;17.0;37.0;34.0;28.0;43.0;16.0;27.0;6.0;6.0;6.0;1.0;1.0;2.0;50.0;0.43;14.0;14.0;14.0;5.0;0
org.apache.jmeter.gui.util.FilePanel;1.0;1.0;1.0;1.0;8.0;0.0;7.0;1.0;2.0;2.0;0.0;0.0;0.0;10.0;6.0;10.0;13.0;0.0;2.0;0.0;8.0;112.0;11.0;80.0;21.0;35.0;21.0;33.0;47.0;19.0;28.0;3.0;3.0;4.0;1.0;3.0;2.0;75.0;0.26;13.0;13.0;14.0;10.0;0
org.apache.jmeter.gui.util.FocusRequester;1.0;1.0;1.0;1.0;8.0;0.0;8.0;0.0;2.0;1.0;0.0;0.0;1.0;2.0;1.0;2.0;2.0;0.0;0.0;0.0;2.0;30.0;2.0;21.0;5.0;7.0;7.0;6.0;10.0;5.0;5.0;2.0;2.0;2.0;1.0;1.0;1.0;25.0;0.33;3.0;3.0;3.0;2.0;0
org.apache.jmeter.gui.util.JMeterColor;1.0;1.0;1.0;1.0;4.0;0.0;4.0;0.0;1.0;0.0;0.0;0.0;4.0;2.0;0.0;2.0;2.0;0.0;0.0;0.0;2.0;23.0;2.0;17.0;9.0;6.0;4.0;6.0;9.0;7.0;2.0;1.0;1.0;1.0;1.0;2.0;0.0;100.0;0.24;2.0;2.0;2.0;2.0;0
org.apache.jmeter.gui.util.JMeterMenuBar;2.0;2.0;2.0;1.0;23.0;0.0;20.0;2.0;2.0;8.0;0.0;0.0;4.0;20.0;30.0;20.0;20.0;0.0;8.0;0.0;12.0;542.0;39.0;444.0;79.0;287.0;61.0;268.0;315.0;79.0;236.0;5.0;5.0;7.0;1.0;2.0;2.0;90.0;0.14;46.0;46.0;49.0;20.0;0
org.apache.jmeter.gui.util.MenuFactory;2.0;2.0;2.0;1.0;20.0;0.0;19.0;0.0;1.0;12.0;0.0;18.0;21.0;1.0;1.0;19.0;19.0;0.0;3.0;0.0;16.0;515.0;46.0;445.0;89.0;280.0;25.0;153.0;203.0;64.0;139.0;17.0;17.0;19.0;7.0;1.0;4.0;91.0;0.06;42.0;42.0;45.0;25.0;0
org.apache.jmeter.gui.util.MenuInfo;1.0;1.0;1.0;1.0;5.0;0.0;5.0;0.0;1.0;0.0;0.0;0.0;0.0;1.0;2.0;1.0;1.0;0.0;0.0;0.0;1.0;15.0;1.0;10.0;4.0;2.0;4.0;4.0;6.0;4.0;2.0;1.0;1.0;1.0;1.0;1.0;0.0;0.0;0.4;1.0;1.0;1.0;1.0;0
org.apache.jmeter.gui.util.NumberFieldErrorListener;2.0;2.0;2.0;1.0;15.0;0.0;15.0;0.0;1.0;2.0;0.0;1.0;1.0;1.0;0.0;2.0;2.0;0.0;0.0;0.0;2.0;42.0;3.0;35.0;7.0;17.0;4.0;9.0;15.0;6.0;9.0;4.0;4.0;4.0;1.0;2.0;1.0;50.0;0.11;5.0;5.0;5.0;2.0;0
org.apache.jmeter.gui.util.PowerTableModel;1.0;1.0;1.0;1.0;11.0;0.0;10.0;1.0;1.0;2.0;0.0;0.0;1.0;22.0;2.0;22.0;22.0;0.0;2.0;0.0;20.0;277.0;22.0;226.0;50.0;86.0;29.0;74.0;114.0;45.0;69.0;11.0;11.0;11.0;11.0;2.0;2.0;69.0;0.13;39.0;39.0;39.0;32.0;0
org.apache.jmeter.gui.util.TextAreaCellRenderer;2.0;2.0;2.0;1.0;12.0;0.0;12.0;0.0;2.0;1.0;0.0;0.0;0.0;2.0;1.0;2.0;2.0;0.0;0.0;0.0;2.0;35.0;3.0;28.0;10.0;9.0;4.0;7.0;12.0;4.0;8.0;3.0;3.0;4.0;1.0;1.0;1.0;0.0;0.14;4.0;4.0;5.0;2.0;0
org.apache.jmeter.gui.util.TextAreaTableCellEditor;1.0;1.0;1.0;1.0;11.0;0.0;7.0;4.0;3.0;1.0;0.0;0.0;0.0;11.0;3.0;11.0;11.0;0.0;0.0;0.0;11.0;311.0;32.0;141.0;43.0;45.0;138.0;36.0;63.0;31.0;32.0;1.0;1.0;1.0;1.0;2.0;0.0;54.0;0.98;11.0;11.0;11.0;11.0;0
org.apache.jmeter.junit.JMeterTest;2.0;2.0;2.0;1.0;19.0;0.0;18.0;1.0;1.0;20.0;0.0;9.0;5.0;18.0;4.0;27.0;31.0;0.0;9.0;0.0;18.0;639.0;40.0;515.0;123.0;324.0;102.0;237.0;311.0;128.0;183.0;14.0;14.0;15.0;5.0;3.0;5.0;91.0;0.2;74.0;74.0;79.0;39.0;0
org.apache.jmeter.junit.protocol.http.config.HttpConfigSuite;1.0;1.0;1.0;1.0;5.0;0.0;4.0;1.0;1.0;1.0;0.0;1.0;0.0;1.0;0.0;2.0;2.0;0.0;1.0;0.0;1.0;18.0;1.0;10.0;4.0;2.0;7.0;2.0;5.0;4.0;1.0;1.0;1.0;1.0;1.0;1.0;0.0;0.0;0.7;2.0;2.0;2.0;2.0;0
org.apache.jmeter.junit.protocol.http.parser.HtmlParserTester;1.0;1.0;1.0;1.0;18.0;0.0;17.0;2.0;1.0;9.0;0.0;0.0;0.0;14.0;2.0;14.0;18.0;0.0;2.0;0.0;12.0;285.0;15.0;254.0;87.0;189.0;35.0;155.0;170.0;67.0;103.0;1.0;1.0;2.0;1.0;3.0;0.0;21.0;0.14;14.0;14.0;15.0;14.0;0
org.apache.jmeter.modifiers.CounterConfig;1.0;1.0;1.0;1.0;6.0;0.0;6.0;0.0;4.0;7.0;0.0;0.0;6.0;14.0;1.0;14.0;54.0;0.0;0.0;0.0;14.0;127.0;15.0;105.0;29.0;41.0;7.0;33.0;53.0;26.0;27.0;6.0;6.0;7.0;1.0;2.0;4.0;84.0;0.07;19.0;19.0;20.0;14.0;0
org.apache.jmeter.modifiers.UserParameters;1.0;1.0;1.0;1.0;9.0;0.0;7.0;2.0;4.0;8.0;0.0;0.0;4.0;14.0;1.0;14.0;54.0;0.0;2.0;1.0;11.0;169.0;16.0;111.0;30.0;43.0;46.0;31.0;55.0;27.0;28.0;4.0;4.0;5.0;1.0;2.0;2.0;82.0;0.41;22.0;22.0;23.0;14.0;0
org.apache.jmeter.modifiers.gui.CounterConfigGui;1.0;1.0;1.0;1.0;11.0;0.0;10.0;1.0;1.0;6.0;0.0;0.0;0.0;6.0;5.0;6.0;27.0;0.0;1.0;0.0;5.0;83.0;7.0;65.0;12.0;38.0;11.0;35.0;43.0;12.0;31.0;2.0;2.0;2.0;1.0;4.0;1.0;50.0;0.17;7.0;7.0;7.0;6.0;0
org.apache.jmeter.modifiers.gui.UserParametersGui;1.0;1.0;1.0;1.0;16.0;0.0;14.0;1.0;1.0;14.0;0.0;0.0;1.0;9.0;9.0;9.0;30.0;0.0;3.0;1.0;5.0;320.0;34.0;262.0;57.0;161.0;24.0;112.0;145.0;49.0;96.0;3.0;3.0;3.0;1.0;4.0;1.0;78.0;0.09;13.0;13.0;13.0;9.0;0
org.apache.jmeter.protocol.ftp.config.FtpConfig;1.0;1.0;1.0;1.0;6.0;0.0;5.0;1.0;2.0;1.0;0.0;0.0;0.0;7.0;0.0;7.0;49.0;0.0;0.0;0.0;7.0;52.0;5.0;40.0;8.0;12.0;8.0;7.0;16.0;8.0;8.0;2.0;2.0;5.0;1.0;3.0;1.0;0.0;0.2;8.0;8.0;11.0;7.0;0
org.apache.jmeter.protocol.ftp.config.gui.FtpConfigGui;1.0;1.0;1.0;1.0;8.0;0.0;7.0;0.0;1.0;5.0;0.0;0.0;2.0;9.0;3.0;9.0;30.0;0.0;3.0;0.0;6.0;102.0;19.0;74.0;21.0;40.0;9.0;41.0;52.0;21.0;31.0;2.0;2.0;2.0;1.0;4.0;1.0;77.0;0.12;10.0;10.0;10.0;9.0;0
org.apache.jmeter.protocol.ftp.control.gui.FtpTestSamplerGui;1.0;1.0;1.0;1.0;8.0;0.0;7.0;0.0;1.0;7.0;0.0;0.0;0.0;6.0;2.0;6.0;27.0;0.0;1.0;0.0;5.0;67.0;11.0;48.0;11.0;25.0;8.0;24.0;31.0;11.0;20.0;1.0;1.0;1.0;1.0;4.0;0.0;50.0;0.17;6.0;6.0;6.0;6.0;0
org.apache.jmeter.protocol.ftp.sampler.FTPSampler;1.0;1.0;1.0;1.0;8.0;0.0;6.0;2.0;1.0;4.0;0.0;0.0;2.0;9.0;0.0;9.0;49.0;0.0;0.0;0.0;9.0;95.0;9.0;64.0;16.0;28.0;23.0;25.0;36.0;16.0;20.0;3.0;3.0;3.0;1.0;3.0;1.0;77.0;0.36;11.0;11.0;11.0;9.0;0
org.apache.jmeter.protocol.ftp.sampler.FtpClient;2.0;2.0;2.0;1.0;19.0;0.0;15.0;3.0;1.0;2.0;0.0;3.0;3.0;7.0;4.0;10.0;10.0;0.0;0.0;0.0;10.0;322.0;17.0;230.0;63.0;130.0;75.0;112.0;143.0;61.0;82.0;7.0;7.0;7.0;1.0;1.0;3.0;77.0;0.33;20.0;20.0;20.0;10.0;0
org.apache.jmeter.protocol.http.config.MultipartUrlConfig;1.0;1.0;1.0;1.0;7.0;0.0;6.0;0.0;2.0;4.0;0.0;0.0;1.0;15.0;5.0;15.0;15.0;0.0;0.0;0.0;15.0;131.0;16.0;106.0;35.0;44.0;9.0;41.0;61.0;32.0;29.0;4.0;4.0;4.0;1.0;1.0;2.0;87.0;0.08;19.0;19.0;20.0;15.0;0
org.apache.jmeter.protocol.http.config.gui.HttpDefaultsGui;1.0;1.0;1.0;1.0;12.0;1.0;9.0;1.0;1.0;10.0;0.0;0.0;0.0;7.0;5.0;7.0;28.0;0.0;1.0;0.0;6.0;102.0;16.0;76.0;16.0;47.0;10.0;41.0;49.0;16.0;33.0;1.0;1.0;1.0;1.0;4.0;0.0;57.0;0.13;7.0;7.0;7.0;7.0;0
org.apache.jmeter.protocol.http.config.gui.MultipartUrlConfigGui;1.0;1.0;1.0;1.0;12.0;1.0;10.0;0.0;2.0;6.0;0.0;0.0;4.0;12.0;3.0;12.0;23.0;0.0;3.0;2.0;7.0;189.0;32.0;139.0;40.0;86.0;18.0;76.0;92.0;34.0;58.0;4.0;4.0;4.0;3.0;3.0;2.0;78.0;0.13;15.0;15.0;15.0;14.0;0
org.apache.jmeter.protocol.http.config.gui.UrlConfigGui;1.0;1.0;1.0;1.0;21.0;2.0;17.0;1.0;1.0;13.0;1.0;0.0;7.0;11.0;10.0;11.0;11.0;0.0;0.0;7.0;4.0;287.0;45.0;208.0;46.0;153.0;35.0;137.0;151.0;45.0;106.0;3.0;3.0;3.0;1.0;2.0;1.0;75.0;0.17;14.0;14.0;14.0;11.0;0
org.apache.jmeter.protocol.http.control.AuthManager;1.0;1.0;1.0;1.0;8.0;0.0;7.0;1.0;3.0;7.0;0.0;0.0;3.0;16.0;0.0;16.0;58.0;0.0;0.0;0.0;16.0;178.0;23.0;132.0;34.0;59.0;24.0;38.0;61.0;28.0;33.0;8.0;8.0;13.0;3.0;3.0;2.0;87.0;0.18;25.0;25.0;30.0;18.0;0
org.apache.jmeter.protocol.http.control.Authorization;1.0;1.0;1.0;1.0;4.0;0.0;4.0;0.0;2.0;1.0;0.0;0.0;3.0;12.0;0.0;12.0;52.0;1.0;0.0;0.0;11.0;71.0;5.0;57.0;16.0;18.0;9.0;18.0;31.0;16.0;15.0;1.0;1.0;1.0;1.0;2.0;0.0;83.0;0.16;12.0;12.0;12.0;12.0;0
org.apache.jmeter.protocol.http.control.Cookie;1.0;1.0;1.0;1.0;8.0;0.0;5.0;2.0;2.0;4.0;0.0;0.0;5.0;16.0;0.0;16.0;56.0;0.0;0.0;0.0;16.0;157.0;16.0;97.0;28.0;40.0;49.0;30.0;47.0;22.0;25.0;1.0;1.0;1.0;1.0;2.0;0.0;87.0;0.51;16.0;16.0;16.0;16.0;0
org.apache.jmeter.protocol.http.control.CookieManager;1.0;1.0;1.0;1.0;11.0;0.0;8.0;2.0;3.0;8.0;0.0;0.0;3.0;18.0;1.0;18.0;60.0;0.0;0.0;0.0;18.0;256.0;25.0;173.0;48.0;89.0;59.0;59.0;88.0;42.0;46.0;7.0;7.0;8.0;4.0;3.0;3.0;88.0;0.34;30.0;30.0;35.0;21.0;0
org.apache.jmeter.protocol.http.control.Header;1.0;1.0;1.0;1.0;6.0;0.0;4.0;1.0;2.0;1.0;0.0;0.0;1.0;8.0;0.0;8.0;48.0;0.0;0.0;0.0;8.0;66.0;8.0;37.0;10.0;10.0;21.0;10.0;19.0;10.0;9.0;1.0;1.0;1.0;1.0;2.0;0.0;75.0;0.57;8.0;8.0;8.0;8.0;0
org.apache.jmeter.protocol.http.control.HeaderManager;1.0;1.0;1.0;1.0;11.0;0.0;9.0;2.0;2.0;4.0;0.0;0.0;3.0;18.0;1.0;18.0;60.0;0.0;0.0;0.0;18.0;339.0;30.0;173.0;41.0;81.0;136.0;63.0;95.0;43.0;52.0;6.0;6.0;7.0;4.0;3.0;3.0;90.0;0.79;32.0;32.0;34.0;23.0;0
org.apache.jmeter.protocol.http.control.gui.HttpTestSampleGui;1.0;1.0;1.0;1.0;10.0;0.0;8.0;1.0;1.0;7.0;0.0;0.0;0.0;9.0;3.0;9.0;30.0;0.0;2.0;0.0;7.0;142.0;17.0;110.0;25.0;59.0;15.0;50.0;66.0;25.0;41.0;3.0;3.0;3.0;1.0;4.0;1.0;59.0;0.14;11.0;11.0;11.0;9.0;0
org.apache.jmeter.protocol.http.control.gui.SoapSamplerGui;1.0;1.0;1.0;1.0;8.0;0.0;7.0;0.0;1.0;5.0;0.0;0.0;0.0;7.0;2.0;7.0;28.0;0.0;1.0;0.0;6.0;76.0;11.0;55.0;14.0;27.0;10.0;25.0;34.0;14.0;20.0;2.0;2.0;2.0;1.0;4.0;1.0;57.0;0.18;8.0;8.0;8.0;7.0;0
org.apache.jmeter.protocol.http.gui.AuthPanel;3.0;3.0;3.0;1.0;22.0;1.0;18.0;2.0;2.0;9.0;0.0;0.0;5.0;10.0;6.0;10.0;31.0;0.0;2.0;0.0;8.0;413.0;49.0;312.0;70.0;153.0;52.0;114.0;164.0;55.0;109.0;20.0;20.0;20.0;1.0;4.0;5.0;77.0;0.17;30.0;30.0;30.0;10.0;0
org.apache.jmeter.protocol.http.gui.CookiePanel;2.0;2.0;2.0;1.0;21.0;1.0;18.0;1.0;2.0;13.0;0.0;0.0;8.0;13.0;7.0;13.0;34.0;0.0;5.0;0.0;8.0;338.0;34.0;276.0;73.0;159.0;28.0;105.0;140.0;51.0;89.0;20.0;20.0;20.0;1.0;4.0;5.0;85.0;0.1;36.0;36.0;36.0;13.0;0
org.apache.jmeter.protocol.http.gui.HTTPArgumentsPanel;1.0;1.0;1.0;1.0;10.0;0.0;10.0;0.0;1.0;11.0;0.0;0.0;2.0;8.0;0.0;8.0;53.0;0.0;1.0;4.0;3.0;105.0;8.0;92.0;20.0;57.0;5.0;32.0;44.0;18.0;26.0;3.0;3.0;4.0;1.0;5.0;2.0;75.0;0.05;11.0;11.0;14.0;8.0;0
org.apache.jmeter.protocol.http.gui.HeaderPanel;2.0;2.0;2.0;1.0;20.0;1.0;16.0;2.0;3.0;8.0;0.0;0.0;5.0;12.0;6.0;12.0;33.0;0.0;2.0;0.0;10.0;516.0;56.0;395.0;84.0;210.0;65.0;170.0;230.0;75.0;155.0;20.0;20.0;20.0;1.0;4.0;5.0;84.0;0.16;32.0;32.0;32.0;12.0;0
org.apache.jmeter.protocol.http.modifier.AnchorModifier;4.0;4.0;4.0;1.0;30.0;0.0;30.0;0.0;3.0;13.0;0.0;0.0;2.0;6.0;0.0;6.0;46.0;0.0;3.0;0.0;3.0;299.0;12.0;272.0;59.0;167.0;18.0;89.0;121.0;47.0;74.0;8.0;8.0;10.0;4.0;2.0;3.0;50.0;0.07;26.0;26.0;28.0;11.0;0
org.apache.jmeter.protocol.http.modifier.ParamMask;1.0;1.0;1.0;1.0;11.0;0.0;5.0;5.0;2.0;1.0;0.0;0.0;0.0;17.0;7.0;17.0;57.0;0.0;0.0;0.0;17.0;230.0;22.0;101.0;27.0;45.0;107.0;44.0;63.0;27.0;36.0;2.0;2.0;2.0;1.0;2.0;1.0;86.0;1.06;18.0;18.0;18.0;17.0;0
org.apache.jmeter.protocol.http.modifier.ParamModifier;1.0;1.0;1.0;1.0;9.0;0.0;6.0;2.0;4.0;11.0;0.0;0.0;1.0;9.0;0.0;9.0;49.0;0.0;1.0;0.0;8.0;144.0;14.0;67.0;18.0;23.0;63.0;17.0;32.0;16.0;16.0;4.0;4.0;4.0;4.0;2.0;2.0;77.0;0.94;14.0;14.0;14.0;14.0;0
org.apache.jmeter.protocol.http.modifier.URLRewritingModifier;2.0;2.0;2.0;1.0;14.0;0.0;13.0;0.0;3.0;9.0;0.0;0.0;3.0;9.0;3.0;9.0;49.0;0.0;2.0;0.0;7.0;295.0;11.0;273.0;62.0;179.0;16.0;116.0;147.0;57.0;90.0;9.0;9.0;10.0;7.0;2.0;4.0;77.0;0.06;19.0;19.0;20.0;15.0;0
org.apache.jmeter.protocol.http.modifier.UserParameterModifier;1.0;1.0;1.0;1.0;9.0;0.0;6.0;3.0;4.0;12.0;0.0;0.0;2.0;10.0;1.0;10.0;52.0;0.0;0.0;0.0;10.0;141.0;10.0;75.0;25.0;29.0;57.0;22.0;37.0;22.0;15.0;4.0;4.0;4.0;1.0;3.0;2.0;80.0;0.76;14.0;14.0;14.0;10.0;0
org.apache.jmeter.protocol.http.modifier.UserParameterXMLContentHandler;1.0;1.0;1.0;1.0;7.0;0.0;6.0;0.0;2.0;0.0;0.0;0.0;0.0;12.0;5.0;12.0;12.0;0.0;0.0;0.0;12.0;132.0;21.0;82.0;28.0;21.0;29.0;15.0;34.0;18.0;16.0;5.0;5.0;5.0;1.0;1.0;1.0;81.0;0.35;18.0;18.0;18.0;12.0;0
org.apache.jmeter.protocol.http.modifier.UserParameterXMLErrorHandler;1.0;1.0;1.0;1.0;14.0;0.0;14.0;0.0;2.0;1.0;0.0;0.0;1.0;3.0;0.0;3.0;3.0;0.0;0.0;0.0;3.0;55.0;3.0;46.0;5.0;34.0;6.0;7.0;11.0;5.0;6.0;1.0;1.0;1.0;1.0;1.0;0.0;0.0;0.13;3.0;3.0;3.0;3.0;0
org.apache.jmeter.protocol.http.modifier.UserParameterXMLParser;1.0;1.0;1.0;1.0;32.0;5.0;15.0;13.0;1.0;3.0;0.0;0.0;0.0;1.0;0.0;1.0;1.0;0.0;0.0;0.0;1.0;44.0;6.0;18.0;9.0;9.0;21.0;9.0;11.0;6.0;5.0;1.0;1.0;1.0;1.0;1.0;0.0;0.0;1.17;1.0;1.0;1.0;1.0;0
org.apache.jmeter.protocol.http.modifier.UserSequence;1.0;1.0;1.0;1.0;15.0;1.0;9.0;4.0;2.0;1.0;0.0;0.0;1.0;3.0;2.0;3.0;3.0;0.0;0.0;0.0;3.0;74.0;9.0;35.0;8.0;14.0;30.0;11.0;17.0;8.0;9.0;3.0;3.0;3.0;1.0;1.0;1.0;44.0;0.86;5.0;5.0;5.0;3.0;0
org.apache.jmeter.protocol.http.modifier.gui.AnchorModifierGui;1.0;1.0;1.0;1.0;5.0;0.0;4.0;0.0;1.0;2.0;0.0;0.0;0.0;5.0;0.0;5.0;26.0;0.0;1.0;0.0;4.0;36.0;5.0;27.0;7.0;9.0;4.0;9.0;15.0;7.0;8.0;1.0;1.0;1.0;1.0;4.0;0.0;0.0;0.15;5.0;5.0;5.0;5.0;0
org.apache.jmeter.protocol.http.modifier.gui.ParamModifierGui;1.0;1.0;1.0;1.0;13.0;0.0;11.0;1.0;2.0;5.0;0.0;0.0;6.0;12.0;6.0;12.0;33.0;0.0;4.0;1.0;7.0;194.0;23.0;152.0;39.0;91.0;19.0;83.0;102.0;36.0;66.0;5.0;5.0;5.0;1.0;4.0;1.0;81.0;0.12;18.0;18.0;18.0;12.0;0
org.apache.jmeter.protocol.http.modifier.gui.URLRewritingModifierGui;1.0;1.0;1.0;1.0;10.0;1.0;8.0;0.0;1.0;5.0;0.0;0.0;0.0;6.0;3.0;6.0;27.0;0.0;1.0;0.0;5.0;81.0;13.0;58.0;12.0;34.0;10.0;27.0;34.0;12.0;22.0;1.0;1.0;1.0;1.0;4.0;0.0;50.0;0.17;6.0;6.0;6.0;6.0;0
org.apache.jmeter.protocol.http.modifier.gui.UserParameterModifierGui;1.0;1.0;1.0;1.0;8.0;0.0;7.0;0.0;1.0;3.0;0.0;0.0;0.0;9.0;1.0;9.0;30.0;0.0;2.0;0.0;7.0;99.0;14.0;66.0;19.0;35.0;19.0;36.0;46.0;18.0;28.0;1.0;1.0;1.0;1.0;4.0;0.0;66.0;0.29;9.0;9.0;9.0;9.0;0
org.apache.jmeter.protocol.http.parser.FormElement;1.0;1.0;1.0;1.0;8.0;0.0;3.0;4.0;1.0;0.0;0.0;0.0;0.0;9.0;4.0;9.0;9.0;0.0;0.0;0.0;9.0;98.0;9.0;42.0;14.0;8.0;47.0;12.0;22.0;14.0;8.0;1.0;1.0;1.0;1.0;1.0;0.0;77.0;1.12;9.0;9.0;9.0;9.0;0
org.apache.jmeter.protocol.http.parser.HtmlParser;4.0;4.0;4.0;1.0;35.0;2.0;30.0;3.0;2.0;7.0;0.0;12.0;4.0;1.0;0.0;13.0;13.0;0.0;5.0;0.0;8.0;539.0;50.0;429.0;74.0;242.0;61.0;129.0;189.0;57.0;132.0;16.0;16.0;17.0;9.0;1.0;5.0;82.0;0.14;54.0;54.0;64.0;21.0;0
org.apache.jmeter.protocol.http.proxy.Admin;5.0;5.0;5.0;3.0;42.0;2.0;33.0;7.0;1.0;2.0;0.0;0.0;1.0;2.0;7.0;2.0;2.0;1.0;0.0;0.0;1.0;119.0;12.0;79.0;13.0;44.0;30.0;31.0;41.0;12.0;29.0;8.0;8.0;8.0;5.0;2.0;4.0;31.0;0.38;10.0;10.0;10.0;6.0;0
org.apache.jmeter.protocol.http.proxy.Cache;2.0;2.0;2.0;1.0;20.0;2.0;15.0;2.0;1.0;1.0;0.0;0.0;1.0;10.0;4.0;10.0;10.0;0.0;2.0;0.0;8.0;287.0;43.0;166.0;40.0;89.0;79.0;81.0;104.0;39.0;65.0;6.0;6.0;6.0;4.0;1.0;3.0;62.0;0.48;25.0;25.0;26.0;15.0;0
org.apache.jmeter.protocol.http.proxy.Daemon;2.0;2.0;2.0;1.0;22.0;0.0;15.0;6.0;1.0;3.0;0.0;1.0;4.0;6.0;4.0;7.0;7.0;0.0;0.0;0.0;7.0;210.0;19.0;120.0;21.0;59.0;71.0;45.0;64.0;21.0;43.0;8.0;8.0;8.0;5.0;2.0;5.0;75.0;0.59;18.0;18.0;19.0;11.0;0
org.apache.jmeter.protocol.http.proxy.HttpReplyHdr;1.0;1.0;1.0;1.0;12.0;0.0;5.0;5.0;1.0;0.0;0.0;20.0;3.0;1.0;0.0;21.0;21.0;0.0;3.0;0.0;18.0;293.0;34.0;129.0;29.0;57.0;130.0;48.0;72.0;29.0;43.0;3.0;3.0;3.0;1.0;1.0;1.0;90.0;1.01;23.0;23.0;23.0;21.0;0
org.apache.jmeter.protocol.http.proxy.HttpRequestHdr;3.0;3.0;3.0;1.0;22.0;0.0;19.0;3.0;1.0;11.0;0.0;1.0;4.0;12.0;5.0;13.0;13.0;2.0;1.0;0.0;10.0;371.0;22.0;287.0;62.0;167.0;68.0;128.0;172.0;59.0;113.0;6.0;6.0;9.0;3.0;1.0;3.0;83.0;0.24;39.0;39.0;44.0;15.0;0
org.apache.jmeter.protocol.http.proxy.Proxy;2.0;2.0;2.0;1.0;24.0;0.0;17.0;6.0;1.0;9.0;0.0;0.0;1.0;7.0;3.0;7.0;7.0;2.0;3.0;0.0;2.0;201.0;13.0;127.0;29.0;69.0;62.0;49.0;63.0;24.0;39.0;5.0;5.0;5.0;1.0;2.0;1.0;64.0;0.49;15.0;15.0;15.0;7.0;0
org.apache.jmeter.protocol.http.proxy.ProxyControl;1.0;1.0;1.0;1.0;10.0;0.0;8.0;2.0;2.0;26.0;0.0;0.0;16.0;35.0;9.0;35.0;101.0;1.0;8.0;0.0;26.0;462.0;44.0;328.0;116.0;147.0;97.0;133.0;181.0;85.0;96.0;6.0;6.0;7.0;6.0;3.0;4.0;97.0;0.3;57.0;57.0;58.0;46.0;0
org.apache.jmeter.protocol.http.proxy.gui.ProxyControlGui;1.0;1.0;2.0;1.0;18.0;1.0;14.0;2.0;6.0;21.0;0.0;0.0;11.0;31.0;15.0;31.0;57.0;0.0;15.0;3.0;13.0;670.0;81.0;498.0;107.0;314.0;93.0;274.0;334.0;96.0;238.0;10.0;10.0;13.0;3.0;5.0;3.0;90.0;0.19;59.0;59.0;63.0;33.0;0
org.apache.jmeter.protocol.http.sampler.HTTPSampler;4.0;4.0;5.0;1.0;45.0;1.0;30.0;13.0;1.0;15.0;3.0;0.0;3.0;14.0;0.0;14.0;108.0;0.0;5.0;8.0;1.0;832.0;53.0;585.0;105.0;353.0;215.0;250.0;325.0;83.0;242.0;18.0;18.0;21.0;5.0;4.0;4.0;85.0;0.37;63.0;63.0;70.0;20.0;0
org.apache.jmeter.protocol.http.sampler.HTTPSamplerFull;4.0;4.0;4.0;1.0;47.0;1.0;36.0;10.0;1.0;5.0;0.0;3.0;2.0;6.0;1.0;9.0;9.0;0.0;0.0;7.0;2.0;616.0;30.0;429.0;61.0;269.0;157.0;190.0;241.0;53.0;188.0;13.0;13.0;14.0;7.0;1.0;3.0;55.0;0.37;42.0;42.0;43.0;15.0;0
org.apache.jmeter.protocol.http.sampler.PostWriter;1.0;1.0;2.0;1.0;21.0;0.0;17.0;2.0;1.0;6.0;0.0;0.0;3.0;7.0;0.0;7.0;7.0;0.0;5.0;0.0;2.0;201.0;14.0;131.0;37.0;74.0;56.0;48.0;62.0;24.0;38.0;3.0;3.0;4.0;1.0;1.0;2.0;71.0;0.43;13.0;13.0;15.0;7.0;0
org.apache.jmeter.protocol.http.sampler.SoapSampler;1.0;1.0;2.0;1.0;13.0;0.0;10.0;2.0;1.0;5.0;0.0;0.0;3.0;8.0;0.0;8.0;116.0;0.0;0.0;0.0;8.0;131.0;8.0;91.0;19.0;47.0;32.0;36.0;51.0;20.0;31.0;4.0;4.0;5.0;1.0;5.0;2.0;79.0;0.35;15.0;15.0;16.0;8.0;0
org.apache.jmeter.protocol.http.util.Base64Encoder;1.0;1.0;1.0;1.0;14.0;0.0;13.0;0.0;1.0;0.0;0.0;3.0;2.0;1.0;0.0;4.0;4.0;0.0;1.0;0.0;3.0;78.0;4.0;65.0;25.0;43.0;9.0;33.0;41.0;19.0;22.0;3.0;3.0;3.0;3.0;1.0;1.0;75.0;0.14;7.0;7.0;7.0;6.0;0
org.apache.jmeter.protocol.http.util.HTTPArgument;1.0;1.0;1.0;1.0;10.0;0.0;8.0;1.0;2.0;7.0;0.0;1.0;3.0;13.0;0.0;14.0;64.0;0.0;0.0;0.0;14.0;195.0;20.0;160.0;36.0;71.0;15.0;56.0;84.0;31.0;53.0;3.0;3.0;4.0;1.0;3.0;2.0;85.0;0.09;23.0;23.0;26.0;14.0;0
org.apache.jmeter.protocol.java.config.JavaConfig;1.0;1.0;1.0;1.0;11.0;0.0;4.0;6.0;2.0;4.0;0.0;0.0;0.0;7.0;0.0;7.0;49.0;0.0;0.0;0.0;7.0;88.0;7.0;33.0;9.0;9.0;48.0;8.0;16.0;9.0;7.0;1.0;1.0;1.0;1.0;3.0;0.0;0.0;1.45;7.0;7.0;7.0;7.0;0
org.apache.jmeter.protocol.java.config.gui.JavaConfigGui;1.0;1.0;2.0;1.0;19.0;1.0;14.0;4.0;2.0;14.0;0.0;0.0;2.0;10.0;3.0;10.0;31.0;0.0;2.0;1.0;7.0;238.0;31.0;148.0;35.0;87.0;59.0;59.0;79.0;32.0;47.0;8.0;8.0;9.0;1.0;4.0;6.0;74.0;0.4;19.0;19.0;20.0;10.0;0
org.apache.jmeter.protocol.java.control.gui.JavaTestSamplerGui;1.0;1.0;1.0;1.0;7.0;0.0;5.0;1.0;1.0;4.0;0.0;0.0;0.0;6.0;1.0;6.0;27.0;0.0;1.0;0.0;5.0;64.0;9.0;39.0;10.0;18.0;16.0;18.0;25.0;10.0;15.0;1.0;1.0;1.0;1.0;4.0;0.0;50.0;0.41;6.0;6.0;6.0;6.0;0
org.apache.jmeter.protocol.java.sampler.JavaSampler;1.0;1.0;1.0;1.0;13.0;0.0;8.0;5.0;2.0;10.0;0.0;0.0;4.0;14.0;2.0;14.0;54.0;0.0;3.0;0.0;11.0;280.0;23.0;135.0;29.0;66.0;122.0;47.0;72.0;28.0;44.0;4.0;4.0;4.0;1.0;3.0;3.0;79.0;0.9;20.0;20.0;20.0;14.0;0
org.apache.jmeter.protocol.java.test.SleepTest;1.0;1.0;1.0;1.0;20.0;0.0;9.0;10.0;2.0;3.0;0.0;0.0;2.0;9.0;2.0;9.0;13.0;0.0;4.0;0.0;5.0;237.0;20.0;97.0;23.0;49.0;120.0;40.0;54.0;21.0;33.0;4.0;4.0;4.0;1.0;2.0;2.0;77.0;1.24;14.0;14.0;14.0;9.0;0
org.apache.jmeter.protocol.jdbc.config.DbConfig;1.0;1.0;1.0;1.0;3.0;0.0;3.0;0.0;2.0;1.0;0.0;0.0;0.0;5.0;0.0;5.0;53.0;0.0;0.0;0.0;5.0;26.0;4.0;22.0;6.0;4.0;0.0;4.0;10.0;6.0;4.0;1.0;1.0;1.0;1.0;4.0;0.0;0.0;0.0;5.0;5.0;5.0;5.0;0
org.apache.jmeter.protocol.jdbc.config.PoolConfig;1.0;1.0;1.0;1.0;7.0;0.0;7.0;0.0;2.0;2.0;0.0;0.0;0.0;5.0;0.0;5.0;47.0;0.0;0.0;0.0;5.0;45.0;5.0;40.0;8.0;14.0;0.0;10.0;20.0;8.0;12.0;3.0;3.0;3.0;3.0;3.0;1.0;0.0;0.0;9.0;9.0;9.0;9.0;0
org.apache.jmeter.protocol.jdbc.config.SqlConfig;1.0;1.0;1.0;1.0;3.0;0.0;3.0;0.0;2.0;1.0;0.0;0.0;0.0;3.0;0.0;3.0;45.0;0.0;0.0;0.0;3.0;17.0;3.0;14.0;4.0;2.0;0.0;2.0;6.0;4.0;2.0;1.0;1.0;1.0;1.0;3.0;0.0;0.0;0.0;3.0;3.0;3.0;3.0;0
org.apache.jmeter.protocol.jdbc.config.gui.DbConfigGui;1.0;1.0;1.0;1.0;10.0;1.0;8.0;0.0;1.0;6.0;0.0;0.0;2.0;9.0;4.0;9.0;30.0;0.0;3.0;0.0;6.0;118.0;20.0;89.0;25.0;54.0;9.0;51.0;62.0;24.0;38.0;2.0;2.0;2.0;1.0;4.0;1.0;75.0;0.1;10.0;10.0;10.0;9.0;0
org.apache.jmeter.protocol.jdbc.config.gui.PoolConfigGui;1.0;1.0;1.0;1.0;13.0;0.0;11.0;0.0;2.0;6.0;0.0;0.0;4.0;11.0;3.0;11.0;32.0;0.0;3.0;0.0;8.0;173.0;22.0;140.0;29.0;81.0;11.0;56.0;75.0;27.0;48.0;7.0;7.0;7.0;1.0;4.0;3.0;77.0;0.08;18.0;18.0;18.0;11.0;0
org.apache.jmeter.protocol.jdbc.config.gui.SqlConfigGui;1.0;1.0;1.0;1.0;8.0;0.0;7.0;0.0;1.0;4.0;0.0;0.0;0.0;9.0;2.0;9.0;30.0;0.0;2.0;0.0;7.0;91.0;14.0;68.0;18.0;33.0;9.0;32.0;43.0;17.0;26.0;2.0;2.0;2.0;1.0;4.0;1.0;72.0;0.13;10.0;10.0;10.0;9.0;0
org.apache.jmeter.protocol.jdbc.control.gui.JdbcTestSampleGui;1.0;1.0;1.0;1.0;8.0;1.0;7.0;0.0;1.0;6.0;0.0;0.0;0.0;7.0;3.0;7.0;28.0;0.0;1.0;0.0;6.0;77.0;15.0;55.0;14.0;28.0;7.0;31.0;39.0;14.0;25.0;1.0;1.0;1.0;1.0;4.0;0.0;57.0;0.13;7.0;7.0;7.0;7.0;0
org.apache.jmeter.protocol.jdbc.sampler.JDBCSampler;2.0;2.0;2.0;1.0;20.0;1.0;16.0;2.0;3.0;6.0;0.0;0.0;2.0;8.0;2.0;8.0;48.0;0.0;1.0;0.0;7.0;188.0;17.0;142.0;26.0;75.0;29.0;59.0;81.0;28.0;53.0;9.0;9.0;9.0;1.0;2.0;4.0;84.0;0.2;20.0;20.0;20.0;8.0;0
org.apache.jmeter.protocol.jdbc.util.ConnectionObject;2.0;2.0;2.0;1.0;18.0;0.0;14.0;4.0;2.0;2.0;0.0;0.0;2.0;13.0;8.0;13.0;13.0;0.0;0.0;0.0;13.0;280.0;17.0;199.0;26.0;99.0;64.0;69.0;99.0;26.0;73.0;7.0;7.0;8.0;1.0;1.0;4.0;69.0;0.32;30.0;30.0;31.0;13.0;0
org.apache.jmeter.protocol.jdbc.util.DBConnectionManager;2.0;2.0;2.0;1.0;19.0;0.0;15.0;3.0;1.0;7.0;0.0;1.0;2.0;8.0;1.0;9.0;9.0;0.0;4.0;0.0;5.0;207.0;16.0;149.0;33.0;77.0;42.0;40.0;60.0;23.0;37.0;5.0;5.0;5.0;4.0;1.0;2.0;70.0;0.28;20.0;20.0;20.0;14.0;0
org.apache.jmeter.protocol.jdbc.util.DBKey;2.0;2.0;2.0;2.0;13.0;1.0;11.0;0.0;2.0;0.0;0.0;0.0;0.0;10.0;5.0;10.0;10.0;0.0;1.0;0.0;9.0;160.0;25.0;121.0;23.0;53.0;15.0;42.0;65.0;19.0;46.0;11.0;11.0;11.0;11.0;1.0;2.0;58.0;0.12;24.0;24.0;24.0;20.0;0
org.apache.jmeter.reporters.AbstractListenerElement;1.0;1.0;1.0;1.0;4.0;0.0;4.0;0.0;1.0;1.0;1.0;0.0;0.0;4.0;1.0;4.0;44.0;0.0;0.0;1.0;3.0;29.0;5.0;20.0;7.0;5.0;4.0;6.0;11.0;7.0;4.0;1.0;1.0;1.0;1.0;2.0;0.0;50.0;0.2;4.0;4.0;4.0;4.0;0
org.apache.jmeter.reporters.FileReporter;3.0;3.0;4.0;2.0;30.0;2.0;27.0;1.0;1.0;2.0;0.0;0.0;1.0;3.0;1.0;3.0;3.0;0.0;0.0;0.0;3.0;108.0;9.0;87.0;17.0;49.0;12.0;34.0;46.0;16.0;30.0;9.0;9.0;10.0;6.0;2.0;4.0;33.0;0.14;11.0;11.0;12.0;8.0;0
org.apache.jmeter.reporters.MailerResultCollector;1.0;1.0;1.0;1.0;5.0;0.0;4.0;0.0;2.0;4.0;0.0;0.0;1.0;4.0;0.0;4.0;79.0;0.0;0.0;0.0;4.0;41.0;6.0;26.0;9.0;8.0;9.0;8.0;13.0;6.0;7.0;1.0;1.0;1.0;1.0;4.0;0.0;25.0;0.35;4.0;4.0;4.0;4.0;0
org.apache.jmeter.reporters.ResultCollector;2.0;2.0;2.0;1.0;11.0;0.0;10.0;1.0;7.0;8.0;1.0;5.0;9.0;26.0;4.0;31.0;75.0;0.0;12.0;1.0;18.0;435.0;43.0;354.0;82.0;155.0;43.0;108.0;176.0;66.0;110.0;9.0;9.0;9.0;7.0;3.0;4.0;93.0;0.12;69.0;69.0;74.0;37.0;0
org.apache.jmeter.samplers.AbstractSampler;0.0;0.0;0.0;0.0;0.0;0.0;0.0;0.0;2.0;0.0;12.0;0.0;0.0;0.0;0.0;0.0;40.0;0.0;0.0;0.0;0.0;9.0;0.0;5.0;3.0;0.0;4.0;0.0;1.0;1.0;0.0;0.0;0.0;0.0;0.0;2.0;0.0;0.0;0.8;0.0;0.0;0.0;0.0;0
org.apache.jmeter.samplers.CycleEntry;1.0;1.0;1.0;1.0;3.0;0.0;3.0;0.0;1.0;0.0;0.0;0.0;0.0;1.0;0.0;1.0;11.0;0.0;0.0;0.0;1.0;5.0;0.0;5.0;2.0;0.0;0.0;0.0;2.0;2.0;0.0;1.0;1.0;1.0;1.0;2.0;0.0;0.0;0.0;1.0;1.0;1.0;1.0;0
org.apache.jmeter.samplers.Entry;1.0;1.0;1.0;1.0;7.0;0.0;6.0;0.0;1.0;3.0;1.0;0.0;1.0;10.0;3.0;10.0;10.0;0.0;1.0;0.0;9.0;94.0;10.0;74.0;16.0;24.0;10.0;20.0;35.0;16.0;19.0;3.0;3.0;3.0;1.0;1.0;2.0;77.0;0.14;14.0;14.0;14.0;10.0;0
org.apache.jmeter.samplers.RemoteListenerWrapper;2.0;2.0;2.0;1.0;11.0;0.0;11.0;0.0;5.0;5.0;0.0;0.0;1.0;11.0;3.0;11.0;51.0;0.0;1.0;0.0;10.0;164.0;10.0;136.0;22.0;61.0;23.0;40.0;67.0;20.0;47.0;4.0;4.0;4.0;1.0;2.0;3.0;45.0;0.17;24.0;24.0;24.0;11.0;0
org.apache.jmeter.samplers.RemoteSampleListenerImpl;1.0;1.0;1.0;1.0;7.0;0.0;6.0;0.0;4.0;2.0;0.0;0.0;0.0;11.0;2.0;11.0;11.0;0.0;0.0;0.0;11.0;102.0;11.0;79.0;16.0;21.0;12.0;14.0;35.0;14.0;21.0;3.0;3.0;3.0;1.0;2.0;1.0;59.0;0.15;20.0;20.0;20.0;11.0;0
org.apache.jmeter.samplers.RemoteSampleListenerWrapper;1.0;1.0;1.0;1.0;8.0;0.0;8.0;0.0;4.0;3.0;0.0;0.0;1.0;5.0;1.0;5.0;45.0;0.0;0.0;0.0;5.0;53.0;3.0;46.0;10.0;14.0;4.0;9.0;18.0;8.0;10.0;2.0;2.0;2.0;1.0;2.0;1.0;30.0;0.09;8.0;8.0;8.0;5.0;0
org.apache.jmeter.samplers.RemoteTestListenerWrapper;1.0;1.0;1.0;1.0;7.0;0.0;7.0;0.0;4.0;3.0;0.0;0.0;1.0;7.0;1.0;7.0;47.0;0.0;0.0;0.0;7.0;70.0;3.0;60.0;12.0;18.0;7.0;11.0;23.0;10.0;13.0;2.0;2.0;2.0;1.0;2.0;1.0;35.0;0.12;11.0;11.0;11.0;7.0;0
org.apache.jmeter.samplers.SampleEvent;1.0;1.0;1.0;1.0;4.0;0.0;4.0;0.0;2.0;1.0;0.0;0.0;0.0;4.0;2.0;4.0;4.0;0.0;0.0;0.0;4.0;32.0;4.0;21.0;7.0;4.0;7.0;6.0;11.0;7.0;4.0;1.0;1.0;1.0;1.0;1.0;0.0;50.0;0.33;4.0;4.0;4.0;4.0;0
org.apache.jmeter.samplers.SampleResult;1.0;1.0;1.0;1.0;8.0;0.0;5.0;2.0;2.0;3.0;1.0;2.0;6.0;58.0;25.0;60.0;60.0;0.0;2.0;2.0;56.0;678.0;79.0;401.0;109.0;168.0;209.0;154.0;236.0;108.0;128.0;3.0;3.0;3.0;1.0;1.0;1.0;96.0;0.52;76.0;76.0;77.0;60.0;0
org.apache.jmeter.samplers.gui.AbstractSamplerGui;1.0;1.0;1.0;1.0;14.0;0.0;4.0;10.0;1.0;1.0;15.0;0.0;0.0;2.0;0.0;2.0;21.0;0.0;0.0;0.0;2.0;33.0;2.0;11.0;3.0;2.0;20.0;2.0;5.0;3.0;2.0;1.0;1.0;1.0;1.0;3.0;0.0;0.0;1.82;2.0;2.0;2.0;2.0;0
org.apache.jmeter.save.SaveService;4.0;4.0;5.0;1.0;38.0;3.0;31.0;3.0;2.0;15.0;0.0;23.0;22.0;1.0;0.0;24.0;24.0;0.0;8.0;0.0;16.0;1174.0;148.0;838.0;166.0;486.0;191.0;310.0;433.0;131.0;302.0;20.0;20.0;22.0;3.0;1.0;4.0;85.0;0.23;117.0;117.0;124.0;28.0;0
org.apache.jmeter.save.old.BadHandlerException;1.0;1.0;1.0;1.0;3.0;0.0;3.0;0.0;1.0;0.0;0.0;0.0;0.0;3.0;1.0;3.0;3.0;0.0;0.0;0.0;3.0;25.0;3.0;14.0;5.0;2.0;8.0;3.0;7.0;5.0;2.0;1.0;1.0;1.0;1.0;2.0;0.0;33.0;0.57;3.0;3.0;3.0;3.0;0
org.apache.jmeter.save.old.JMeterNameSpaceHandler;2.0;2.0;2.0;1.0;9.0;1.0;8.0;0.0;2.0;4.0;0.0;0.0;2.0;2.0;4.0;2.0;2.0;0.0;0.0;0.0;2.0;53.0;4.0;41.0;14.0;27.0;8.0;16.0;23.0;10.0;13.0;3.0;3.0;3.0;1.0;1.0;1.0;83.0;0.2;4.0;4.0;4.0;2.0;0
org.apache.jmeter.save.old.handlers.AbstractConfigElementHandler;1.0;1.0;1.0;1.0;15.0;2.0;5.0;7.0;1.0;4.0;1.0;0.0;0.0;9.0;2.0;9.0;30.0;0.0;0.0;1.0;8.0;180.0;53.0;54.0;13.0;18.0;73.0;18.0;30.0;13.0;17.0;2.0;2.0;3.0;1.0;2.0;1.0;61.0;1.35;11.0;11.0;12.0;9.0;0
org.apache.jmeter.save.old.handlers.ArgumentsHandler;1.0;1.0;1.0;1.0;6.0;0.0;6.0;0.0;1.0;5.0;0.0;0.0;0.0;8.0;2.0;8.0;29.0;0.0;1.0;0.0;7.0;75.0;9.0;58.0;13.0;22.0;8.0;20.0;32.0;13.0;19.0;2.0;2.0;2.0;1.0;2.0;1.0;68.0;0.14;11.0;11.0;11.0;8.0;0
org.apache.jmeter.save.old.handlers.AssertionHandler;1.0;1.0;1.0;1.0;7.0;0.0;6.0;1.0;2.0;5.0;0.0;0.0;1.0;7.0;1.0;7.0;28.0;0.0;1.0;0.0;6.0;74.0;7.0;52.0;12.0;29.0;15.0;27.0;36.0;11.0;25.0;2.0;2.0;2.0;1.0;2.0;1.0;71.0;0.29;8.0;8.0;8.0;7.0;0
org.apache.jmeter.save.old.handlers.AuthManagerHandler;1.0;1.0;1.0;1.0;5.0;0.0;5.0;0.0;1.0;8.0;0.0;0.0;0.0;6.0;3.0;6.0;27.0;0.0;0.0;0.0;6.0;53.0;5.0;40.0;13.0;15.0;8.0;17.0;25.0;13.0;12.0;2.0;2.0;2.0;1.0;2.0;1.0;83.0;0.2;7.0;7.0;7.0;6.0;0
org.apache.jmeter.save.old.handlers.CookieManagerHandler;1.0;1.0;1.0;1.0;6.0;0.0;6.0;0.0;1.0;7.0;0.0;0.0;0.0;6.0;1.0;6.0;27.0;0.0;0.0;0.0;6.0;54.0;7.0;39.0;11.0;16.0;8.0;15.0;23.0;11.0;12.0;2.0;2.0;2.0;1.0;2.0;1.0;50.0;0.21;7.0;7.0;7.0;6.0;0
org.apache.jmeter.save.old.handlers.FilerHandler;1.0;1.0;1.0;1.0;4.0;0.0;4.0;0.0;1.0;4.0;0.0;0.0;0.0;5.0;1.0;5.0;26.0;0.0;0.0;0.0;5.0;39.0;6.0;25.0;7.0;6.0;8.0;7.0;13.0;7.0;6.0;1.0;1.0;1.0;1.0;2.0;0.0;60.0;0.32;5.0;5.0;5.0;5.0;0
org.apache.jmeter.save.old.handlers.FtpTestHandler;1.0;1.0;1.0;1.0;7.0;0.0;5.0;2.0;1.0;7.0;0.0;0.0;0.0;10.0;1.0;10.0;31.0;0.0;0.0;3.0;7.0;103.0;11.0;54.0;16.0;16.0;38.0;15.0;28.0;14.0;14.0;2.0;2.0;2.0;1.0;2.0;1.0;60.0;0.7;12.0;12.0;12.0;10.0;0
org.apache.jmeter.save.old.handlers.GenericControllerHandler;1.0;1.0;1.0;1.0;12.0;0.0;6.0;6.0;1.0;6.0;1.0;0.0;0.0;8.0;1.0;8.0;29.0;0.0;0.0;3.0;5.0;123.0;12.0;54.0;12.0;20.0;57.0;18.0;29.0;12.0;17.0;3.0;3.0;3.0;1.0;2.0;1.0;75.0;1.06;10.0;10.0;10.0;8.0;0
org.apache.jmeter.save.old.handlers.HeaderManagerHandler;1.0;1.0;1.0;1.0;6.0;0.0;6.0;0.0;1.0;7.0;0.0;0.0;0.0;6.0;1.0;6.0;27.0;0.0;0.0;0.0;6.0;56.0;7.0;41.0;12.0;18.0;8.0;16.0;24.0;12.0;12.0;2.0;2.0;2.0;1.0;2.0;1.0;50.0;0.2;7.0;7.0;7.0;6.0;0
org.apache.jmeter.save.old.handlers.HttpTestSampleHandler;1.0;1.0;1.0;1.0;11.0;0.0;5.0;5.0;1.0;8.0;0.0;0.0;0.0;8.0;1.0;8.0;29.0;0.0;0.0;2.0;6.0;108.0;9.0;47.0;12.0;12.0;52.0;10.0;21.0;11.0;10.0;3.0;3.0;3.0;1.0;2.0;2.0;62.0;1.11;11.0;11.0;11.0;8.0;0
org.apache.jmeter.save.old.handlers.JMeterComponentHandler;1.0;1.0;1.0;1.0;5.0;0.0;5.0;0.0;1.0;4.0;0.0;0.0;0.0;5.0;1.0;5.0;26.0;0.0;0.0;0.0;5.0;42.0;5.0;29.0;8.0;11.0;8.0;12.0;18.0;8.0;10.0;1.0;1.0;1.0;1.0;2.0;0.0;60.0;0.28;5.0;5.0;5.0;5.0;0
org.apache.jmeter.save.old.handlers.JMeterHandler;2.0;2.0;3.0;1.0;17.0;0.0;12.0;4.0;1.0;6.0;0.0;11.0;5.0;1.0;0.0;12.0;12.0;0.0;0.0;0.0;12.0;299.0;19.0;215.0;30.0;141.0;65.0;98.0;124.0;29.0;95.0;19.0;9.0;24.0;4.0;1.0;3.0;91.0;0.3;35.0;25.0;40.0;15.0;0
org.apache.jmeter.save.old.handlers.JdbcTestSampleHandler;1.0;1.0;1.0;1.0;10.0;0.0;5.0;5.0;1.0;6.0;0.0;0.0;1.0;15.0;1.0;15.0;36.0;0.0;3.0;4.0;8.0;191.0;17.0;92.0;25.0;27.0;82.0;20.0;43.0;22.0;21.0;4.0;4.0;4.0;1.0;2.0;1.0;76.0;0.89;22.0;22.0;22.0;15.0;0
org.apache.jmeter.save.old.handlers.LoopControlHandler;1.0;1.0;1.0;1.0;11.0;0.0;6.0;4.0;1.0;6.0;0.0;0.0;0.0;5.0;0.0;5.0;34.0;0.0;0.0;1.0;4.0;63.0;5.0;35.0;7.0;17.0;23.0;17.0;23.0;7.0;16.0;1.0;1.0;1.0;1.0;3.0;0.0;0.0;0.66;5.0;5.0;5.0;5.0;0
org.apache.jmeter.save.old.handlers.ParamMaskHandler;1.0;1.0;1.0;1.0;9.0;0.0;5.0;3.0;1.0;5.0;0.0;0.0;0.0;7.0;1.0;7.0;28.0;0.0;0.0;0.0;7.0;74.0;9.0;41.0;10.0;25.0;24.0;26.0;34.0;10.0;24.0;1.0;1.0;1.0;1.0;2.0;0.0;57.0;0.59;7.0;7.0;7.0;7.0;0
org.apache.jmeter.save.old.handlers.ProxyControlHandler;2.0;2.0;2.0;1.0;17.0;0.0;12.0;4.0;1.0;8.0;0.0;0.0;0.0;5.0;0.0;5.0;35.0;0.0;1.0;0.0;4.0;97.0;10.0;63.0;19.0;39.0;24.0;37.0;48.0;22.0;26.0;7.0;7.0;7.0;1.0;3.0;4.0;0.0;0.38;13.0;13.0;13.0;5.0;0
org.apache.jmeter.save.old.handlers.TestPlanHandler;1.0;1.0;1.0;1.0;9.0;0.0;3.0;6.0;1.0;2.0;0.0;0.0;0.0;5.0;0.0;5.0;26.0;0.0;0.0;0.0;5.0;56.0;5.0;20.0;6.0;2.0;31.0;2.0;8.0;6.0;2.0;1.0;1.0;1.0;1.0;2.0;0.0;0.0;1.55;5.0;5.0;5.0;5.0;0
org.apache.jmeter.save.old.handlers.ThreadGroupHandler;1.0;1.0;1.0;1.0;16.0;0.0;8.0;7.0;1.0;6.0;0.0;0.0;0.0;6.0;1.0;6.0;27.0;0.0;0.0;0.0;6.0;116.0;11.0;52.0;9.0;17.0;53.0;12.0;23.0;9.0;14.0;3.0;3.0;3.0;1.0;2.0;2.0;50.0;1.02;10.0;10.0;10.0;6.0;0
org.apache.jmeter.save.old.handlers.TimerHandler;1.0;1.0;1.0;1.0;8.0;0.0;8.0;0.0;1.0;5.0;0.0;0.0;0.0;7.0;1.0;7.0;28.0;0.0;0.0;0.0;7.0;77.0;6.0;63.0;10.0;29.0;8.0;25.0;36.0;10.0;26.0;2.0;2.0;2.0;1.0;2.0;1.0;42.0;0.13;10.0;10.0;10.0;7.0;0
org.apache.jmeter.save.old.xml.NoCurrentHandlerException;1.0;1.0;1.0;1.0;3.0;0.0;3.0;0.0;1.0;0.0;0.0;0.0;0.0;1.0;0.0;1.0;1.0;0.0;0.0;0.0;1.0;6.0;1.0;5.0;2.0;0.0;0.0;0.0;2.0;2.0;0.0;1.0;1.0;1.0;1.0;2.0;0.0;0.0;0.0;1.0;1.0;1.0;1.0;0
org.apache.jmeter.save.old.xml.TagHandler;1.0;1.0;1.0;1.0;8.0;0.0;8.0;0.0;2.0;1.0;16.0;0.0;1.0;21.0;5.0;21.0;21.0;0.0;1.0;8.0;12.0;222.0;23.0;181.0;37.0;71.0;18.0;53.0;83.0;37.0;46.0;5.0;5.0;5.0;1.0;1.0;3.0;87.0;0.1;38.0;38.0;38.0;21.0;0
org.apache.jmeter.save.old.xml.XmlHandler;2.0;2.0;2.0;1.0;18.0;0.0;12.0;5.0;1.0;5.0;0.0;0.0;1.0;15.0;5.0;15.0;15.0;0.0;4.0;2.0;9.0;305.0;17.0;203.0;39.0;97.0;85.0;65.0;100.0;38.0;62.0;5.0;5.0;5.0;3.0;2.0;2.0;77.0;0.42;34.0;34.0;36.0;17.0;0
org.apache.jmeter.swing.HtmlPane;1.0;1.0;1.0;1.0;11.0;0.0;11.0;0.0;1.0;1.0;0.0;0.0;1.0;2.0;0.0;2.0;2.0;0.0;0.0;0.0;2.0;31.0;2.0;26.0;5.0;10.0;3.0;6.0;12.0;6.0;6.0;1.0;1.0;1.0;1.0;2.0;0.0;100.0;0.12;2.0;2.0;2.0;2.0;0
org.apache.jmeter.testelement.AbstractTestElement;1.0;1.0;1.0;1.0;9.0;0.0;8.0;1.0;3.0;15.0;36.0;0.0;1.0;40.0;5.0;40.0;40.0;0.0;0.0;9.0;31.0;441.0;41.0;329.0;68.0;134.0;71.0;87.0;159.0;64.0;95.0;4.0;4.0;5.0;1.0;1.0;2.0;91.0;0.22;72.0;72.0;74.0;40.0;0
org.apache.jmeter.testelement.TestPlan;1.0;1.0;1.0;1.0;7.0;0.0;5.0;1.0;2.0;9.0;0.0;1.0;7.0;15.0;2.0;16.0;56.0;0.0;1.0;0.0;15.0;158.0;18.0;111.0;32.0;42.0;29.0;34.0;56.0;28.0;28.0;3.0;3.0;3.0;1.0;2.0;2.0;91.0;0.26;21.0;21.0;22.0;16.0;0
org.apache.jmeter.testelement.VariablesCollection;1.0;1.0;1.0;1.0;4.0;0.0;4.0;0.0;2.0;1.0;0.0;0.0;0.0;2.0;1.0;2.0;2.0;0.0;0.0;0.0;2.0;18.0;3.0;12.0;4.0;3.0;3.0;3.0;6.0;4.0;2.0;1.0;1.0;1.0;1.0;1.0;0.0;0.0;0.25;2.0;2.0;2.0;2.0;0
org.apache.jmeter.testelement.WorkBench;1.0;1.0;1.0;1.0;5.0;0.0;3.0;1.0;2.0;0.0;0.0;0.0;0.0;2.0;0.0;2.0;42.0;0.0;0.0;0.0;2.0;15.0;2.0;10.0;3.0;1.0;3.0;1.0;4.0;3.0;1.0;1.0;1.0;1.0;1.0;2.0;0.0;0.0;0.3;2.0;2.0;2.0;2.0;0
org.apache.jmeter.threads.JMeterThread;1.0;1.0;1.0;1.0;12.0;0.0;9.0;2.0;3.0;25.0;0.0;0.0;3.0;32.0;18.0;32.0;32.0;0.0;12.0;0.0;20.0;496.0;47.0;360.0;88.0;164.0;91.0;133.0;199.0;83.0;116.0;11.0;11.0;16.0;1.0;1.0;6.0;91.0;0.25;56.0;56.0;63.0;32.0;0
org.apache.jmeter.threads.JMeterVariables;1.0;1.0;1.0;1.0;4.0;0.0;3.0;0.0;1.0;0.0;0.0;0.0;0.0;12.0;2.0;12.0;12.0;0.0;0.0;0.0;12.0;69.0;11.0;51.0;15.0;13.0;7.0;13.0;26.0;15.0;11.0;1.0;1.0;1.0;1.0;1.0;0.0;58.0;0.14;12.0;12.0;12.0;12.0;0
org.apache.jmeter.threads.ListenerNotifier;2.0;2.0;2.0;1.0;23.0;1.0;13.0;9.0;1.0;3.0;0.0;0.0;2.0;8.0;3.0;8.0;8.0;0.0;3.0;0.0;5.0;247.0;24.0;113.0;23.0;55.0;110.0;38.0;60.0;22.0;38.0;8.0;8.0;9.0;3.0;1.0;3.0;72.0;0.97;20.0;20.0;21.0;10.0;0
org.apache.jmeter.threads.ReflectionThreadGroup;0.0;0.0;0.0;0.0;0.0;0.0;0.0;0.0;1.0;0.0;0.0;0.0;0.0;0.0;0.0;0.0;69.0;0.0;0.0;0.0;0.0;16.0;1.0;3.0;1.0;0.0;12.0;0.0;1.0;1.0;0.0;0.0;0.0;0.0;0.0;3.0;0.0;0.0;4.0;0.0;0.0;0.0;0.0;0
org.apache.jmeter.threads.SamplePackage;1.0;1.0;1.0;1.0;7.0;0.0;5.0;1.0;1.0;8.0;0.0;0.0;1.0;29.0;10.0;29.0;29.0;0.0;2.0;0.0;27.0;250.0;29.0;172.0;52.0;65.0;49.0;68.0;100.0;43.0;57.0;2.0;2.0;2.0;1.0;1.0;1.0;83.0;0.28;31.0;31.0;31.0;29.0;0
org.apache.jmeter.threads.TestCompiler;2.0;2.0;2.0;1.0;13.0;0.0;12.0;0.0;3.0;17.0;0.0;1.0;2.0;13.0;4.0;14.0;14.0;0.0;4.0;0.0;10.0;309.0;27.0;257.0;65.0;128.0;27.0;89.0;138.0;63.0;75.0;10.0;10.0;10.0;5.0;1.0;4.0;86.0;0.11;33.0;33.0;33.0;18.0;0
org.apache.jmeter.threads.ThreadGroup;1.0;1.0;1.0;1.0;8.0;0.0;4.0;4.0;4.0;11.0;1.0;0.0;15.0;29.0;3.0;29.0;69.0;0.0;0.0;0.0;29.0;423.0;45.0;220.0;59.0;84.0;159.0;64.0;108.0;57.0;51.0;2.0;2.0;2.0;1.0;2.0;1.0;95.0;0.72;30.0;30.0;30.0;29.0;0
org.apache.jmeter.threads.gui.ThreadGroupGui;1.0;1.0;1.0;1.0;15.0;1.0;12.0;1.0;2.0;15.0;0.0;0.0;2.0;19.0;12.0;19.0;38.0;0.0;8.0;0.0;11.0;347.0;51.0;257.0;59.0;172.0;40.0;143.0;169.0;56.0;113.0;3.0;3.0;3.0;3.0;3.0;2.0;85.0;0.16;25.0;25.0;26.0;21.0;0
org.apache.jmeter.timers.ConstantTimer;1.0;1.0;1.0;1.0;8.0;0.0;3.0;4.0;4.0;2.0;1.0;0.0;1.0;8.0;1.0;8.0;48.0;0.0;0.0;0.0;8.0;104.0;12.0;37.0;13.0;8.0;55.0;8.0;17.0;11.0;6.0;1.0;1.0;1.0;1.0;2.0;0.0;68.0;1.49;8.0;8.0;8.0;8.0;0
org.apache.jmeter.timers.GaussianRandomTimer;1.0;1.0;1.0;1.0;4.0;0.0;4.0;0.0;2.0;1.0;0.0;0.0;0.0;2.0;0.0;2.0;54.0;0.0;0.0;0.0;2.0;13.0;1.0;12.0;3.0;3.0;0.0;2.0;5.0;3.0;2.0;1.0;1.0;1.0;1.0;4.0;0.0;0.0;0.0;2.0;2.0;2.0;2.0;0
org.apache.jmeter.timers.RandomTimer;1.0;1.0;1.0;1.0;6.0;0.0;4.0;2.0;3.0;2.0;2.0;0.0;1.0;4.0;1.0;4.0;52.0;0.0;0.0;0.0;4.0;49.0;6.0;23.0;9.0;5.0;20.0;6.0;11.0;7.0;4.0;1.0;1.0;1.0;1.0;3.0;0.0;50.0;0.87;4.0;4.0;4.0;4.0;0
org.apache.jmeter.timers.UniformRandomTimer;1.0;1.0;1.0;1.0;4.0;0.0;4.0;0.0;2.0;1.0;0.0;0.0;0.0;2.0;0.0;2.0;54.0;0.0;0.0;0.0;2.0;14.0;2.0;12.0;3.0;3.0;0.0;2.0;5.0;3.0;2.0;1.0;1.0;1.0;1.0;4.0;0.0;0.0;0.0;2.0;2.0;2.0;2.0;0
org.apache.jmeter.timers.gui.AbstractTimerGui;1.0;1.0;1.0;1.0;14.0;0.0;4.0;10.0;1.0;1.0;4.0;0.0;0.0;2.0;0.0;2.0;21.0;0.0;0.0;0.0;2.0;31.0;1.0;10.0;3.0;2.0;20.0;2.0;5.0;3.0;2.0;1.0;1.0;1.0;1.0;3.0;0.0;0.0;2.0;2.0;2.0;2.0;2.0;0
org.apache.jmeter.timers.gui.ConstantTimerGui;1.0;1.0;1.0;1.0;9.0;0.0;5.0;3.0;1.0;4.0;0.0;1.0;2.0;7.0;1.0;8.0;29.0;0.0;1.0;0.0;7.0;102.0;12.0;53.0;15.0;25.0;37.0;26.0;35.0;15.0;20.0;1.0;1.0;1.0;1.0;4.0;0.0;70.0;0.7;8.0;8.0;8.0;8.0;0
org.apache.jmeter.timers.gui.GaussianRandomTimerGui;1.0;1.0;1.0;1.0;12.0;1.0;8.0;3.0;1.0;7.0;0.0;1.0;4.0;7.0;2.0;8.0;29.0;0.0;1.0;0.0;7.0;130.0;20.0;73.0;19.0;44.0;37.0;46.0;55.0;19.0;36.0;1.0;1.0;1.0;1.0;4.0;0.0;70.0;0.51;8.0;8.0;8.0;8.0;0
org.apache.jmeter.timers.gui.UniformRandomTimerGui;1.0;1.0;1.0;1.0;12.0;1.0;7.0;3.0;1.0;7.0;0.0;1.0;4.0;7.0;2.0;8.0;29.0;0.0;1.0;0.0;7.0;131.0;21.0;72.0;19.0;43.0;40.0;45.0;54.0;19.0;35.0;1.0;1.0;1.0;1.0;4.0;0.0;70.0;0.56;8.0;8.0;8.0;8.0;0
org.apache.jmeter.util.ColorHelper;2.0;2.0;2.0;1.0;20.0;0.0;13.0;6.0;1.0;0.0;0.0;1.0;0.0;1.0;0.0;2.0;2.0;0.0;1.0;0.0;1.0;51.0;1.0;30.0;8.0;15.0;20.0;12.0;18.0;8.0;10.0;4.0;4.0;4.0;1.0;1.0;1.0;0.0;0.67;5.0;5.0;5.0;2.0;0
org.apache.jmeter.util.JMeterUtils;2.0;2.0;2.0;1.0;20.0;0.0;14.0;5.0;2.0;6.0;0.0;46.0;23.0;1.0;0.0;47.0;47.0;0.0;2.0;0.0;45.0;1049.0;35.0;715.0;148.0;382.0;303.0;234.0;338.0;133.0;205.0;9.0;9.0;9.0;7.0;1.0;4.0;97.0;0.42;109.0;109.0;116.0;56.0;0
org.apache.jmeter.util.JsseSSLManager;5.0;5.0;5.0;1.0;39.0;0.0;33.0;5.0;1.0;4.0;0.0;0.0;1.0;4.0;3.0;4.0;12.0;0.0;1.0;1.0;2.0;231.0;7.0;171.0;35.0;88.0;53.0;56.0;78.0;27.0;51.0;11.0;11.0;11.0;1.0;2.0;2.0;56.0;0.31;20.0;20.0;20.0;4.0;0
org.apache.jmeter.util.SSLManager;3.0;3.0;3.0;1.0;28.0;2.0;23.0;3.0;1.0;4.0;1.0;3.0;5.0;5.0;3.0;8.0;8.0;0.0;0.0;4.0;4.0;323.0;29.0;207.0;31.0;114.0;87.0;63.0;90.0;26.0;64.0;9.0;9.0;10.0;4.0;1.0;4.0;79.0;0.42;26.0;26.0;27.0;11.0;0
org.apache.jmeter.util.StringUtilities;1.0;1.0;1.0;1.0;10.0;0.0;8.0;1.0;1.0;0.0;0.0;1.0;0.0;1.0;0.0;2.0;2.0;0.0;1.0;0.0;1.0;66.0;6.0;54.0;20.0;28.0;8.0;21.0;30.0;20.0;10.0;2.0;2.0;2.0;1.0;1.0;1.0;0.0;0.15;3.0;3.0;3.0;2.0;0
org.apache.jmeter.util.keystore.DefaultKeyStore;2.0;2.0;2.0;1.0;10.0;1.0;9.0;0.0;1.0;0.0;0.0;0.0;0.0;5.0;4.0;5.0;10.0;0.0;0.0;0.0;5.0;71.0;10.0;55.0;14.0;23.0;6.0;24.0;35.0;15.0;20.0;6.0;6.0;6.0;3.0;2.0;3.0;60.0;0.11;10.0;10.0;10.0;7.0;0
org.apache.jmeter.util.keystore.JmeterKeyStore;1.0;1.0;1.0;1.0;7.0;0.0;5.0;1.0;1.0;0.0;2.0;1.0;0.0;4.0;0.0;5.0;5.0;0.0;0.0;0.0;5.0;48.0;6.0;27.0;13.0;10.0;15.0;10.0;14.0;10.0;4.0;3.0;3.0;3.0;3.0;1.0;2.0;0.0;0.56;7.0;7.0;7.0;7.0;0
org.apache.jmeter.util.keystore.PKCS12KeyStore;2.0;2.0;2.0;1.0;15.0;2.0;11.0;1.0;1.0;0.0;0.0;0.0;0.0;5.0;3.0;5.0;10.0;0.0;0.0;0.0;5.0;99.0;17.0;64.0;18.0;28.0;18.0;26.0;39.0;17.0;22.0;7.0;7.0;9.0;4.0;2.0;3.0;60.0;0.28;12.0;12.0;14.0;8.0;0
org.apache.jmeter.visualizers.AssertionVisualizer;1.0;1.0;2.0;1.0;14.0;1.0;12.0;0.0;2.0;3.0;0.0;0.0;0.0;6.0;1.0;6.0;40.0;0.0;2.0;0.0;4.0;103.0;16.0;79.0;18.0;43.0;8.0;37.0;50.0;18.0;32.0;5.0;5.0;6.0;1.0;4.0;4.0;50.0;0.1;11.0;11.0;12.0;6.0;0
org.apache.jmeter.visualizers.BarVisualizer;1.0;1.0;1.0;1.0;7.0;0.0;6.0;0.0;3.0;2.0;0.0;0.0;1.0;7.0;2.0;7.0;7.0;0.0;0.0;0.0;7.0;150.0;31.0;110.0;31.0;54.0;9.0;61.0;79.0;31.0;48.0;1.0;1.0;1.0;1.0;2.0;0.0;61.0;0.08;7.0;7.0;7.0;7.0;0
org.apache.jmeter.visualizers.Graph;1.0;1.0;1.0;1.0;11.0;0.0;8.0;2.0;3.0;4.0;0.0;0.0;2.0;18.0;8.0;18.0;18.0;0.0;2.0;0.0;16.0;250.0;31.0;171.0;43.0;82.0;48.0;65.0;97.0;43.0;54.0;7.0;7.0;7.0;1.0;2.0;2.0;87.0;0.28;28.0;28.0;31.0;18.0;0
org.apache.jmeter.visualizers.GraphAccum;2.0;2.0;2.0;1.0;23.0;1.0;16.0;5.0;3.0;5.0;0.0;0.0;3.0;16.0;5.0;16.0;16.0;0.0;2.0;0.0;14.0;429.0;45.0;279.0;55.0;168.0;105.0;124.0;161.0;49.0;112.0;16.0;16.0;16.0;1.0;2.0;3.0;81.0;0.38;33.0;33.0;33.0;16.0;0
org.apache.jmeter.visualizers.GraphAccumModel;1.0;1.0;1.0;1.0;13.0;0.0;8.0;4.0;3.0;3.0;0.0;0.0;1.0;11.0;10.0;11.0;11.0;0.0;0.0;2.0;9.0;177.0;15.0;102.0;26.0;48.0;60.0;46.0;63.0;26.0;37.0;3.0;3.0;3.0;1.0;1.0;2.0;80.0;0.59;16.0;16.0;16.0;11.0;0
org.apache.jmeter.visualizers.GraphAccumVisualizer;1.0;1.0;1.0;1.0;13.0;1.0;8.0;3.0;4.0;5.0;0.0;0.0;1.0;10.0;3.0;10.0;44.0;0.0;1.0;0.0;9.0;161.0;23.0;95.0;29.0;57.0;43.0;55.0;66.0;25.0;41.0;1.0;1.0;1.0;1.0;4.0;0.0;57.0;0.45;10.0;10.0;10.0;10.0;0
org.apache.jmeter.visualizers.GraphModel;1.0;1.0;1.0;1.0;11.0;0.0;8.0;3.0;3.0;5.0;1.0;0.0;0.0;20.0;10.0;20.0;20.0;0.0;0.0;3.0;17.0;274.0;27.0;173.0;41.0;79.0;74.0;64.0;95.0;39.0;56.0;7.0;7.0;7.0;1.0;1.0;2.0;83.0;0.43;29.0;29.0;29.0;20.0;0
org.apache.jmeter.visualizers.GraphVisualizer;1.0;1.0;1.0;1.0;19.0;1.0;11.0;6.0;4.0;6.0;0.0;0.0;0.0;20.0;16.0;20.0;54.0;0.0;12.0;0.0;8.0;453.0;50.0;256.0;64.0;163.0;147.0;140.0;166.0;53.0;113.0;6.0;6.0;6.0;1.0;4.0;1.0;86.0;0.57;29.0;29.0;29.0;20.0;0
org.apache.jmeter.visualizers.MailerVisualizer;1.0;1.0;1.0;1.0;18.0;1.0;14.0;2.0;4.0;7.0;0.0;0.0;1.0;15.0;9.0;15.0;49.0;0.0;1.0;0.0;14.0;348.0;53.0;227.0;44.0;149.0;68.0;141.0;163.0;42.0;121.0;4.0;4.0;4.0;1.0;4.0;2.0;79.0;0.3;22.0;22.0;22.0;15.0;0
org.apache.jmeter.visualizers.RunningSample;2.0;2.0;2.0;1.0;13.0;0.0;8.0;4.0;1.0;1.0;0.0;0.0;2.0;21.0;9.0;21.0;21.0;0.0;2.0;0.0;19.0;338.0;44.0;194.0;45.0;98.0;105.0;92.0;135.0;45.0;90.0;6.0;6.0;6.0;3.0;1.0;1.0;77.0;0.54;42.0;42.0;42.0;25.0;0
org.apache.jmeter.visualizers.Spline3;3.0;3.0;3.0;1.0;23.0;0.0;17.0;4.0;1.0;1.0;0.0;0.0;3.0;16.0;9.0;16.0;16.0;0.0;0.0;4.0;12.0;473.0;30.0;302.0;49.0;156.0;145.0;154.0;212.0;52.0;160.0;14.0;14.0;15.0;1.0;1.0;3.0;80.0;0.48;57.0;57.0;59.0;16.0;0
org.apache.jmeter.visualizers.SplineModel;1.0;1.0;1.0;1.0;5.0;0.0;5.0;0.0;2.0;7.0;0.0;0.0;0.0;18.0;9.0;18.0;18.0;0.0;0.0;0.0;18.0;146.0;26.0;111.0;31.0;39.0;10.0;40.0;64.0;33.0;31.0;5.0;5.0;5.0;1.0;1.0;3.0;88.0;0.09;23.0;23.0;23.0;18.0;0
org.apache.jmeter.visualizers.SplineVisualizer;1.0;1.0;1.0;1.0;12.0;1.0;10.0;0.0;4.0;6.0;0.0;0.0;0.0;15.0;17.0;15.0;49.0;0.0;0.0;0.0;15.0;312.0;56.0;229.0;61.0;148.0;28.0;136.0;164.0;61.0;103.0;3.0;3.0;3.0;1.0;4.0;2.0;89.0;0.12;19.0;19.0;19.0;15.0;0
org.apache.jmeter.visualizers.SplineVisualizer.SplineGraph;2.0;2.0;2.0;1.0;20.0;2.0;15.0;3.0;1.0;4.0;0.0;0.0;0.0;3.0;5.0;3.0;3.0;0.0;0.0;0.0;3.0;76.0;10.0;53.0;13.0;34.0;14.0;28.0;35.0;15.0;20.0;4.0;4.0;5.0;1.0;2.0;1.0;53.0;0.26;6.0;6.0;7.0;3.0;0
org.apache.jmeter.visualizers.StatVisualizer;1.0;1.0;1.0;1.0;13.0;0.0;10.0;1.0;2.0;6.0;0.0;0.0;0.0;6.0;6.0;6.0;40.0;0.0;1.0;0.0;5.0;113.0;12.0;81.0;26.0;52.0;20.0;36.0;45.0;17.0;28.0;2.0;2.0;2.0;1.0;4.0;1.0;69.0;0.25;7.0;7.0;7.0;6.0;0
org.apache.jmeter.visualizers.StatVisualizerModel;1.0;1.0;1.0;1.0;9.0;0.0;6.0;2.0;2.0;5.0;0.0;0.0;0.0;14.0;5.0;14.0;14.0;0.0;0.0;2.0;12.0;234.0;33.0;155.0;37.0;73.0;46.0;73.0;98.0;36.0;62.0;3.0;3.0;3.0;3.0;1.0;2.0;71.0;0.3;19.0;19.0;19.0;18.0;0
org.apache.jmeter.visualizers.TableDataModel;2.0;1.0;2.0;1.0;10.0;0.0;8.0;1.0;2.0;6.0;0.0;0.0;1.0;15.0;1.0;15.0;35.0;0.0;0.0;0.0;15.0;186.0;23.0;131.0;25.0;54.0;32.0;33.0;62.0;20.0;42.0;9.0;9.0;13.0;9.0;2.0;2.0;86.0;0.24;31.0;28.0;35.0;27.0;0
org.apache.jmeter.visualizers.TableVisualizer;1.0;1.0;1.0;1.0;20.0;2.0;17.0;1.0;2.0;7.0;0.0;0.0;0.0;7.0;10.0;7.0;41.0;0.0;1.0;1.0;5.0;179.0;22.0;138.0;39.0;106.0;19.0;93.0;102.0;31.0;71.0;1.0;1.0;1.0;1.0;4.0;0.0;65.0;0.14;7.0;7.0;7.0;7.0;0
org.apache.jmeter.visualizers.TreeVisualizer;1.0;1.0;1.0;1.0;12.0;0.0;8.0;4.0;3.0;2.0;0.0;0.0;1.0;7.0;11.0;7.0;7.0;0.0;0.0;1.0;6.0;172.0;25.0;74.0;23.0;40.0;73.0;51.0;58.0;23.0;35.0;3.0;3.0;3.0;1.0;2.0;1.0;78.0;0.99;9.0;9.0;9.0;7.0;0
org.apache.jmeter.visualizers.ViewResultsFullVisualizer;2.0;2.0;2.0;1.0;24.0;2.0;19.0;2.0;4.0;4.0;0.0;1.0;8.0;18.0;11.0;19.0;53.0;0.0;7.0;4.0;8.0;559.0;80.0;428.0;94.0;262.0;57.0;201.0;253.0;81.0;172.0;16.0;14.0;17.0;3.0;4.0;5.0;85.0;0.13;51.0;49.0;54.0;21.0;0
org.apache.jmeter.visualizers.WindowedVisualizer;1.0;1.0;1.0;1.0;17.0;3.0;13.0;0.0;2.0;2.0;0.0;0.0;0.0;6.0;6.0;6.0;6.0;0.0;0.0;0.0;6.0;260.0;51.0;196.0;48.0;109.0;13.0;112.0;139.0;49.0;90.0;3.0;3.0;3.0;1.0;2.0;1.0;61.0;0.07;8.0;8.0;8.0;6.0;0
org.apache.jmeter.visualizers.WindowedVisualizer.Graph;1.0;1.0;1.0;1.0;7.0;0.0;7.0;0.0;2.0;0.0;0.0;0.0;0.0;13.0;9.0;13.0;13.0;0.0;0.0;0.0;13.0;128.0;23.0;105.0;27.0;51.0;0.0;50.0;70.0;28.0;42.0;4.0;4.0;4.0;1.0;2.0;2.0;76.0;0.0;19.0;19.0;19.0;13.0;0
org.apache.jmeter.visualizers.gui.AbstractVisualizer;1.0;1.0;1.0;1.0;13.0;0.0;6.0;7.0;4.0;8.0;11.0;0.0;1.0;15.0;3.0;15.0;34.0;0.0;0.0;6.0;9.0;299.0;23.0;101.0;25.0;41.0;175.0;38.0;57.0;23.0;34.0;2.0;2.0;2.0;1.0;3.0;1.0;76.0;1.73;18.0;18.0;18.0;15.0;0
org.apache.jorphan.collections.Data;2.0;2.0;2.0;1.0;18.0;0.0;13.0;4.0;2.0;2.0;0.0;1.0;1.0;35.0;4.0;36.0;36.0;0.0;2.0;0.0;34.0;742.0;54.0;503.0;90.0;238.0;186.0;197.0;292.0;99.0;193.0;9.0;9.0;11.0;3.0;1.0;4.0;67.0;0.37;94.0;94.0;99.0;40.0;0
org.apache.jorphan.collections.HashTree;1.0;1.0;1.0;1.0;13.0;0.0;6.0;7.0;3.0;3.0;2.0;0.0;0.0;66.0;1.0;66.0;66.0;2.0;1.0;6.0;57.0;1126.0;88.0;549.0;130.0;226.0;491.0;196.0;309.0;129.0;180.0;3.0;3.0;3.0;3.0;1.0;2.0;60.0;0.89;91.0;91.0;92.0;68.0;0
org.apache.jorphan.collections.ListedHashTree;1.0;1.0;1.0;1.0;7.0;0.0;6.0;1.0;3.0;0.0;0.0;0.0;0.0;24.0;1.0;24.0;90.0;2.0;0.0;0.0;22.0;309.0;37.0;222.0;44.0;116.0;50.0;110.0;148.0;44.0;104.0;2.0;2.0;3.0;1.0;2.0;1.0;33.0;0.23;33.0;33.0;34.0;24.0;0
org.apache.jorphan.collections.SortedHashTree;1.0;1.0;1.0;1.0;8.0;0.0;8.0;0.0;2.0;0.0;0.0;0.0;0.0;13.0;1.0;13.0;79.0;0.0;0.0;3.0;10.0;138.0;12.0;110.0;18.0;44.0;16.0;37.0;59.0;20.0;39.0;2.0;2.0;2.0;1.0;2.0;1.0;30.0;0.15;21.0;21.0;21.0;13.0;0
org.apache.jorphan.gui.ComponentUtil;1.0;1.0;1.0;1.0;18.0;0.0;11.0;6.0;1.0;0.0;0.0;3.0;0.0;1.0;0.0;4.0;4.0;0.0;1.0;0.0;3.0;85.0;5.0;48.0;12.0;25.0;32.0;15.0;22.0;8.0;14.0;3.0;3.0;3.0;3.0;1.0;1.0;0.0;0.67;6.0;6.0;6.0;6.0;0
org.apache.jorphan.gui.JLabeledChoice;1.0;1.0;1.0;1.0;10.0;0.0;6.0;3.0;2.0;2.0;0.0;0.0;0.0;18.0;5.0;18.0;18.0;0.0;2.0;0.0;16.0;246.0;26.0;156.0;32.0;69.0;65.0;68.0;99.0;36.0;63.0;2.0;2.0;2.0;1.0;2.0;1.0;72.0;0.42;22.0;22.0;22.0;18.0;0
org.apache.jorphan.gui.JLabeledPasswordField;1.0;1.0;1.0;1.0;6.0;0.0;4.0;2.0;1.0;0.0;0.0;0.0;0.0;3.0;0.0;3.0;19.0;0.0;0.0;1.0;2.0;23.0;3.0;14.0;4.0;3.0;6.0;3.0;7.0;4.0;3.0;1.0;1.0;1.0;1.0;3.0;0.0;0.0;0.43;3.0;3.0;3.0;3.0;0
org.apache.jorphan.gui.JLabeledTextArea;1.0;1.0;1.0;1.0;10.0;0.0;5.0;4.0;3.0;0.0;0.0;0.0;0.0;14.0;4.0;14.0;14.0;0.0;2.0;0.0;12.0;179.0;18.0;87.0;23.0;33.0;74.0;34.0;52.0;22.0;30.0;2.0;2.0;2.0;1.0;2.0;1.0;69.0;0.85;17.0;17.0;17.0;14.0;0
org.apache.jorphan.gui.JLabeledTextField;1.0;1.0;1.0;1.0;9.0;0.0;5.0;3.0;3.0;0.0;1.0;0.0;0.0;16.0;4.0;16.0;16.0;0.0;1.0;2.0;13.0;184.0;19.0;91.0;25.0;32.0;74.0;34.0;53.0;24.0;29.0;2.0;2.0;2.0;1.0;2.0;1.0;71.0;0.81;18.0;18.0;18.0;16.0;0
org.apache.jorphan.gui.layout.VerticalLayout;2.0;2.0;2.0;1.0;15.0;0.0;10.0;4.0;3.0;0.0;0.0;0.0;6.0;11.0;3.0;11.0;11.0;0.0;1.0;0.0;10.0;240.0;19.0;132.0;36.0;66.0;90.0;56.0;80.0;39.0;41.0;8.0;8.0;8.0;1.0;1.0;3.0;80.0;0.68;22.0;22.0;22.0;11.0;0
org.apache.jorphan.io.TextFile;2.0;2.0;2.0;1.0;17.0;0.0;11.0;5.0;1.0;1.0;0.0;0.0;1.0;8.0;1.0;8.0;8.0;0.0;0.0;0.0;8.0;164.0;10.0;98.0;17.0;48.0;56.0;29.0;48.0;17.0;31.0;7.0;7.0;7.0;1.0;2.0;3.0;62.0;0.57;18.0;18.0;18.0;8.0;0
org.apache.jorphan.logging.LoggingManager;2.0;2.0;2.0;1.0;12.0;0.0;10.0;1.0;1.0;1.0;0.0;17.0;11.0;1.0;0.0;18.0;18.0;0.0;8.0;0.0;10.0;298.0;29.0;210.0;51.0;115.0;63.0;83.0;116.0;47.0;69.0;8.0;8.0;8.0;1.0;1.0;2.0;90.0;0.3;37.0;37.0;38.0;18.0;0
org.apache.jorphan.reflect.ClassFinder;3.0;3.0;3.0;1.0;28.0;0.0;20.0;7.0;1.0;1.0;0.0;17.0;1.0;1.0;0.0;18.0;18.0;0.0;16.0;0.0;2.0;540.0;15.0;377.0;79.0;194.0;151.0;145.0;206.0;63.0;143.0;9.0;9.0;9.0;5.0;1.0;4.0;88.0;0.4;62.0;62.0;69.0;27.0;0