DY
290
43
AvgCyclomatic;AvgCyclomaticModified;AvgCyclomaticStrict;AvgEssential;AvgLine;AvgLineBlank;AvgLineCode;AvgLineComment;CountClassBase;CountClassCoupled;CountClassDerived;CountDeclClassMethod;CountDeclClassVariable;CountDeclInstanceMethod;CountDeclInstanceVariable;CountDeclMethod;CountDeclMethodAll;CountDeclMethodDefault;CountDeclMethodPrivate;CountDeclMethodProtected;CountDeclMethodPublic;CountLine;CountLineBlank;CountLineCode;CountLineCodeDecl;CountLineCodeExe;CountLineComment;CountSemicolon;CountStmt;CountStmtDecl;CountStmtExe;MaxCyclomatic;MaxCyclomaticModified;MaxCyclomaticStrict;MaxEssential;MaxInheritanceTree;MaxNesting;PercentLackOfCohesion;RatioCommentToCode;SumCyclomatic;SumCyclomaticModified;SumCyclomaticStrict;SumEssential
org.apache.jmeter.JMeter;4.0;4.0;4.0;1.0;25.0;1.0;22.0;4.0;2.0;41.0;0.0;1.0;22.0;15.0;1.0;16.0;16.0;0.0;8.0;0.0;8.0;611.0;65.0;464.0;119.0;362.0;154.0;242.0;315.0;106.0;209.0;13.0;10.0;13.0;3.0;1.0;4.0;91.0;0.33;68.0;65.0;72.0;18.0;0
org.apache.jmeter.NewDriver;2.0;2.0;2.0;1.0;12.0;0.0;8.0;3.0;1.0;1.0;0.0;4.0;2.0;1.0;8.0;5.0;5.0;0.0;1.0;0.0;4.0;139.0;16.0;96.0;29.0;66.0;30.0;47.0;68.0;29.0;39.0;5.0;5.0;7.0;1.0;1.0;2.0;90.0;0.31;10.0;10.0;12.0;5.0;0
org.apache.jmeter.ProxyAuthenticator;1.0;1.0;1.0;1.0;11.0;0.0;3.0;7.0;1.0;0.0;0.0;0.0;0.0;2.0;2.0;2.0;2.0;0.0;0.0;1.0;1.0;38.0;3.0;11.0;5.0;3.0;24.0;5.0;8.0;5.0;3.0;1.0;1.0;1.0;1.0;2.0;0.0;0.0;2.18;2.0;2.0;2.0;2.0;0
org.apache.jmeter.assertions.AssertionResult;1.0;1.0;1.0;1.0;9.0;0.0;3.0;6.0;2.0;0.0;0.0;0.0;1.0;9.0;3.0;9.0;9.0;0.0;0.0;0.0;9.0;113.0;13.0;38.0;14.0;15.0;62.0;18.0;28.0;14.0;14.0;1.0;1.0;1.0;1.0;1.0;0.0;63.0;1.63;9.0;9.0;9.0;9.0;0
org.apache.jmeter.assertions.DurationAssertion;2.0;2.0;2.0;1.0;15.0;0.0;10.0;6.0;3.0;3.0;0.0;0.0;1.0;2.0;0.0;2.0;44.0;0.0;1.0;0.0;1.0;43.0;2.0;22.0;10.0;15.0;21.0;11.0;16.0;9.0;7.0;3.0;3.0;3.0;1.0;2.0;2.0;50.0;0.95;4.0;4.0;4.0;2.0;0
org.apache.jmeter.assertions.ResponseAssertion;1.0;1.0;1.0;1.0;10.0;0.0;6.0;3.0;3.0;10.0;0.0;0.0;14.0;25.0;0.0;25.0;67.0;1.0;1.0;0.0;23.0;333.0;47.0;192.0;57.0;119.0;112.0;96.0;141.0;57.0;84.0;17.0;17.0;17.0;5.0;2.0;4.0;90.0;0.58;49.0;46.0;49.0;29.0;0
org.apache.jmeter.assertions.SizeAssertion;2.0;1.0;2.0;1.0;17.0;0.0;11.0;6.0;3.0;5.0;0.0;0.0;8.0;6.0;2.0;6.0;48.0;0.0;1.0;0.0;5.0;141.0;18.0;78.0;23.0;58.0;45.0;47.0;59.0;23.0;36.0;7.0;3.0;7.0;1.0;2.0;1.0;78.0;0.58;16.0;11.0;17.0;6.0;0
org.apache.jmeter.assertions.gui.AbstractAssertionGui;1.0;1.0;1.0;1.0;13.0;0.0;3.0;10.0;1.0;1.0;9.0;0.0;0.0;2.0;0.0;2.0;21.0;0.0;0.0;0.0;2.0;28.0;1.0;7.0;3.0;2.0;20.0;2.0;5.0;3.0;2.0;1.0;1.0;1.0;1.0;3.0;0.0;0.0;2.86;2.0;2.0;2.0;2.0;0
org.apache.jmeter.assertions.gui.AssertionGui;2.0;2.0;2.0;1.0;22.0;3.0;15.0;3.0;1.0;12.0;0.0;0.0;1.0;10.0;12.0;10.0;31.0;0.0;5.0;0.0;5.0;322.0;54.0;187.0;42.0;132.0;82.0;123.0;154.0;43.0;111.0;8.0;8.0;8.0;1.0;4.0;2.0;76.0;0.44;24.0;24.0;24.0;10.0;0
org.apache.jmeter.assertions.gui.DurationAssertionGui;1.0;1.0;1.0;1.0;7.0;0.0;5.0;1.0;1.0;4.0;0.0;0.0;0.0;7.0;1.0;7.0;28.0;0.0;1.0;0.0;6.0;68.0;14.0;44.0;15.0;26.0;13.0;26.0;34.0;14.0;20.0;1.0;1.0;1.0;1.0;4.0;0.0;57.0;0.3;7.0;7.0;7.0;7.0;0
org.apache.jmeter.assertions.gui.SizeAssertionGui;1.0;1.0;1.0;1.0;10.0;0.0;8.0;1.0;3.0;4.0;0.0;0.0;0.0;14.0;8.0;14.0;35.0;0.0;3.0;0.0;11.0;171.0;25.0;130.0;32.0;90.0;28.0;76.0;102.0;31.0;71.0;7.0;7.0;7.0;1.0;4.0;3.0;82.0;0.22;25.0;25.0;25.0;14.0;0
org.apache.jmeter.config.Argument;1.0;1.0;1.0;1.0;8.0;0.0;3.0;5.0;2.0;2.0;1.0;0.0;4.0;10.0;0.0;10.0;52.0;0.0;0.0;0.0;10.0;115.0;12.0;38.0;15.0;16.0;65.0;16.0;27.0;15.0;12.0;1.0;1.0;1.0;1.0;2.0;0.0;72.0;1.71;10.0;10.0;10.0;10.0;0
org.apache.jmeter.config.Arguments;1.0;1.0;1.0;1.0;11.0;0.0;5.0;5.0;2.0;6.0;0.0;0.0;2.0;17.0;0.0;17.0;63.0;0.0;0.0;0.0;17.0;225.0;19.0;98.0;32.0;51.0;108.0;38.0;68.0;32.0;36.0;4.0;4.0;4.0;1.0;3.0;2.0;88.0;1.1;29.0;29.0;29.0;17.0;0
org.apache.jmeter.config.ConfigTestElement;1.0;1.0;1.0;1.0;3.0;0.0;3.0;0.0;3.0;0.0;16.0;0.0;2.0;4.0;0.0;4.0;46.0;0.0;0.0;0.0;4.0;36.0;5.0;17.0;7.0;6.0;14.0;5.0;11.0;7.0;4.0;2.0;2.0;2.0;1.0;2.0;1.0;100.0;0.82;5.0;5.0;5.0;4.0;0
org.apache.jmeter.config.ExtensionsFileFilter;1.0;1.0;1.0;1.0;12.0;0.0;6.0;5.0;1.0;0.0;0.0;0.0;0.0;7.0;2.0;7.0;7.0;0.0;1.0;0.0;6.0;121.0;9.0;49.0;12.0;17.0;63.0;13.0;24.0;12.0;12.0;3.0;3.0;3.0;3.0;2.0;1.0;64.0;1.29;10.0;10.0;11.0;9.0;0
org.apache.jmeter.config.LoginConfig;1.0;1.0;1.0;1.0;7.0;0.0;2.0;4.0;2.0;1.0;1.0;0.0;0.0;6.0;0.0;6.0;52.0;0.0;0.0;0.0;6.0;52.0;5.0;20.0;7.0;5.0;27.0;5.0;12.0;7.0;5.0;1.0;1.0;1.0;1.0;3.0;0.0;0.0;1.35;6.0;6.0;6.0;6.0;0
org.apache.jmeter.config.gui.AbstractConfigGui;1.0;1.0;1.0;1.0;11.0;0.0;3.0;8.0;2.0;1.0;17.0;0.0;0.0;3.0;0.0;3.0;22.0;0.0;0.0;0.0;3.0;39.0;2.0;11.0;4.0;3.0;26.0;3.0;7.0;4.0;3.0;1.0;1.0;1.0;1.0;3.0;0.0;0.0;2.36;3.0;3.0;3.0;3.0;0
org.apache.jmeter.config.gui.AbstractModifierGui;1.0;1.0;1.0;1.0;4.0;0.0;4.0;0.0;1.0;1.0;0.0;0.0;0.0;2.0;0.0;2.0;21.0;0.0;0.0;0.0;2.0;13.0;3.0;10.0;3.0;2.0;0.0;2.0;5.0;3.0;2.0;1.0;1.0;1.0;1.0;3.0;0.0;0.0;0.0;2.0;2.0;2.0;2.0;0
org.apache.jmeter.config.gui.AbstractResponseBasedModifierGui;1.0;1.0;1.0;1.0;4.0;0.0;4.0;0.0;1.0;1.0;0.0;0.0;0.0;2.0;0.0;2.0;21.0;0.0;0.0;0.0;2.0;12.0;2.0;10.0;3.0;2.0;0.0;2.0;5.0;3.0;2.0;1.0;1.0;1.0;1.0;3.0;0.0;0.0;0.0;2.0;2.0;2.0;2.0;0
org.apache.jmeter.config.gui.ArgumentsPanel;1.0;1.0;1.0;1.0;12.0;0.0;7.0;5.0;2.0;8.0;1.0;0.0;4.0;25.0;7.0;25.0;47.0;0.0;3.0;12.0;10.0;399.0;53.0;202.0;52.0;126.0;158.0;107.0;151.0;52.0;99.0;5.0;5.0;5.0;1.0;4.0;3.0;85.0;0.78;43.0;43.0;43.0;25.0;0
org.apache.jmeter.config.gui.LoginConfigGui;1.0;1.0;1.0;1.0;10.0;0.0;5.0;3.0;1.0;5.0;0.0;0.0;0.0;9.0;3.0;9.0;31.0;0.0;3.0;0.0;6.0;122.0;14.0;58.0;20.0;37.0;50.0;36.0;47.0;20.0;27.0;2.0;2.0;2.0;1.0;4.0;1.0;70.0;0.86;10.0;10.0;10.0;9.0;0
org.apache.jmeter.control.GenericController;1.0;1.0;1.0;1.0;6.0;0.0;5.0;0.0;3.0;5.0;15.0;0.0;1.0;26.0;6.0;26.0;68.0;0.0;1.0;18.0;7.0;206.0;31.0;150.0;41.0;79.0;25.0;67.0;107.0;42.0;65.0;5.0;5.0;5.0;1.0;2.0;3.0;87.0;0.17;39.0;39.0;40.0;26.0;0
org.apache.jmeter.control.InterleaveControl;1.0;1.0;1.0;1.0;7.0;0.0;5.0;1.0;2.0;3.0;2.0;0.0;3.0;13.0;4.0;13.0;81.0;0.0;0.0;8.0;5.0;163.0;19.0;86.0;22.0;50.0;58.0;42.0;64.0;22.0;42.0;3.0;3.0;4.0;1.0;3.0;2.0;79.0;0.67;21.0;21.0;22.0;13.0;0
org.apache.jmeter.control.LoopController;1.0;1.0;1.0;1.0;4.0;0.0;4.0;0.0;2.0;6.0;0.0;0.0;2.0;14.0;1.0;14.0;82.0;0.0;1.0;5.0;8.0;114.0;17.0;66.0;19.0;33.0;33.0;27.0;46.0;19.0;27.0;3.0;3.0;3.0;1.0;3.0;2.0;76.0;0.5;18.0;18.0;19.0;14.0;0
org.apache.jmeter.control.ModifyController;1.0;1.0;1.0;1.0;11.0;0.0;6.0;4.0;3.0;5.0;0.0;0.0;0.0;5.0;2.0;5.0;73.0;0.0;0.0;1.0;4.0;74.0;5.0;38.0;11.0;11.0;31.0;8.0;18.0;10.0;8.0;5.0;5.0;5.0;1.0;3.0;3.0;80.0;0.82;9.0;9.0;9.0;5.0;0
org.apache.jmeter.control.NoEntryException;1.0;1.0;1.0;1.0;2.0;0.0;2.0;0.0;1.0;0.0;0.0;0.0;0.0;1.0;0.0;1.0;1.0;0.0;0.0;0.0;1.0;3.0;0.0;3.0;2.0;0.0;0.0;0.0;2.0;2.0;0.0;1.0;1.0;1.0;1.0;2.0;0.0;0.0;0.0;1.0;1.0;1.0;1.0;0
org.apache.jmeter.control.OnceOnlyController;1.0;1.0;1.0;1.0;5.0;0.0;3.0;2.0;3.0;3.0;0.0;0.0;0.0;3.0;0.0;3.0;71.0;0.0;0.0;1.0;2.0;21.0;3.0;12.0;4.0;3.0;6.0;2.0;7.0;4.0;3.0;2.0;2.0;2.0;1.0;3.0;1.0;0.0;0.5;4.0;4.0;4.0;3.0;0
org.apache.jmeter.control.RandomController;1.0;1.0;1.0;1.0;6.0;0.0;4.0;2.0;2.0;0.0;0.0;0.0;1.0;3.0;0.0;3.0;84.0;0.0;0.0;2.0;1.0;30.0;4.0;16.0;5.0;7.0;10.0;5.0;10.0;5.0;5.0;2.0;2.0;2.0;1.0;4.0;1.0;33.0;0.62;4.0;4.0;4.0;3.0;0
org.apache.jmeter.control.gui.AbstractControllerGui;1.0;1.0;1.0;1.0;13.0;0.0;3.0;10.0;1.0;1.0;15.0;0.0;0.0;2.0;0.0;2.0;21.0;0.0;0.0;0.0;2.0;29.0;1.0;8.0;3.0;2.0;20.0;2.0;5.0;3.0;2.0;1.0;1.0;1.0;1.0;3.0;0.0;0.0;2.5;2.0;2.0;2.0;2.0;0
org.apache.jmeter.control.gui.InterleaveControlGui;1.0;1.0;1.0;1.0;6.0;0.0;5.0;0.0;1.0;4.0;0.0;0.0;0.0;6.0;1.0;6.0;27.0;0.0;1.0;0.0;5.0;53.0;8.0;37.0;9.0;20.0;8.0;17.0;26.0;9.0;17.0;2.0;2.0;2.0;1.0;4.0;1.0;50.0;0.22;8.0;8.0;8.0;6.0;0
org.apache.jmeter.control.gui.LogicControllerGui;1.0;1.0;1.0;1.0;5.0;0.0;3.0;1.0;1.0;2.0;3.0;0.0;0.0;5.0;0.0;5.0;26.0;0.0;1.0;0.0;4.0;33.0;4.0;21.0;7.0;9.0;8.0;9.0;15.0;7.0;8.0;1.0;1.0;1.0;1.0;4.0;0.0;0.0;0.38;5.0;5.0;5.0;5.0;0
org.apache.jmeter.control.gui.LoopControlPanel;1.0;1.0;1.0;1.0;15.0;0.0;8.0;6.0;2.0;4.0;0.0;0.0;2.0;11.0;3.0;11.0;32.0;0.0;4.0;0.0;7.0;215.0;24.0;101.0;22.0;68.0;90.0;56.0;75.0;22.0;53.0;3.0;3.0;3.0;1.0;4.0;2.0;76.0;0.89;18.0;18.0;18.0;11.0;0
org.apache.jmeter.control.gui.ModifyControllerGui;1.0;1.0;1.0;1.0;12.0;0.0;7.0;4.0;1.0;6.0;0.0;0.0;0.0;8.0;1.0;8.0;29.0;0.0;1.0;0.0;7.0;116.0;12.0;61.0;17.0;33.0;43.0;30.0;39.0;17.0;22.0;1.0;1.0;1.0;1.0;4.0;0.0;100.0;0.7;8.0;8.0;8.0;8.0;0
org.apache.jmeter.control.gui.OnceOnlyControllerGui;1.0;1.0;1.0;1.0;4.0;0.0;3.0;1.0;1.0;3.0;0.0;0.0;0.0;5.0;0.0;5.0;26.0;0.0;1.0;0.0;4.0;30.0;4.0;21.0;7.0;9.0;5.0;9.0;15.0;7.0;8.0;1.0;1.0;1.0;1.0;4.0;0.0;0.0;0.24;5.0;5.0;5.0;5.0;0
org.apache.jmeter.control.gui.RandomControlGui;1.0;1.0;1.0;1.0;6.0;0.0;5.0;0.0;1.0;5.0;0.0;0.0;0.0;6.0;1.0;6.0;27.0;0.0;1.0;0.0;5.0;52.0;7.0;37.0;9.0;20.0;8.0;17.0;26.0;9.0;17.0;2.0;2.0;2.0;1.0;4.0;1.0;50.0;0.22;8.0;8.0;8.0;6.0;0
org.apache.jmeter.control.gui.TestPlanGui;1.0;1.0;1.0;1.0;11.0;0.0;7.0;3.0;1.0;11.0;0.0;0.0;0.0;11.0;5.0;11.0;30.0;0.0;3.0;1.0;7.0;168.0;23.0;91.0;25.0;61.0;54.0;62.0;76.0;25.0;51.0;2.0;2.0;2.0;1.0;3.0;1.0;72.0;0.59;13.0;13.0;13.0;11.0;0
org.apache.jmeter.control.gui.WorkBenchGui;1.0;1.0;1.0;1.0;8.0;0.0;4.0;4.0;1.0;5.0;0.0;0.0;0.0;8.0;0.0;8.0;27.0;0.0;1.0;0.0;7.0;81.0;8.0;37.0;13.0;19.0;36.0;18.0;27.0;12.0;15.0;1.0;1.0;1.0;1.0;3.0;0.0;0.0;0.97;8.0;8.0;8.0;8.0;0
org.apache.jmeter.ejb.jndi.config.JndiConfig;1.0;1.0;1.0;1.0;5.0;0.0;5.0;0.0;2.0;3.0;0.0;0.0;17.0;9.0;1.0;9.0;9.0;0.0;0.0;0.0;9.0;110.0;12.0;91.0;46.0;53.0;7.0;35.0;48.0;30.0;18.0;2.0;2.0;2.0;1.0;2.0;1.0;96.0;0.08;12.0;12.0;12.0;9.0;0
org.apache.jmeter.ejb.jndi.config.LookupConfig;1.0;1.0;1.0;1.0;5.0;0.0;5.0;0.0;2.0;3.0;0.0;0.0;2.0;7.0;0.0;7.0;7.0;0.0;0.0;0.0;7.0;58.0;8.0;43.0;13.0;15.0;7.0;12.0;22.0;12.0;10.0;2.0;2.0;2.0;1.0;2.0;1.0;71.0;0.16;9.0;9.0;9.0;7.0;0
org.apache.jmeter.ejb.jndi.config.MethodConfig;1.0;1.0;1.0;1.0;5.0;0.0;5.0;0.0;2.0;3.0;0.0;0.0;18.0;31.0;4.0;31.0;31.0;0.0;0.0;0.0;31.0;264.0;34.0;203.0;73.0;79.0;27.0;69.0;109.0;63.0;46.0;2.0;2.0;2.0;1.0;2.0;1.0;95.0;0.13;39.0;39.0;39.0;31.0;0
org.apache.jmeter.ejb.jndi.config.MethodConfigUserObject;4.0;4.0;4.0;1.0;19.0;0.0;19.0;0.0;1.0;1.0;0.0;0.0;10.0;4.0;2.0;4.0;4.0;0.0;0.0;0.0;4.0;111.0;6.0;94.0;20.0;50.0;11.0;32.0;49.0;18.0;31.0;13.0;13.0;14.0;1.0;1.0;3.0;68.0;0.12;16.0;16.0;17.0;4.0;0
org.apache.jmeter.ejb.jndi.config.MethodConfigUserObjectException;1.0;1.0;1.0;1.0;4.0;0.0;4.0;0.0;1.0;0.0;0.0;0.0;1.0;1.0;0.0;1.0;1.0;0.0;0.0;0.0;1.0;18.0;1.0;9.0;4.0;3.0;8.0;2.0;4.0;3.0;1.0;1.0;1.0;1.0;1.0;2.0;0.0;100.0;0.89;1.0;1.0;1.0;1.0;0
org.apache.jmeter.ejb.jndi.config.gui.JndiConfigGui;2.0;2.0;2.0;1.0;12.0;0.0;11.0;0.0;3.0;3.0;0.0;0.0;1.0;9.0;4.0;9.0;9.0;0.0;0.0;2.0;7.0;138.0;18.0;111.0;24.0;57.0;9.0;54.0;73.0;26.0;47.0;5.0;5.0;5.0;3.0;2.0;2.0;73.0;0.08;18.0;18.0;18.0;11.0;0
org.apache.jmeter.ejb.jndi.config.gui.LookupConfigGui;1.0;1.0;1.0;1.0;11.0;0.0;9.0;0.0;3.0;3.0;0.0;0.0;1.0;9.0;4.0;9.0;9.0;0.0;0.0;2.0;7.0;126.0;19.0;96.0;27.0;53.0;11.0;48.0;61.0;24.0;37.0;2.0;2.0;2.0;1.0;2.0;1.0;64.0;0.11;12.0;12.0;12.0;9.0;0
org.apache.jmeter.ejb.jndi.config.gui.MethodConfigDialog;1.0;1.0;1.0;1.0;52.0;2.0;48.0;2.0;1.0;1.0;0.0;0.0;1.0;2.0;4.0;2.0;2.0;0.0;0.0;0.0;2.0;124.0;7.0;106.0;16.0;67.0;11.0;42.0;53.0;17.0;36.0;1.0;1.0;1.0;1.0;2.0;0.0;60.0;0.1;2.0;2.0;2.0;2.0;0
org.apache.jmeter.ejb.jndi.config.gui.MethodConfigGui;3.0;3.0;3.0;1.0;35.0;0.0;28.0;6.0;4.0;6.0;0.0;0.0;4.0;22.0;20.0;22.0;22.0;0.0;0.0;13.0;9.0;817.0;0.0;659.0;142.0;412.0;158.0;360.0;445.0;139.0;306.0;17.0;17.0;21.0;1.0;2.0;4.0;85.0;0.24;68.0;68.0;73.0;22.0;0
org.apache.jmeter.ejb.jndi.control.JndiTestSample;1.0;1.0;1.0;1.0;6.0;0.0;5.0;0.0;2.0;7.0;0.0;0.0;2.0;10.0;1.0;10.0;10.0;0.0;0.0;1.0;9.0;89.0;12.0;64.0;18.0;26.0;13.0;26.0;38.0;16.0;22.0;2.0;2.0;2.0;1.0;2.0;1.0;73.0;0.2;11.0;11.0;11.0;10.0;0
org.apache.jmeter.ejb.jndi.control.gui.JndiTestSampleGui;1.0;1.0;1.0;1.0;8.0;1.0;6.0;0.0;2.0;3.0;0.0;0.0;0.0;4.0;3.0;4.0;4.0;0.0;0.0;1.0;3.0;52.0;10.0;33.0;10.0;15.0;9.0;17.0;22.0;10.0;12.0;1.0;1.0;1.0;1.0;2.0;0.0;58.0;0.27;4.0;4.0;4.0;4.0;0
org.apache.jmeter.ejb.jndi.sampler.JNDISampler;11.0;11.0;15.0;1.0;116.0;1.0;89.0;25.0;2.0;3.0;0.0;0.0;3.0;4.0;0.0;4.0;4.0;0.0;0.0;2.0;2.0;483.0;13.0;362.0;73.0;253.0;108.0;201.0;242.0;74.0;168.0;34.0;34.0;50.0;3.0;1.0;5.0;75.0;0.3;44.0;44.0;60.0;6.0;0
org.apache.jmeter.engine.ClientJMeterEngine;1.0;1.0;1.0;1.0;6.0;0.0;6.0;0.0;3.0;7.0;0.0;1.0;1.0;10.0;5.0;11.0;11.0;0.0;1.0;1.0;9.0;114.0;18.0;81.0;19.0;45.0;19.0;38.0;56.0;18.0;38.0;3.0;3.0;3.0;1.0;1.0;2.0;71.0;0.23;17.0;17.0;17.0;11.0;0
org.apache.jmeter.engine.ConvertListeners;3.0;3.0;4.0;1.0;11.0;0.0;11.0;0.0;2.0;11.0;0.0;0.0;1.0;3.0;0.0;3.0;3.0;0.0;0.0;0.0;3.0;59.0;4.0;37.0;11.0;23.0;19.0;13.0;24.0;11.0;13.0;8.0;8.0;11.0;1.0;1.0;4.0;66.0;0.51;10.0;10.0;13.0;3.0;0
org.apache.jmeter.engine.JMeterEngineException;1.0;1.0;1.0;1.0;3.0;0.0;3.0;0.0;2.0;0.0;0.0;0.0;0.0;2.0;0.0;2.0;2.0;0.0;0.0;0.0;2.0;9.0;1.0;8.0;3.0;2.0;0.0;2.0;5.0;3.0;2.0;1.0;1.0;1.0;1.0;2.0;0.0;0.0;0.0;2.0;2.0;2.0;2.0;0
org.apache.jmeter.engine.LagDetector;1.0;1.0;1.0;1.0;8.0;0.0;5.0;3.0;1.0;0.0;0.0;0.0;2.0;5.0;4.0;5.0;5.0;0.0;0.0;0.0;5.0;66.0;10.0;35.0;13.0;17.0;21.0;18.0;26.0;13.0;13.0;3.0;3.0;3.0;1.0;2.0;2.0;66.0;0.6;7.0;7.0;7.0;5.0;0
org.apache.jmeter.engine.PreCompiler;2.0;2.0;2.0;1.0;8.0;0.0;7.0;0.0;2.0;11.0;0.0;0.0;1.0;4.0;1.0;4.0;4.0;0.0;0.0;0.0;4.0;61.0;6.0;35.0;10.0;19.0;21.0;15.0;24.0;10.0;14.0;5.0;5.0;5.0;1.0;1.0;2.0;62.0;0.6;8.0;8.0;8.0;4.0;0
org.apache.jmeter.engine.RemoteJMeterEngineImpl;1.0;1.0;1.0;1.0;7.0;0.0;5.0;1.0;2.0;6.0;0.0;1.0;2.0;9.0;1.0;10.0;10.0;0.0;1.0;0.0;9.0;91.0;13.0;61.0;16.0;34.0;21.0;30.0;44.0;15.0;29.0;3.0;3.0;3.0;1.0;2.0;2.0;43.0;0.34;14.0;14.0;14.0;10.0;0
org.apache.jmeter.engine.StandardJMeterEngine;2.0;2.0;2.0;1.0;12.0;0.0;11.0;1.0;5.0;22.0;0.0;6.0;6.0;23.0;9.0;29.0;29.0;0.0;7.0;4.0;18.0;465.0;61.0;367.0;96.0;243.0;46.0;189.0;274.0;97.0;177.0;12.0;12.0;16.0;4.0;1.0;4.0;90.0;0.13;74.0;74.0;82.0;32.0;0
org.apache.jmeter.engine.TreeCloner;1.0;1.0;1.0;1.0;4.0;0.0;4.0;0.0;2.0;5.0;0.0;0.0;0.0;6.0;4.0;6.0;6.0;0.0;0.0;0.0;6.0;41.0;9.0;29.0;11.0;14.0;3.0;13.0;21.0;11.0;10.0;2.0;2.0;4.0;1.0;1.0;1.0;70.0;0.1;7.0;7.0;9.0;6.0;0
org.apache.jmeter.exceptions.IllegalUserActionException;1.0;1.0;1.0;1.0;2.0;0.0;2.0;0.0;1.0;0.0;0.0;0.0;0.0;2.0;0.0;2.0;2.0;0.0;0.0;0.0;2.0;7.0;1.0;6.0;3.0;1.0;0.0;1.0;4.0;3.0;1.0;1.0;1.0;1.0;1.0;2.0;0.0;0.0;0.0;2.0;2.0;2.0;2.0;0
org.apache.jmeter.functions.AbstractFunction;1.0;1.0;1.0;1.0;5.0;0.0;2.0;3.0;2.0;6.0;16.0;0.0;0.0;5.0;0.0;5.0;5.0;0.0;0.0;1.0;4.0;91.0;7.0;14.0;9.0;5.0;70.0;8.0;11.0;9.0;2.0;1.0;1.0;1.0;1.0;1.0;0.0;0.0;5.0;5.0;5.0;5.0;5.0;0
org.apache.jmeter.functions.CompoundFunction;2.0;2.0;2.0;1.0;15.0;0.0;15.0;0.0;2.0;7.0;0.0;0.0;5.0;16.0;10.0;16.0;16.0;0.0;4.0;0.0;12.0;485.0;32.0;438.0;74.0;265.0;15.0;170.0;226.0;66.0;160.0;16.0;16.0;18.0;1.0;1.0;5.0;88.0;0.03;42.0;42.0;46.0;16.0;0
org.apache.jmeter.functions.InvalidVariableException;1.0;1.0;1.0;1.0;2.0;0.0;2.0;0.0;1.0;0.0;0.0;0.0;0.0;2.0;0.0;2.0;2.0;0.0;0.0;0.0;2.0;8.0;1.0;7.0;3.0;1.0;0.0;1.0;4.0;3.0;1.0;1.0;1.0;1.0;1.0;2.0;0.0;0.0;0.0;2.0;2.0;2.0;2.0;0
org.apache.jmeter.functions.IterationCounter;1.0;1.0;1.0;1.0;8.0;1.0;7.0;0.0;2.0;6.0;0.0;0.0;2.0;6.0;3.0;6.0;11.0;0.0;0.0;0.0;6.0;99.0;21.0;58.0;21.0;33.0;26.0;30.0;42.0;19.0;23.0;4.0;4.0;4.0;1.0;2.0;1.0;73.0;0.45;10.0;10.0;10.0;6.0;0
org.apache.jmeter.functions.RegexFunction;3.0;3.0;4.0;1.0;17.0;1.0;16.0;1.0;2.0;7.0;0.0;0.0;10.0;10.0;2.0;10.0;15.0;0.0;5.0;0.0;5.0;226.0;33.0;190.0;57.0;134.0;30.0;97.0;135.0;54.0;81.0;19.0;19.0;20.0;9.0;2.0;3.0;85.0;0.16;38.0;38.0;40.0;18.0;0
org.apache.jmeter.functions.ThreadNumber;1.0;1.0;1.0;1.0;2.0;0.0;2.0;0.0;3.0;3.0;0.0;0.0;2.0;4.0;0.0;4.0;4.0;0.0;0.0;0.0;4.0;44.0;6.0;15.0;7.0;5.0;23.0;5.0;10.0;7.0;3.0;1.0;1.0;1.0;1.0;1.0;0.0;75.0;1.53;4.0;4.0;4.0;4.0;0
org.apache.jmeter.functions.UnknownFunction;1.0;1.0;1.0;1.0;6.0;0.0;4.0;1.0;2.0;4.0;0.0;0.0;1.0;8.0;2.0;8.0;8.0;0.0;1.0;0.0;7.0;70.0;11.0;38.0;15.0;12.0;21.0;12.0;22.0;13.0;9.0;2.0;2.0;3.0;1.0;1.0;1.0;75.0;0.55;9.0;9.0;10.0;8.0;0
org.apache.jmeter.functions.gui.FunctionHelper;3.0;3.0;3.0;1.0;17.0;0.0;17.0;0.0;3.0;13.0;0.0;0.0;0.0;5.0;5.0;5.0;5.0;0.0;2.0;0.0;3.0;116.0;10.0;103.0;34.0;76.0;3.0;66.0;81.0;33.0;48.0;6.0;6.0;6.0;1.0;2.0;3.0;52.0;0.03;16.0;16.0;16.0;5.0;0
org.apache.jmeter.gui.AbstractJMeterGuiComponent;1.0;1.0;1.0;1.0;11.0;0.0;4.0;6.0;3.0;8.0;16.0;0.0;1.0;19.0;3.0;19.0;19.0;0.0;0.0;8.0;11.0;284.0;26.0;89.0;29.0;46.0;169.0;44.0;66.0;29.0;37.0;2.0;2.0;2.0;1.0;2.0;1.0;84.0;1.9;21.0;21.0;21.0;19.0;0
org.apache.jmeter.gui.GuiFactory;1.0;1.0;1.0;1.0;1.0;0.0;1.0;0.0;1.0;0.0;0.0;0.0;2.0;1.0;0.0;1.0;1.0;0.0;1.0;0.0;0.0;16.0;3.0;6.0;4.0;2.0;7.0;2.0;4.0;4.0;0.0;1.0;1.0;1.0;1.0;1.0;0.0;100.0;1.17;1.0;1.0;1.0;1.0;0
org.apache.jmeter.gui.GuiPackage;1.0;1.0;1.0;1.0;15.0;0.0;7.0;8.0;2.0;18.0;0.0;2.0;2.0;29.0;10.0;31.0;31.0;0.0;2.0;0.0;29.0;577.0;46.0;253.0;64.0;157.0;287.0;127.0;180.0;63.0;117.0;6.0;6.0;6.0;5.0;1.0;3.0;88.0;1.13;55.0;55.0;56.0;35.0;0
org.apache.jmeter.gui.JMeterFileFilter;1.0;1.0;2.0;1.0;14.0;0.0;5.0;8.0;2.0;0.0;0.0;0.0;0.0;4.0;1.0;4.0;4.0;0.0;0.0;0.0;4.0;71.0;6.0;23.0;6.0;9.0;42.0;9.0;17.0;7.0;10.0;4.0;4.0;4.0;4.0;2.0;2.0;25.0;1.83;7.0;7.0;8.0;7.0;0
org.apache.jmeter.gui.JMeterJListModel;1.0;1.0;1.0;1.0;5.0;0.0;5.0;0.0;1.0;0.0;0.0;0.0;0.0;8.0;1.0;8.0;8.0;0.0;0.0;0.0;8.0;61.0;8.0;45.0;10.0;16.0;8.0;15.0;26.0;10.0;16.0;2.0;2.0;3.0;1.0;2.0;1.0;0.0;0.18;10.0;10.0;11.0;8.0;0
org.apache.jmeter.gui.ListDialog;1.0;1.0;1.0;1.0;13.0;0.0;9.0;4.0;3.0;1.0;0.0;0.0;0.0;13.0;8.0;13.0;13.0;0.0;2.0;0.0;11.0;218.0;26.0;128.0;25.0;73.0;64.0;79.0;95.0;26.0;69.0;2.0;2.0;3.0;1.0;2.0;1.0;82.0;0.5;16.0;16.0;18.0;13.0;0
org.apache.jmeter.gui.MainFrame;1.0;1.0;1.0;1.0;12.0;0.0;6.0;6.0;3.0;9.0;0.0;0.0;0.0;25.0;11.0;25.0;25.0;0.0;6.0;0.0;19.0;408.0;52.0;170.0;49.0;100.0;186.0;99.0;135.0;51.0;84.0;5.0;5.0;5.0;5.0;2.0;4.0;87.0;1.09;31.0;31.0;31.0;29.0;0
org.apache.jmeter.gui.NamePanel;1.0;1.0;1.0;1.0;7.0;0.0;4.0;2.0;2.0;6.0;0.0;0.0;0.0;17.0;3.0;17.0;17.0;0.0;2.0;1.0;14.0;173.0;24.0;82.0;22.0;40.0;67.0;35.0;58.0;25.0;33.0;2.0;2.0;2.0;1.0;2.0;1.0;86.0;0.82;19.0;19.0;19.0;17.0;0
org.apache.jmeter.gui.action.AboutCommand;1.0;1.0;1.0;1.0;20.0;0.0;13.0;5.0;2.0;3.0;0.0;0.0;2.0;3.0;1.0;3.0;3.0;1.0;0.0;0.0;2.0;81.0;7.0;50.0;18.0;35.0;24.0;33.0;40.0;18.0;22.0;2.0;2.0;2.0;1.0;1.0;1.0;77.0;0.48;5.0;5.0;5.0;3.0;0
org.apache.jmeter.gui.action.ActionRouter;3.0;3.0;3.0;1.0;15.0;0.0;12.0;3.0;2.0;6.0;0.0;1.0;2.0;14.0;3.0;15.0;15.0;0.0;3.0;2.0;10.0;269.0;20.0;192.0;49.0;119.0;58.0;83.0;134.0;52.0;82.0;9.0;9.0;9.0;4.0;1.0;6.0;77.0;0.3;50.0;50.0;52.0;21.0;0
org.apache.jmeter.gui.action.AddParent;1.0;1.0;1.0;1.0;6.0;0.0;6.0;0.0;2.0;7.0;0.0;0.0;2.0;5.0;0.0;5.0;5.0;0.0;1.0;1.0;3.0;48.0;7.0;37.0;17.0;21.0;4.0;20.0;28.0;17.0;11.0;2.0;2.0;2.0;1.0;1.0;1.0;80.0;0.11;7.0;7.0;7.0;5.0;0
org.apache.jmeter.gui.action.AddToTree;1.0;1.0;1.0;1.0;7.0;0.0;5.0;2.0;2.0;7.0;0.0;0.0;2.0;4.0;1.0;4.0;4.0;0.0;0.0;1.0;3.0;47.0;7.0;29.0;12.0;15.0;11.0;13.0;19.0;11.0;8.0;2.0;2.0;2.0;1.0;1.0;1.0;83.0;0.38;5.0;5.0;5.0;4.0;0
org.apache.jmeter.gui.action.Analyze;2.0;2.0;2.0;1.0;6.0;0.0;6.0;0.0;2.0;4.0;0.0;0.0;1.0;3.0;0.0;3.0;3.0;0.0;0.0;0.0;3.0;33.0;4.0;25.0;8.0;12.0;4.0;7.0;14.0;7.0;7.0;4.0;4.0;4.0;1.0;1.0;3.0;66.0;0.16;6.0;6.0;6.0;3.0;0
org.apache.jmeter.gui.action.ChangeLanguage;1.0;1.0;1.0;1.0;11.0;0.0;7.0;3.0;2.0;3.0;0.0;0.0;2.0;2.0;0.0;2.0;2.0;0.0;0.0;0.0;2.0;36.0;5.0;22.0;9.0;12.0;9.0;11.0;15.0;8.0;7.0;2.0;2.0;2.0;1.0;1.0;1.0;50.0;0.41;3.0;3.0;3.0;2.0;0
org.apache.jmeter.gui.action.CheckDirty;2.0;2.0;2.0;1.0;11.0;0.0;8.0;2.0;3.0;11.0;0.0;0.0;3.0;7.0;3.0;7.0;11.0;0.0;0.0;0.0;7.0;111.0;12.0;75.0;22.0;50.0;24.0;41.0;59.0;22.0;37.0;6.0;6.0;6.0;1.0;2.0;3.0;73.0;0.32;17.0;17.0;17.0;7.0;0
org.apache.jmeter.gui.action.Clear;2.0;2.0;2.0;1.0;8.0;0.0;8.0;0.0;2.0;7.0;0.0;0.0;2.0;3.0;0.0;3.0;3.0;0.0;0.0;0.0;3.0;42.0;4.0;34.0;11.0;20.0;4.0;13.0;21.0;10.0;11.0;5.0;5.0;5.0;1.0;1.0;3.0;66.0;0.12;7.0;7.0;7.0;3.0;0
org.apache.jmeter.gui.action.CreateFunctionDialog;1.0;1.0;1.0;1.0;4.0;0.0;3.0;1.0;1.0;2.0;0.0;0.0;1.0;3.0;1.0;3.0;7.0;0.0;0.0;0.0;3.0;27.0;4.0;17.0;7.0;6.0;6.0;7.0;11.0;6.0;5.0;1.0;1.0;1.0;1.0;2.0;0.0;50.0;0.35;3.0;3.0;3.0;3.0;0
org.apache.jmeter.gui.action.DragNDrop;4.0;4.0;5.0;2.0;17.0;0.0;13.0;4.0;1.0;10.0;0.0;1.0;1.0;3.0;0.0;4.0;8.0;1.0;0.0;1.0;2.0;86.0;5.0;62.0;17.0;44.0;20.0;38.0;56.0;20.0;36.0;8.0;8.0;12.0;6.0;2.0;2.0;75.0;0.32;17.0;17.0;21.0;9.0;0
org.apache.jmeter.gui.action.EditCommand;1.0;1.0;1.0;1.0;6.0;0.0;5.0;1.0;2.0;6.0;0.0;0.0;1.0;3.0;0.0;3.0;3.0;0.0;0.0;0.0;3.0;33.0;3.0;23.0;7.0;12.0;7.0;10.0;15.0;6.0;9.0;2.0;2.0;2.0;1.0;1.0;1.0;66.0;0.3;4.0;4.0;4.0;3.0;0
org.apache.jmeter.gui.action.EnableComponent;2.0;2.0;2.0;1.0;9.0;0.0;6.0;2.0;2.0;6.0;0.0;0.0;2.0;3.0;0.0;3.0;3.0;0.0;1.0;0.0;2.0;42.0;5.0;28.0;9.0;16.0;9.0;15.0;22.0;9.0;13.0;3.0;3.0;3.0;1.0;1.0;1.0;66.0;0.32;6.0;6.0;6.0;3.0;0
org.apache.jmeter.gui.action.ExitCommand;2.0;2.0;2.0;1.0;12.0;0.0;7.0;4.0;2.0;4.0;0.0;0.0;1.0;3.0;0.0;3.0;3.0;0.0;0.0;0.0;3.0;52.0;4.0;29.0;8.0;16.0;19.0;9.0;17.0;6.0;11.0;5.0;5.0;5.0;1.0;1.0;3.0;66.0;0.66;7.0;7.0;7.0;3.0;0
org.apache.jmeter.gui.action.GlobalMouseListener;1.0;1.0;1.0;1.0;3.0;0.0;3.0;0.0;1.0;1.0;0.0;0.0;1.0;1.0;0.0;1.0;1.0;0.0;0.0;0.0;1.0;10.0;1.0;6.0;3.0;2.0;3.0;2.0;4.0;3.0;1.0;1.0;1.0;1.0;1.0;2.0;0.0;0.0;0.5;1.0;1.0;1.0;1.0;0
org.apache.jmeter.gui.action.Help;2.0;2.0;2.0;1.0;14.0;0.0;11.0;3.0;2.0;8.0;0.0;0.0;9.0;3.0;0.0;3.0;3.0;0.0;1.0;0.0;2.0;87.0;13.0;62.0;17.0;43.0;20.0;35.0;44.0;15.0;29.0;3.0;3.0;3.0;1.0;1.0;2.0;70.0;0.32;7.0;7.0;7.0;3.0;0
org.apache.jmeter.gui.action.Load;4.0;4.0;4.0;1.0;21.0;0.0;19.0;1.0;2.0;13.0;0.0;0.0;2.0;4.0;0.0;4.0;4.0;0.0;0.0;0.0;4.0;103.0;8.0;85.0;18.0;61.0;11.0;42.0;58.0;17.0;41.0;13.0;13.0;15.0;1.0;1.0;3.0;75.0;0.13;17.0;17.0;19.0;4.0;0
org.apache.jmeter.gui.action.LookAndFeelCommand;2.0;2.0;2.0;1.0;6.0;0.0;6.0;0.0;2.0;3.0;0.0;0.0;1.0;3.0;2.0;3.0;3.0;0.0;0.0;0.0;3.0;44.0;5.0;35.0;10.0;22.0;4.0;15.0;22.0;9.0;13.0;5.0;5.0;5.0;1.0;1.0;1.0;88.0;0.11;7.0;7.0;7.0;3.0;0
org.apache.jmeter.gui.action.New;1.0;1.0;1.0;1.0;18.0;0.0;13.0;4.0;2.0;7.0;0.0;0.0;1.0;3.0;0.0;3.0;3.0;0.0;0.0;0.0;3.0;75.0;6.0;47.0;9.0;28.0;22.0;11.0;17.0;7.0;10.0;3.0;3.0;3.0;1.0;1.0;2.0;66.0;0.47;5.0;5.0;5.0;3.0;0
org.apache.jmeter.gui.action.RemoteStart;2.0;2.0;2.0;1.0;15.0;0.0;11.0;4.0;1.0;10.0;0.0;0.0;4.0;9.0;1.0;9.0;13.0;0.0;6.0;0.0;3.0;177.0;14.0;122.0;35.0;89.0;43.0;66.0;93.0;34.0;59.0;12.0;12.0;12.0;3.0;2.0;2.0;80.0;0.35;26.0;26.0;26.0;13.0;0
org.apache.jmeter.gui.action.Remove;1.0;1.0;1.0;1.0;8.0;0.0;6.0;2.0;2.0;7.0;0.0;1.0;1.0;3.0;0.0;4.0;4.0;0.0;0.0;0.0;4.0;50.0;5.0;33.0;13.0;18.0;13.0;17.0;24.0;12.0;12.0;2.0;2.0;2.0;1.0;1.0;1.0;75.0;0.39;6.0;6.0;6.0;4.0;0
org.apache.jmeter.gui.action.SSLManagerCommand;2.0;2.0;2.0;1.0;13.0;1.0;8.0;4.0;2.0;5.0;0.0;0.0;1.0;3.0;2.0;3.0;3.0;0.0;1.0;0.0;2.0;96.0;9.0;42.0;13.0;21.0;45.0;18.0;28.0;12.0;16.0;3.0;3.0;3.0;1.0;1.0;2.0;77.0;1.07;6.0;6.0;6.0;3.0;0
org.apache.jmeter.gui.action.Save;3.0;3.0;3.0;1.0;15.0;0.0;13.0;1.0;2.0;13.0;0.0;0.0;2.0;6.0;0.0;6.0;6.0;1.0;2.0;0.0;3.0;114.0;10.0;88.0;19.0;59.0;16.0;37.0;57.0;17.0;40.0;9.0;9.0;10.0;3.0;1.0;2.0;58.0;0.18;19.0;19.0;20.0;8.0;0
org.apache.jmeter.gui.action.Start;2.0;2.0;2.0;1.0;13.0;0.0;11.0;2.0;1.0;13.0;0.0;0.0;2.0;4.0;1.0;4.0;8.0;0.0;0.0;1.0;3.0;73.0;6.0;55.0;13.0;38.0;12.0;29.0;40.0;12.0;28.0;6.0;6.0;6.0;1.0;2.0;2.0;66.0;0.22;10.0;10.0;10.0;4.0;0
org.apache.jmeter.gui.tree.JMeterCellRenderer;3.0;3.0;3.0;1.0;13.0;0.0;12.0;1.0;1.0;1.0;0.0;0.0;0.0;2.0;0.0;2.0;2.0;0.0;0.0;0.0;2.0;30.0;1.0;27.0;6.0;16.0;3.0;9.0;16.0;5.0;11.0;5.0;5.0;5.0;1.0;2.0;3.0;0.0;0.11;6.0;6.0;6.0;2.0;0
org.apache.jmeter.gui.tree.JMeterTreeListener;1.0;1.0;1.0;1.0;7.0;0.0;6.0;1.0;5.0;9.0;0.0;0.0;1.0;28.0;7.0;28.0;28.0;0.0;6.0;0.0;22.0;261.0;37.0;178.0;46.0;96.0;52.0;86.0;134.0;49.0;85.0;5.0;5.0;5.0;3.0;1.0;3.0;86.0;0.29;47.0;47.0;50.0;32.0;0
org.apache.jmeter.gui.tree.JMeterTreeModel;2.0;2.0;2.0;1.0;10.0;0.0;9.0;1.0;1.0;15.0;0.0;0.0;0.0;12.0;0.0;12.0;12.0;0.0;3.0;0.0;9.0;145.0;14.0;117.0;28.0;79.0;15.0;57.0;84.0;28.0;56.0;4.0;4.0;5.0;4.0;2.0;2.0;0.0;0.13;26.0;26.0;28.0;15.0;0
org.apache.jmeter.gui.tree.JMeterTreeNode;1.0;1.0;1.0;1.0;5.0;0.0;5.0;0.0;2.0;10.0;0.0;0.0;1.0;14.0;1.0;14.0;14.0;0.0;0.0;0.0;14.0;105.0;15.0;83.0;21.0;45.0;9.0;32.0;54.0;19.0;35.0;6.0;6.0;6.0;6.0;2.0;5.0;78.0;0.11;21.0;21.0;21.0;19.0;0
org.apache.jmeter.gui.util.ButtonPanel;2.0;1.0;2.0;1.0;23.0;0.0;21.0;1.0;1.0;1.0;0.0;0.0;5.0;3.0;5.0;3.0;3.0;0.0;1.0;0.0;2.0;93.0;8.0;73.0;13.0;63.0;12.0;58.0;63.0;13.0;50.0;6.0;2.0;6.0;1.0;2.0;1.0;50.0;0.16;8.0;4.0;8.0;3.0;0
org.apache.jmeter.gui.util.FileDialoger;2.0;2.0;2.0;1.0;16.0;0.0;10.0;5.0;1.0;3.0;0.0;5.0;2.0;1.0;0.0;6.0;6.0;0.0;2.0;0.0;4.0;117.0;11.0;65.0;16.0;41.0;41.0;30.0;47.0;17.0;30.0;7.0;7.0;7.0;1.0;1.0;2.0;58.0;0.63;16.0;16.0;16.0;6.0;0
org.apache.jmeter.gui.util.FilePanel;1.0;1.0;1.0;1.0;7.0;0.0;5.0;2.0;2.0;2.0;0.0;0.0;0.0;11.0;6.0;11.0;15.0;0.0;2.0;0.0;9.0;109.0;17.0;66.0;20.0;37.0;26.0;35.0;50.0;20.0;30.0;3.0;3.0;4.0;1.0;3.0;2.0;74.0;0.39;14.0;14.0;15.0;11.0;0
org.apache.jmeter.gui.util.FocusRequester;1.0;1.0;1.0;1.0;5.0;0.0;5.0;0.0;2.0;1.0;0.0;0.0;1.0;2.0;1.0;2.0;2.0;0.0;0.0;0.0;2.0;25.0;3.0;15.0;5.0;7.0;8.0;6.0;10.0;5.0;5.0;2.0;2.0;2.0;1.0;1.0;1.0;25.0;0.53;3.0;3.0;3.0;2.0;0
org.apache.jmeter.gui.util.JMeterColor;1.0;1.0;1.0;1.0;3.0;0.0;3.0;0.0;1.0;0.0;0.0;0.0;4.0;2.0;0.0;2.0;2.0;0.0;0.0;0.0;2.0;21.0;5.0;12.0;7.0;6.0;4.0;6.0;9.0;7.0;2.0;1.0;1.0;1.0;1.0;2.0;0.0;100.0;0.33;2.0;2.0;2.0;2.0;0
org.apache.jmeter.gui.util.JMeterMenuBar;2.0;2.0;2.0;1.0;20.0;0.0;17.0;2.0;2.0;7.0;0.0;0.0;1.0;20.0;30.0;20.0;20.0;0.0;8.0;0.0;12.0;510.0;65.0;376.0;76.0;278.0;71.0;286.0;333.0;80.0;253.0;5.0;5.0;7.0;1.0;2.0;2.0;89.0;0.19;46.0;46.0;49.0;20.0;0
org.apache.jmeter.gui.util.MenuFactory;1.0;1.0;1.0;1.0;9.0;0.0;8.0;0.0;1.0;14.0;0.0;29.0;25.0;1.0;1.0;30.0;30.0;11.0;3.0;0.0;16.0;389.0;52.0;311.0;84.0;217.0;31.0;162.0;219.0;76.0;143.0;18.0;18.0;20.0;8.0;1.0;4.0;95.0;0.1;55.0;55.0;58.0;37.0;0
org.apache.jmeter.gui.util.MenuInfo;1.0;1.0;1.0;1.0;4.0;0.0;4.0;0.0;1.0;0.0;0.0;0.0;0.0;1.0;2.0;1.0;1.0;0.0;0.0;0.0;1.0;14.0;2.0;8.0;4.0;2.0;4.0;4.0;6.0;4.0;2.0;1.0;1.0;1.0;1.0;1.0;0.0;0.0;0.5;1.0;1.0;1.0;1.0;0
org.apache.jmeter.gui.util.NumberFieldErrorListener;2.0;2.0;2.0;1.0;9.0;0.0;9.0;0.0;1.0;2.0;0.0;1.0;1.0;1.0;0.0;2.0;2.0;0.0;0.0;0.0;2.0;29.0;3.0;22.0;6.0;14.0;4.0;9.0;15.0;6.0;9.0;4.0;4.0;4.0;1.0;2.0;1.0;50.0;0.18;5.0;5.0;5.0;2.0;0
org.apache.jmeter.gui.util.PowerTableModel;1.0;1.0;1.0;1.0;8.0;0.0;6.0;1.0;1.0;2.0;0.0;0.0;1.0;22.0;2.0;22.0;22.0;0.0;2.0;0.0;20.0;208.0;24.0;155.0;41.0;92.0;29.0;74.0;114.0;45.0;69.0;11.0;11.0;11.0;11.0;2.0;2.0;69.0;0.19;39.0;39.0;39.0;32.0;0
org.apache.jmeter.gui.util.TextAreaCellRenderer;2.0;2.0;2.0;1.0;7.0;0.0;7.0;0.0;2.0;1.0;0.0;0.0;0.0;2.0;1.0;2.0;2.0;0.0;0.0;0.0;2.0;25.0;3.0;18.0;5.0;9.0;4.0;7.0;12.0;4.0;8.0;3.0;3.0;4.0;1.0;1.0;1.0;0.0;0.22;4.0;4.0;5.0;2.0;0
org.apache.jmeter.gui.util.TextAreaTableCellEditor;1.0;1.0;1.0;1.0;9.0;0.0;4.0;4.0;3.0;1.0;0.0;0.0;0.0;11.0;3.0;11.0;11.0;0.0;0.0;0.0;11.0;277.0;33.0;92.0;30.0;37.0;152.0;36.0;63.0;31.0;32.0;1.0;1.0;1.0;1.0;2.0;0.0;54.0;1.65;11.0;11.0;11.0;11.0;0
org.apache.jmeter.junit.JMeterTest;2.0;2.0;3.0;1.0;15.0;0.0;14.0;1.0;1.0;20.0;0.0;9.0;6.0;20.0;4.0;29.0;33.0;0.0;10.0;0.0;19.0;577.0;47.0;434.0;133.0;310.0;119.0;256.0;339.0;139.0;200.0;14.0;14.0;15.0;3.0;3.0;5.0;91.0;0.27;83.0;83.0;91.0;37.0;0
org.apache.jmeter.junit.protocol.http.config.HttpConfigSuite;1.0;1.0;1.0;1.0;4.0;0.0;3.0;1.0;1.0;0.0;0.0;1.0;0.0;1.0;0.0;2.0;2.0;0.0;1.0;0.0;1.0;15.0;1.0;7.0;4.0;2.0;7.0;2.0;5.0;4.0;1.0;1.0;1.0;1.0;1.0;1.0;0.0;0.0;1.0;2.0;2.0;2.0;2.0;0
org.apache.jmeter.junit.protocol.http.parser.HtmlParserTester;1.0;1.0;1.0;1.0;14.0;0.0;13.0;2.0;1.0;9.0;0.0;0.0;0.0;14.0;2.0;14.0;18.0;0.0;2.0;0.0;12.0;231.0;15.0;199.0;77.0;169.0;36.0;155.0;170.0;67.0;103.0;1.0;1.0;2.0;1.0;3.0;0.0;21.0;0.18;14.0;14.0;15.0;14.0;0
org.apache.jmeter.modifiers.CounterConfig;1.0;1.0;1.0;1.0;5.0;0.0;4.0;0.0;4.0;7.0;0.0;0.0;6.0;14.0;1.0;14.0;56.0;0.0;0.0;0.0;14.0;102.0;20.0;75.0;26.0;40.0;7.0;32.0;52.0;26.0;26.0;6.0;6.0;7.0;1.0;2.0;4.0;84.0;0.09;19.0;19.0;20.0;14.0;0
org.apache.jmeter.modifiers.UserParameters;1.0;1.0;1.0;1.0;7.0;0.0;5.0;2.0;4.0;8.0;0.0;0.0;4.0;14.0;1.0;14.0;56.0;0.0;2.0;1.0;11.0;149.0;18.0;80.0;27.0;41.0;56.0;31.0;55.0;27.0;28.0;4.0;4.0;5.0;1.0;2.0;2.0;82.0;0.7;22.0;22.0;23.0;14.0;0
org.apache.jmeter.modifiers.gui.CounterConfigGui;1.0;1.0;1.0;1.0;10.0;0.0;8.0;2.0;1.0;6.0;0.0;0.0;0.0;6.0;5.0;6.0;27.0;0.0;1.0;0.0;5.0;76.0;9.0;53.0;12.0;34.0;15.0;35.0;43.0;12.0;31.0;2.0;2.0;2.0;1.0;4.0;1.0;50.0;0.28;7.0;7.0;7.0;6.0;0
org.apache.jmeter.modifiers.gui.UserParametersGui;1.0;1.0;1.0;1.0;12.0;0.0;10.0;1.0;1.0;14.0;0.0;0.0;1.0;9.0;9.0;9.0;30.0;0.0;3.0;1.0;5.0;252.0;39.0;187.0;52.0;130.0;26.0;112.0;145.0;49.0;96.0;3.0;3.0;3.0;1.0;4.0;1.0;78.0;0.14;13.0;13.0;13.0;9.0;0
org.apache.jmeter.protocol.ftp.config.FtpConfig;1.0;1.0;1.0;1.0;6.0;0.0;5.0;1.0;2.0;1.0;0.0;0.0;0.0;7.0;0.0;7.0;53.0;0.0;0.0;0.0;7.0;52.0;5.0;40.0;8.0;12.0;8.0;7.0;16.0;8.0;8.0;2.0;2.0;5.0;1.0;3.0;1.0;0.0;0.2;8.0;8.0;11.0;7.0;0
org.apache.jmeter.protocol.ftp.config.gui.FtpConfigGui;1.0;1.0;1.0;1.0;7.0;0.0;6.0;0.0;1.0;5.0;0.0;0.0;2.0;9.0;3.0;9.0;31.0;0.0;3.0;0.0;6.0;94.0;21.0;63.0;21.0;40.0;10.0;41.0;52.0;21.0;31.0;2.0;2.0;2.0;1.0;4.0;1.0;77.0;0.16;10.0;10.0;10.0;9.0;0
org.apache.jmeter.protocol.ftp.control.gui.FtpTestSamplerGui;1.0;1.0;1.0;1.0;7.0;0.0;5.0;0.0;1.0;7.0;0.0;0.0;0.0;6.0;2.0;6.0;28.0;0.0;1.0;0.0;5.0;59.0;12.0;38.0;11.0;22.0;9.0;24.0;31.0;11.0;20.0;1.0;1.0;1.0;1.0;4.0;0.0;50.0;0.24;6.0;6.0;6.0;6.0;0
org.apache.jmeter.protocol.ftp.sampler.FTPSampler;1.0;1.0;1.0;1.0;7.0;0.0;5.0;1.0;1.0;4.0;0.0;0.0;2.0;9.0;0.0;9.0;51.0;0.0;0.0;0.0;9.0;83.0;13.0;49.0;16.0;28.0;22.0;25.0;36.0;16.0;20.0;3.0;3.0;3.0;1.0;3.0;1.0;77.0;0.45;11.0;11.0;11.0;9.0;0
org.apache.jmeter.protocol.ftp.sampler.FtpClient;2.0;2.0;2.0;1.0;16.0;0.0;11.0;4.0;1.0;2.0;0.0;3.0;3.0;7.0;4.0;10.0;10.0;0.0;0.0;0.0;10.0;289.0;29.0;185.0;62.0;130.0;75.0;115.0;147.0;62.0;85.0;7.0;7.0;7.0;1.0;1.0;3.0;77.0;0.41;20.0;20.0;20.0;10.0;0
org.apache.jmeter.protocol.http.config.MultipartUrlConfig;1.0;1.0;1.0;1.0;5.0;0.0;4.0;0.0;2.0;4.0;0.0;0.0;1.0;15.0;5.0;15.0;15.0;0.0;0.0;0.0;15.0;105.0;18.0;78.0;31.0;41.0;9.0;41.0;61.0;32.0;29.0;4.0;4.0;4.0;1.0;1.0;2.0;87.0;0.12;19.0;19.0;20.0;15.0;0
org.apache.jmeter.protocol.http.config.gui.HttpDefaultsGui;1.0;1.0;1.0;1.0;10.0;1.0;8.0;1.0;1.0;11.0;0.0;0.0;0.0;7.0;6.0;7.0;29.0;0.0;1.0;0.0;6.0;99.0;22.0;66.0;17.0;43.0;11.0;47.0;56.0;17.0;39.0;2.0;2.0;2.0;1.0;4.0;1.0;57.0;0.17;8.0;8.0;8.0;7.0;0
org.apache.jmeter.protocol.http.config.gui.MultipartUrlConfigGui;1.0;1.0;1.0;1.0;10.0;1.0;8.0;0.0;2.0;5.0;0.0;0.0;4.0;12.0;3.0;12.0;23.0;0.0;3.0;2.0;7.0;171.0;37.0;114.0;35.0;82.0;20.0;79.0;95.0;35.0;60.0;4.0;4.0;4.0;3.0;3.0;2.0;78.0;0.18;15.0;15.0;15.0;14.0;0
org.apache.jmeter.protocol.http.config.gui.UrlConfigGui;1.0;1.0;1.0;1.0;18.0;3.0;13.0;1.0;1.0;12.0;1.0;0.0;7.0;11.0;10.0;11.0;11.0;0.0;0.0;7.0;4.0;269.0;61.0;172.0;47.0;136.0;37.0;140.0;154.0;47.0;107.0;3.0;3.0;3.0;1.0;2.0;1.0;75.0;0.22;14.0;14.0;14.0;11.0;0
org.apache.jmeter.protocol.http.control.AuthManager;1.0;1.0;1.0;1.0;6.0;0.0;5.0;1.0;3.0;8.0;0.0;1.0;4.0;26.0;0.0;27.0;73.0;1.0;0.0;0.0;26.0;234.0;37.0;159.0;52.0;89.0;39.0;72.0;115.0;53.0;62.0;9.0;9.0;14.0;4.0;3.0;3.0;93.0;0.25;44.0;44.0;51.0;33.0;0
org.apache.jmeter.protocol.http.control.Authorization;1.0;1.0;1.0;1.0;3.0;0.0;3.0;0.0;2.0;2.0;0.0;0.0;3.0;13.0;0.0;13.0;55.0;1.0;0.0;0.0;12.0;71.0;15.0;47.0;17.0;19.0;9.0;19.0;33.0;17.0;16.0;1.0;1.0;1.0;1.0;2.0;0.0;84.0;0.19;13.0;13.0;13.0;13.0;0
org.apache.jmeter.protocol.http.control.Cookie;1.0;1.0;1.0;1.0;6.0;0.0;3.0;2.0;2.0;4.0;0.0;0.0;5.0;16.0;0.0;16.0;58.0;0.0;0.0;0.0;16.0;129.0;20.0;65.0;22.0;31.0;44.0;30.0;47.0;22.0;25.0;1.0;1.0;1.0;1.0;2.0;0.0;87.0;0.68;16.0;16.0;16.0;16.0;0
org.apache.jmeter.protocol.http.control.CookieManager;2.0;2.0;3.0;1.0;14.0;0.0;10.0;4.0;3.0;12.0;0.0;0.0;4.0;24.0;1.0;24.0;70.0;0.0;2.0;0.0;22.0;398.0;42.0;253.0;72.0;171.0;133.0;111.0;173.0;70.0;103.0;13.0;13.0;14.0;4.0;3.0;3.0;87.0;0.53;63.0;63.0;73.0;31.0;0
org.apache.jmeter.protocol.http.control.Header;1.0;1.0;1.0;1.0;5.0;0.0;3.0;2.0;2.0;1.0;0.0;0.0;2.0;10.0;0.0;10.0;52.0;0.0;0.0;0.0;10.0;74.0;11.0;35.0;13.0;13.0;29.0;13.0;24.0;13.0;11.0;1.0;1.0;1.0;1.0;2.0;0.0;80.0;0.83;10.0;10.0;10.0;10.0;0
org.apache.jmeter.protocol.http.control.HeaderManager;1.0;1.0;1.0;1.0;8.0;0.0;5.0;2.0;2.0;5.0;0.0;0.0;3.0;17.0;1.0;17.0;63.0;0.0;0.0;0.0;17.0;215.0;24.0;109.0;36.0;60.0;91.0;51.0;79.0;37.0;42.0;6.0;6.0;7.0;4.0;3.0;3.0;89.0;0.83;28.0;28.0;29.0;22.0;0
org.apache.jmeter.protocol.http.control.gui.HttpTestSampleGui;1.0;1.0;1.0;1.0;8.0;0.0;7.0;1.0;1.0;7.0;1.0;0.0;0.0;9.0;3.0;9.0;31.0;0.0;1.0;1.0;7.0;102.0;15.0;68.0;18.0;43.0;19.0;41.0;53.0;18.0;35.0;3.0;3.0;3.0;1.0;4.0;1.0;59.0;0.28;11.0;11.0;11.0;9.0;0
org.apache.jmeter.protocol.http.control.gui.SoapSamplerGui;1.0;1.0;1.0;1.0;11.0;0.0;9.0;0.0;1.0;5.0;0.0;0.0;0.0;7.0;4.0;7.0;29.0;0.0;1.0;0.0;6.0;99.0;12.0;74.0;18.0;52.0;13.0;53.0;63.0;19.0;44.0;2.0;2.0;2.0;1.0;4.0;1.0;57.0;0.18;8.0;8.0;8.0;7.0;0
org.apache.jmeter.protocol.http.gui.AuthPanel;3.0;3.0;3.0;1.0;17.0;1.0;13.0;2.0;2.0;9.0;0.0;0.0;5.0;10.0;6.0;10.0;32.0;0.0;2.0;0.0;8.0;325.0;55.0;217.0;58.0;138.0;53.0;114.0;164.0;55.0;109.0;20.0;20.0;20.0;1.0;4.0;5.0;77.0;0.24;30.0;30.0;30.0;10.0;0
org.apache.jmeter.protocol.http.gui.CookiePanel;2.0;2.0;2.0;1.0;15.0;1.0;12.0;1.0;2.0;13.0;0.0;0.0;8.0;13.0;7.0;13.0;35.0;0.0;5.0;0.0;8.0;266.0;43.0;185.0;55.0;129.0;39.0;106.0;142.0;51.0;91.0;21.0;21.0;21.0;1.0;4.0;5.0;85.0;0.21;37.0;37.0;37.0;13.0;0
org.apache.jmeter.protocol.http.gui.HTTPArgumentsPanel;1.0;1.0;1.0;1.0;7.0;0.0;7.0;0.0;1.0;11.0;0.0;0.0;2.0;8.0;0.0;8.0;55.0;0.0;1.0;4.0;3.0;75.0;9.0;61.0;18.0;40.0;5.0;32.0;44.0;18.0;26.0;3.0;3.0;4.0;1.0;5.0;2.0;75.0;0.08;11.0;11.0;14.0;8.0;0
org.apache.jmeter.protocol.http.gui.HeaderPanel;2.0;2.0;2.0;1.0;15.0;1.0;11.0;2.0;3.0;8.0;0.0;0.0;5.0;12.0;6.0;12.0;34.0;0.0;2.0;0.0;10.0;432.0;67.0;300.0;76.0;207.0;65.0;173.0;233.0;76.0;157.0;20.0;20.0;20.0;1.0;4.0;5.0;82.0;0.22;32.0;32.0;32.0;12.0;0
org.apache.jmeter.protocol.http.modifier.AnchorModifier;4.0;4.0;5.0;2.0;23.0;0.0;22.0;0.0;3.0;12.0;0.0;0.0;2.0;7.0;0.0;7.0;49.0;0.0;4.0;0.0;3.0;178.0;8.0;162.0;47.0;118.0;8.0;89.0;122.0;48.0;74.0;8.0;8.0;10.0;4.0;2.0;3.0;50.0;0.05;34.0;34.0;36.0;14.0;0
org.apache.jmeter.protocol.http.modifier.ParamMask;1.0;1.0;1.0;1.0;10.0;0.0;4.0;5.0;2.0;1.0;0.0;0.0;0.0;17.0;7.0;17.0;59.0;0.0;0.0;0.0;17.0;221.0;27.0;82.0;27.0;45.0;112.0;44.0;63.0;27.0;36.0;2.0;2.0;2.0;1.0;2.0;1.0;86.0;1.37;18.0;18.0;18.0;17.0;0
org.apache.jmeter.protocol.http.modifier.ParamModifier;1.0;1.0;1.0;1.0;7.0;0.0;5.0;2.0;4.0;10.0;0.0;0.0;1.0;9.0;0.0;9.0;51.0;0.0;1.0;0.0;8.0;125.0;14.0;48.0;16.0;23.0;63.0;17.0;32.0;16.0;16.0;4.0;4.0;4.0;4.0;2.0;2.0;77.0;1.31;14.0;14.0;14.0;14.0;0
org.apache.jmeter.protocol.http.modifier.URLRewritingModifier;2.0;2.0;2.0;1.0;10.0;0.0;9.0;1.0;3.0;8.0;0.0;0.0;4.0;11.0;5.0;11.0;53.0;0.0;2.0;0.0;9.0;152.0;25.0;114.0;32.0;71.0;17.0;48.0;74.0;33.0;41.0;13.0;13.0;17.0;9.0;2.0;4.0;81.0;0.15;25.0;25.0;29.0;19.0;0
org.apache.jmeter.protocol.http.modifier.UserParameterModifier;1.0;1.0;1.0;1.0;7.0;0.0;4.0;3.0;4.0;11.0;0.0;0.0;2.0;10.0;1.0;10.0;56.0;0.0;0.0;0.0;10.0;127.0;14.0;52.0;22.0;26.0;62.0;22.0;37.0;22.0;15.0;4.0;4.0;4.0;1.0;3.0;2.0;80.0;1.19;14.0;14.0;14.0;10.0;0
org.apache.jmeter.protocol.http.modifier.UserParameterXMLContentHandler;1.0;1.0;1.0;1.0;4.0;0.0;3.0;0.0;2.0;0.0;0.0;0.0;0.0;12.0;5.0;12.0;12.0;0.0;0.0;0.0;12.0;106.0;23.0;53.0;18.0;21.0;30.0;15.0;34.0;18.0;16.0;5.0;5.0;5.0;1.0;1.0;1.0;81.0;0.57;18.0;18.0;18.0;12.0;0
org.apache.jmeter.protocol.http.modifier.UserParameterXMLErrorHandler;1.0;1.0;1.0;1.0;5.0;0.0;5.0;0.0;2.0;1.0;0.0;0.0;1.0;3.0;0.0;3.0;3.0;0.0;0.0;0.0;3.0;27.0;3.0;18.0;5.0;10.0;6.0;7.0;11.0;5.0;6.0;1.0;1.0;1.0;1.0;1.0;0.0;0.0;0.33;3.0;3.0;3.0;3.0;0
org.apache.jmeter.protocol.http.modifier.UserParameterXMLParser;1.0;1.0;1.0;1.0;29.0;5.0;11.0;14.0;1.0;3.0;0.0;0.0;0.0;1.0;0.0;1.0;1.0;0.0;0.0;0.0;1.0;40.0;6.0;13.0;6.0;9.0;22.0;9.0;11.0;6.0;5.0;1.0;1.0;1.0;1.0;1.0;0.0;0.0;1.69;1.0;1.0;1.0;1.0;0
org.apache.jmeter.protocol.http.modifier.UserSequence;1.0;1.0;1.0;1.0;12.0;1.0;6.0;5.0;2.0;1.0;0.0;0.0;1.0;3.0;2.0;3.0;3.0;0.0;0.0;0.0;3.0;65.0;10.0;24.0;8.0;11.0;31.0;11.0;17.0;8.0;9.0;3.0;3.0;3.0;1.0;1.0;1.0;44.0;1.29;5.0;5.0;5.0;3.0;0
org.apache.jmeter.protocol.http.modifier.gui.AnchorModifierGui;1.0;1.0;1.0;1.0;5.0;0.0;3.0;1.0;1.0;2.0;0.0;0.0;0.0;5.0;0.0;5.0;26.0;0.0;1.0;0.0;4.0;31.0;5.0;21.0;7.0;9.0;5.0;9.0;15.0;7.0;8.0;1.0;1.0;1.0;1.0;4.0;0.0;0.0;0.24;5.0;5.0;5.0;5.0;0
org.apache.jmeter.protocol.http.modifier.gui.ParamModifierGui;1.0;1.0;1.0;1.0;10.0;0.0;8.0;1.0;2.0;5.0;0.0;0.0;6.0;12.0;6.0;12.0;33.0;0.0;4.0;1.0;7.0;175.0;33.0;121.0;36.0;86.0;21.0;83.0;102.0;36.0;66.0;5.0;5.0;5.0;1.0;4.0;1.0;81.0;0.17;18.0;18.0;18.0;12.0;0
org.apache.jmeter.protocol.http.modifier.gui.URLRewritingModifierGui;1.0;1.0;1.0;1.0;8.0;1.0;6.0;0.0;1.0;5.0;0.0;0.0;0.0;6.0;4.0;6.0;27.0;0.0;1.0;0.0;5.0;76.0;17.0;46.0;13.0;28.0;13.0;32.0;39.0;13.0;26.0;1.0;1.0;1.0;1.0;4.0;0.0;50.0;0.28;6.0;6.0;6.0;6.0;0
org.apache.jmeter.protocol.http.modifier.gui.UserParameterModifierGui;1.0;1.0;1.0;1.0;7.0;0.0;5.0;0.0;1.0;3.0;0.0;0.0;0.0;9.0;1.0;9.0;30.0;0.0;2.0;0.0;7.0;89.0;14.0;55.0;18.0;35.0;20.0;36.0;46.0;18.0;28.0;1.0;1.0;1.0;1.0;4.0;0.0;66.0;0.36;9.0;9.0;9.0;9.0;0
org.apache.jmeter.protocol.http.parser.FormElement;1.0;1.0;1.0;1.0;8.0;0.0;3.0;4.0;1.0;0.0;0.0;0.0;0.0;9.0;4.0;9.0;9.0;0.0;0.0;0.0;9.0;98.0;9.0;42.0;14.0;8.0;47.0;12.0;22.0;14.0;8.0;1.0;1.0;1.0;1.0;1.0;0.0;77.0;1.12;9.0;9.0;9.0;9.0;0
org.apache.jmeter.protocol.http.parser.HtmlParser;4.0;4.0;4.0;1.0;35.0;2.0;30.0;3.0;2.0;7.0;0.0;12.0;4.0;1.0;0.0;13.0;13.0;0.0;5.0;0.0;8.0;539.0;50.0;429.0;74.0;242.0;61.0;129.0;189.0;57.0;132.0;16.0;16.0;17.0;9.0;1.0;5.0;82.0;0.14;54.0;54.0;64.0;21.0;0
org.apache.jmeter.protocol.http.proxy.Admin;5.0;5.0;5.0;3.0;42.0;2.0;33.0;7.0;1.0;2.0;0.0;0.0;1.0;2.0;7.0;2.0;2.0;1.0;0.0;0.0;1.0;119.0;12.0;79.0;13.0;44.0;30.0;31.0;41.0;12.0;29.0;8.0;8.0;8.0;5.0;2.0;4.0;31.0;0.38;10.0;10.0;10.0;6.0;0
org.apache.jmeter.protocol.http.proxy.Cache;2.0;2.0;2.0;1.0;20.0;2.0;15.0;2.0;1.0;1.0;0.0;0.0;1.0;10.0;4.0;10.0;10.0;0.0;2.0;0.0;8.0;287.0;43.0;166.0;40.0;89.0;79.0;81.0;104.0;39.0;65.0;6.0;6.0;6.0;4.0;1.0;3.0;62.0;0.48;25.0;25.0;26.0;15.0;0
org.apache.jmeter.protocol.http.proxy.Daemon;2.0;2.0;2.0;1.0;19.0;0.0;11.0;7.0;1.0;3.0;0.0;1.0;4.0;6.0;4.0;7.0;7.0;0.0;0.0;0.0;7.0;184.0;18.0;89.0;21.0;60.0;77.0;45.0;64.0;21.0;43.0;8.0;8.0;8.0;5.0;2.0;5.0;75.0;0.87;18.0;18.0;19.0;11.0;0
org.apache.jmeter.protocol.http.proxy.HttpReplyHdr;1.0;1.0;1.0;1.0;10.0;0.0;4.0;5.0;1.0;0.0;0.0;20.0;3.0;1.0;0.0;21.0;21.0;0.0;3.0;0.0;18.0;262.0;33.0;97.0;29.0;51.0;132.0;48.0;72.0;29.0;43.0;3.0;3.0;3.0;1.0;1.0;1.0;90.0;1.36;23.0;23.0;23.0;21.0;0
org.apache.jmeter.protocol.http.proxy.HttpRequestHdr;3.0;3.0;3.0;1.0;18.0;0.0;15.0;3.0;1.0;11.0;0.0;1.0;4.0;12.0;5.0;13.0;13.0;2.0;1.0;0.0;10.0;294.0;23.0;206.0;52.0;152.0;70.0;122.0;162.0;52.0;110.0;6.0;6.0;9.0;3.0;1.0;3.0;83.0;0.34;39.0;39.0;44.0;15.0;0
org.apache.jmeter.protocol.http.proxy.Proxy;2.0;2.0;2.0;1.0;19.0;0.0;11.0;7.0;1.0;9.0;0.0;0.0;1.0;7.0;3.0;7.0;7.0;2.0;3.0;0.0;2.0;166.0;13.0;85.0;24.0;62.0;69.0;49.0;63.0;24.0;39.0;5.0;5.0;5.0;1.0;2.0;1.0;64.0;0.81;15.0;15.0;15.0;7.0;0
org.apache.jmeter.protocol.http.proxy.ProxyControl;2.0;2.0;2.0;1.0;11.0;0.0;8.0;3.0;2.0;30.0;0.0;0.0;17.0;49.0;8.0;49.0;117.0;1.0;15.0;0.0;33.0;709.0;96.0;449.0;138.0;286.0;177.0;227.0;340.0;143.0;197.0;15.0;15.0;17.0;7.0;3.0;6.0;96.0;0.39;116.0;116.0;123.0;73.0;0
org.apache.jmeter.protocol.http.proxy.gui.ProxyControlGui;1.0;1.0;1.0;1.0;15.0;1.0;11.0;2.0;7.0;19.0;0.0;0.0;11.0;32.0;16.0;32.0;58.0;0.0;15.0;3.0;14.0;605.0;99.0;395.0;95.0;294.0;114.0;280.0;340.0;98.0;242.0;10.0;10.0;13.0;3.0;5.0;3.0;90.0;0.29;59.0;59.0;63.0;34.0;0
org.apache.jmeter.protocol.http.sampler.HTTPSampler;4.0;4.0;4.0;1.0;35.0;1.0;19.0;15.0;1.0;15.0;2.0;0.0;3.0;12.0;0.0;12.0;112.0;0.0;4.0;7.0;1.0;463.0;36.0;243.0;47.0;172.0;200.0;132.0;181.0;48.0;133.0;12.0;12.0;12.0;5.0;4.0;4.0;83.0;0.82;50.0;50.0;54.0;16.0;0
org.apache.jmeter.protocol.http.sampler.HTTPSamplerFull;4.0;4.0;4.0;1.0;47.0;1.0;36.0;10.0;1.0;5.0;0.0;3.0;2.0;6.0;1.0;9.0;9.0;0.0;0.0;7.0;2.0;616.0;30.0;429.0;61.0;269.0;157.0;190.0;241.0;53.0;188.0;13.0;13.0;14.0;7.0;1.0;3.0;55.0;0.37;42.0;42.0;43.0;15.0;0
org.apache.jmeter.protocol.http.sampler.PostWriter;1.0;1.0;2.0;1.0;14.0;0.0;11.0;3.0;1.0;6.0;0.0;0.0;4.0;7.0;0.0;7.0;7.0;0.0;5.0;0.0;2.0;143.0;18.0;84.0;25.0;58.0;52.0;50.0;64.0;25.0;39.0;3.0;3.0;4.0;1.0;1.0;2.0;75.0;0.62;13.0;13.0;15.0;7.0;0
org.apache.jmeter.protocol.http.sampler.SoapSampler;1.0;1.0;1.0;1.0;8.0;0.0;6.0;2.0;1.0;5.0;0.0;0.0;5.0;12.0;0.0;12.0;124.0;0.0;0.0;0.0;12.0;137.0;16.0;84.0;25.0;52.0;37.0;43.0;63.0;26.0;37.0;4.0;4.0;5.0;1.0;5.0;2.0;85.0;0.44;20.0;20.0;21.0;12.0;0
org.apache.jmeter.protocol.http.util.Base64Encoder;1.0;1.0;1.0;1.0;11.0;0.0;10.0;0.0;1.0;0.0;0.0;3.0;2.0;1.0;0.0;4.0;4.0;0.0;1.0;0.0;3.0;63.0;5.0;49.0;20.0;36.0;9.0;33.0;41.0;19.0;22.0;3.0;3.0;3.0;3.0;1.0;1.0;75.0;0.18;7.0;7.0;7.0;6.0;0
org.apache.jmeter.protocol.http.util.HTTPArgument;1.0;1.0;1.0;1.0;7.0;0.0;6.0;1.0;2.0;8.0;0.0;1.0;4.0;13.0;0.0;14.0;66.0;0.0;0.0;0.0;14.0;127.0;19.0;92.0;23.0;53.0;16.0;39.0;63.0;23.0;40.0;3.0;3.0;4.0;1.0;3.0;2.0;87.0;0.17;23.0;23.0;26.0;14.0;0
org.apache.jmeter.protocol.java.config.JavaConfig;1.0;1.0;1.0;1.0;10.0;0.0;3.0;7.0;2.0;4.0;0.0;0.0;0.0;7.0;0.0;7.0;53.0;0.0;0.0;0.0;7.0;83.0;7.0;24.0;9.0;8.0;52.0;8.0;16.0;9.0;7.0;1.0;1.0;1.0;1.0;3.0;0.0;0.0;2.17;7.0;7.0;7.0;7.0;0
org.apache.jmeter.protocol.java.config.gui.JavaConfigGui;1.0;1.0;2.0;1.0;15.0;1.0;9.0;4.0;2.0;14.0;0.0;0.0;2.0;10.0;3.0;10.0;32.0;0.0;2.0;1.0;7.0;197.0;31.0;106.0;33.0;73.0;60.0;59.0;79.0;32.0;47.0;8.0;8.0;9.0;1.0;4.0;6.0;74.0;0.57;19.0;19.0;20.0;10.0;0
org.apache.jmeter.protocol.java.control.gui.JavaTestSamplerGui;1.0;1.0;1.0;1.0;6.0;0.0;4.0;1.0;1.0;4.0;0.0;0.0;0.0;6.0;1.0;6.0;28.0;0.0;1.0;0.0;5.0;57.0;9.0;32.0;10.0;18.0;16.0;18.0;25.0;10.0;15.0;1.0;1.0;1.0;1.0;4.0;0.0;50.0;0.5;6.0;6.0;6.0;6.0;0
org.apache.jmeter.protocol.java.sampler.JavaSampler;1.0;1.0;1.0;1.0;11.0;0.0;5.0;5.0;2.0;10.0;0.0;0.0;4.0;14.0;2.0;14.0;56.0;0.0;3.0;0.0;11.0;245.0;23.0;102.0;30.0;60.0;121.0;49.0;74.0;29.0;45.0;4.0;4.0;4.0;1.0;3.0;3.0;79.0;1.19;20.0;20.0;20.0;14.0;0
org.apache.jmeter.protocol.java.test.SleepTest;1.0;1.0;1.0;1.0;17.0;0.0;7.0;9.0;2.0;3.0;0.0;0.0;2.0;9.0;2.0;9.0;13.0;0.0;4.0;0.0;5.0;208.0;20.0;71.0;21.0;45.0;117.0;40.0;54.0;21.0;33.0;4.0;4.0;4.0;1.0;2.0;2.0;77.0;1.65;14.0;14.0;14.0;9.0;0
org.apache.jmeter.protocol.jdbc.config.DbConfig;1.0;1.0;1.0;1.0;3.0;0.0;3.0;0.0;2.0;1.0;0.0;0.0;0.0;5.0;0.0;5.0;57.0;0.0;0.0;0.0;5.0;26.0;4.0;22.0;6.0;4.0;0.0;4.0;10.0;6.0;4.0;1.0;1.0;1.0;1.0;4.0;0.0;0.0;0.0;5.0;5.0;5.0;5.0;0
org.apache.jmeter.protocol.jdbc.config.PoolConfig;1.0;1.0;1.0;1.0;7.0;0.0;7.0;0.0;2.0;2.0;0.0;0.0;0.0;5.0;0.0;5.0;51.0;0.0;0.0;0.0;5.0;45.0;5.0;40.0;8.0;14.0;0.0;10.0;20.0;8.0;12.0;3.0;3.0;3.0;3.0;3.0;1.0;0.0;0.0;9.0;9.0;9.0;9.0;0
org.apache.jmeter.protocol.jdbc.config.SqlConfig;1.0;1.0;1.0;1.0;3.0;0.0;3.0;0.0;2.0;1.0;0.0;0.0;0.0;3.0;0.0;3.0;49.0;0.0;0.0;0.0;3.0;17.0;3.0;14.0;4.0;2.0;0.0;2.0;6.0;4.0;2.0;1.0;1.0;1.0;1.0;3.0;0.0;0.0;0.0;3.0;3.0;3.0;3.0;0
org.apache.jmeter.protocol.jdbc.config.gui.DbConfigGui;1.0;1.0;1.0;1.0;10.0;1.0;8.0;0.0;1.0;6.0;0.0;0.0;2.0;9.0;4.0;9.0;31.0;0.0;3.0;0.0;6.0;118.0;20.0;89.0;25.0;54.0;9.0;51.0;62.0;24.0;38.0;2.0;2.0;2.0;1.0;4.0;1.0;75.0;0.1;10.0;10.0;10.0;9.0;0
org.apache.jmeter.protocol.jdbc.config.gui.PoolConfigGui;1.0;1.0;1.0;1.0;13.0;0.0;11.0;0.0;2.0;6.0;0.0;0.0;4.0;11.0;3.0;11.0;33.0;0.0;3.0;0.0;8.0;173.0;22.0;140.0;29.0;81.0;11.0;56.0;75.0;27.0;48.0;7.0;7.0;7.0;1.0;4.0;3.0;77.0;0.08;18.0;18.0;18.0;11.0;0
org.apache.jmeter.protocol.jdbc.config.gui.SqlConfigGui;1.0;1.0;1.0;1.0;6.0;0.0;5.0;0.0;1.0;4.0;0.0;0.0;0.0;9.0;2.0;9.0;31.0;0.0;2.0;0.0;7.0;79.0;15.0;54.0;17.0;31.0;10.0;32.0;43.0;17.0;26.0;2.0;2.0;2.0;1.0;4.0;1.0;72.0;0.19;10.0;10.0;10.0;9.0;0
org.apache.jmeter.protocol.jdbc.control.gui.JdbcTestSampleGui;1.0;1.0;1.0;1.0;8.0;1.0;7.0;0.0;1.0;6.0;0.0;0.0;0.0;7.0;3.0;7.0;29.0;0.0;1.0;0.0;6.0;77.0;15.0;55.0;14.0;28.0;7.0;31.0;39.0;14.0;25.0;1.0;1.0;1.0;1.0;4.0;0.0;57.0;0.13;7.0;7.0;7.0;7.0;0
org.apache.jmeter.protocol.jdbc.sampler.JDBCSampler;2.0;2.0;2.0;1.0;13.0;0.0;9.0;2.0;2.0;6.0;0.0;4.0;4.0;10.0;3.0;14.0;56.0;0.0;1.0;0.0;13.0;216.0;30.0;145.0;40.0;103.0;42.0;83.0;117.0;42.0;75.0;6.0;6.0;6.0;1.0;3.0;3.0;85.0;0.29;31.0;31.0;31.0;14.0;0
org.apache.jmeter.protocol.jdbc.util.ConnectionObject;2.0;2.0;2.0;1.0;18.0;0.0;14.0;4.0;2.0;2.0;0.0;0.0;2.0;13.0;8.0;13.0;13.0;0.0;0.0;0.0;13.0;280.0;17.0;199.0;26.0;99.0;64.0;69.0;99.0;26.0;73.0;7.0;7.0;8.0;1.0;1.0;4.0;69.0;0.32;30.0;30.0;31.0;13.0;0
org.apache.jmeter.protocol.jdbc.util.DBConnectionManager;2.0;2.0;2.0;1.0;19.0;0.0;15.0;3.0;1.0;7.0;0.0;1.0;2.0;8.0;1.0;9.0;9.0;0.0;4.0;0.0;5.0;207.0;16.0;149.0;33.0;77.0;42.0;40.0;60.0;23.0;37.0;5.0;5.0;5.0;4.0;1.0;2.0;70.0;0.28;20.0;20.0;20.0;14.0;0
org.apache.jmeter.protocol.jdbc.util.DBKey;2.0;2.0;2.0;2.0;13.0;1.0;11.0;0.0;2.0;0.0;0.0;0.0;0.0;10.0;5.0;10.0;10.0;0.0;1.0;0.0;9.0;160.0;25.0;121.0;23.0;53.0;15.0;42.0;65.0;19.0;46.0;11.0;11.0;11.0;11.0;1.0;2.0;58.0;0.12;24.0;24.0;24.0;20.0;0
org.apache.jmeter.reporters.AbstractListenerElement;1.0;1.0;1.0;1.0;3.0;0.0;3.0;0.0;1.0;1.0;1.0;0.0;0.0;4.0;1.0;4.0;46.0;0.0;0.0;1.0;3.0;25.0;5.0;16.0;7.0;5.0;4.0;6.0;11.0;7.0;4.0;1.0;1.0;1.0;1.0;2.0;0.0;50.0;0.25;4.0;4.0;4.0;4.0;0
org.apache.jmeter.reporters.FileReporter;3.0;3.0;4.0;2.0;23.0;2.0;19.0;1.0;1.0;2.0;0.0;0.0;1.0;3.0;1.0;3.0;3.0;0.0;0.0;0.0;3.0;337.0;55.0;235.0;80.0;182.0;47.0;183.0;221.0;95.0;126.0;9.0;9.0;10.0;6.0;2.0;4.0;33.0;0.2;11.0;11.0;12.0;8.0;0
org.apache.jmeter.reporters.MailerResultCollector;1.0;1.0;1.0;1.0;4.0;0.0;3.0;0.0;2.0;4.0;0.0;0.0;1.0;4.0;0.0;4.0;81.0;0.0;0.0;0.0;4.0;32.0;4.0;18.0;6.0;8.0;11.0;8.0;13.0;6.0;7.0;1.0;1.0;1.0;1.0;4.0;0.0;25.0;0.61;4.0;4.0;4.0;4.0;0
org.apache.jmeter.reporters.ResultCollector;2.0;2.0;2.0;1.0;11.0;0.0;9.0;2.0;7.0;12.0;1.0;4.0;12.0;27.0;5.0;31.0;77.0;0.0;12.0;1.0;18.0;438.0;54.0;322.0;83.0;206.0;87.0;148.0;228.0;80.0;148.0;9.0;9.0;9.0;7.0;3.0;4.0;93.0;0.27;80.0;80.0;85.0;39.0;0
org.apache.jmeter.samplers.AbstractSampler;0.0;0.0;0.0;0.0;0.0;0.0;0.0;0.0;2.0;0.0;19.0;0.0;0.0;0.0;0.0;0.0;42.0;0.0;0.0;0.0;0.0;6.0;0.0;2.0;1.0;0.0;4.0;0.0;1.0;1.0;0.0;0.0;0.0;0.0;0.0;2.0;0.0;0.0;2.0;0.0;0.0;0.0;0.0;0
org.apache.jmeter.samplers.CycleEntry;1.0;1.0;1.0;1.0;3.0;0.0;3.0;0.0;1.0;0.0;0.0;0.0;0.0;1.0;0.0;1.0;11.0;0.0;0.0;0.0;1.0;5.0;0.0;5.0;2.0;0.0;0.0;0.0;2.0;2.0;0.0;1.0;1.0;1.0;1.0;2.0;0.0;0.0;0.0;1.0;1.0;1.0;1.0;0
org.apache.jmeter.samplers.Entry;1.0;1.0;1.0;1.0;5.0;0.0;4.0;0.0;1.0;3.0;1.0;0.0;1.0;10.0;3.0;10.0;10.0;0.0;1.0;0.0;9.0;75.0;13.0;52.0;16.0;23.0;11.0;20.0;35.0;16.0;19.0;3.0;3.0;3.0;1.0;1.0;2.0;77.0;0.21;14.0;14.0;14.0;10.0;0
org.apache.jmeter.samplers.RemoteListenerWrapper;1.0;1.0;1.0;1.0;5.0;0.0;5.0;0.0;5.0;6.0;0.0;0.0;1.0;10.0;2.0;10.0;52.0;0.0;0.0;0.0;10.0;91.0;14.0;55.0;15.0;27.0;24.0;20.0;35.0;14.0;21.0;2.0;2.0;2.0;1.0;2.0;1.0;56.0;0.44;14.0;14.0;14.0;10.0;0
org.apache.jmeter.samplers.RemoteSampleListenerImpl;1.0;1.0;1.0;1.0;6.0;0.0;5.0;1.0;4.0;2.0;0.0;0.0;0.0;12.0;2.0;12.0;12.0;0.0;0.0;0.0;12.0;102.0;14.0;66.0;18.0;26.0;22.0;17.0;41.0;17.0;24.0;3.0;3.0;3.0;1.0;2.0;2.0;62.0;0.33;23.0;23.0;23.0;12.0;0
org.apache.jmeter.samplers.RemoteSampleListenerWrapper;1.0;1.0;1.0;1.0;5.0;0.0;5.0;0.0;4.0;3.0;0.0;0.0;1.0;5.0;1.0;5.0;47.0;0.0;0.0;0.0;5.0;40.0;6.0;30.0;9.0;14.0;7.0;9.0;18.0;8.0;10.0;2.0;2.0;2.0;1.0;2.0;1.0;30.0;0.23;8.0;8.0;8.0;5.0;0
org.apache.jmeter.samplers.RemoteTestListenerWrapper;1.0;1.0;1.0;1.0;5.0;0.0;5.0;0.0;4.0;3.0;0.0;0.0;1.0;7.0;1.0;7.0;49.0;0.0;0.0;0.0;7.0;56.0;9.0;38.0;10.0;18.0;13.0;11.0;23.0;10.0;13.0;2.0;2.0;2.0;1.0;2.0;1.0;35.0;0.34;11.0;11.0;11.0;7.0;0
org.apache.jmeter.samplers.SampleEvent;1.0;1.0;1.0;1.0;3.0;0.0;3.0;0.0;2.0;2.0;0.0;0.0;2.0;5.0;4.0;5.0;5.0;0.0;0.0;0.0;5.0;48.0;10.0;32.0;13.0;13.0;6.0;15.0;22.0;12.0;10.0;1.0;1.0;1.0;1.0;1.0;0.0;76.0;0.19;5.0;5.0;5.0;5.0;0
org.apache.jmeter.samplers.SampleResult;1.0;1.0;1.0;1.0;7.0;0.0;4.0;3.0;2.0;4.0;2.0;2.0;10.0;78.0;31.0;80.0;80.0;0.0;2.0;3.0;75.0;785.0;124.0;374.0;131.0;181.0;307.0;165.0;264.0;127.0;137.0;3.0;3.0;3.0;1.0;1.0;1.0;97.0;0.82;99.0;99.0;100.0;80.0;0
org.apache.jmeter.samplers.gui.AbstractSamplerGui;1.0;1.0;1.0;1.0;11.0;0.0;3.0;8.0;2.0;1.0;20.0;0.0;0.0;3.0;0.0;3.0;22.0;0.0;0.0;0.0;3.0;39.0;2.0;11.0;4.0;3.0;26.0;3.0;7.0;4.0;3.0;1.0;1.0;1.0;1.0;3.0;0.0;0.0;2.36;3.0;3.0;3.0;3.0;0
org.apache.jmeter.save.SaveService;2.0;2.0;2.0;1.0;9.0;0.0;8.0;1.0;1.0;20.0;0.0;24.0;24.0;0.0;0.0;24.0;24.0;3.0;4.0;0.0;17.0;334.0;46.0;244.0;72.0;170.0;78.0;122.0;166.0;63.0;103.0;15.0;15.0;15.0;1.0;1.0;6.0;93.0;0.32;53.0;53.0;53.0;24.0;0
org.apache.jmeter.save.old.BadHandlerException;1.0;1.0;1.0;1.0;3.0;0.0;3.0;0.0;1.0;0.0;0.0;0.0;0.0;3.0;1.0;3.0;3.0;0.0;0.0;0.0;3.0;25.0;3.0;14.0;5.0;2.0;8.0;3.0;7.0;5.0;2.0;1.0;1.0;1.0;1.0;2.0;0.0;33.0;0.57;3.0;3.0;3.0;3.0;0
org.apache.jmeter.save.old.JMeterNameSpaceHandler;2.0;2.0;2.0;1.0;9.0;1.0;8.0;0.0;2.0;4.0;0.0;0.0;2.0;2.0;4.0;2.0;2.0;0.0;0.0;0.0;2.0;53.0;4.0;41.0;14.0;27.0;8.0;16.0;23.0;10.0;13.0;3.0;3.0;3.0;1.0;1.0;1.0;83.0;0.2;4.0;4.0;4.0;2.0;0
org.apache.jmeter.save.old.handlers.AbstractConfigElementHandler;1.0;1.0;1.0;1.0;15.0;2.0;5.0;7.0;1.0;4.0;1.0;0.0;0.0;9.0;2.0;9.0;30.0;0.0;0.0;1.0;8.0;180.0;53.0;54.0;13.0;18.0;73.0;18.0;30.0;13.0;17.0;2.0;2.0;3.0;1.0;2.0;1.0;61.0;1.35;11.0;11.0;12.0;9.0;0
org.apache.jmeter.save.old.handlers.ArgumentsHandler;1.0;1.0;1.0;1.0;6.0;0.0;6.0;0.0;1.0;5.0;0.0;0.0;0.0;8.0;2.0;8.0;29.0;0.0;1.0;0.0;7.0;75.0;9.0;58.0;13.0;22.0;8.0;20.0;32.0;13.0;19.0;2.0;2.0;2.0;1.0;2.0;1.0;68.0;0.14;11.0;11.0;11.0;8.0;0
org.apache.jmeter.save.old.handlers.AssertionHandler;1.0;1.0;1.0;1.0;7.0;0.0;6.0;1.0;2.0;5.0;0.0;0.0;1.0;7.0;1.0;7.0;28.0;0.0;1.0;0.0;6.0;74.0;7.0;52.0;12.0;29.0;15.0;27.0;36.0;11.0;25.0;2.0;2.0;2.0;1.0;2.0;1.0;71.0;0.29;8.0;8.0;8.0;7.0;0
org.apache.jmeter.save.old.handlers.AuthManagerHandler;1.0;1.0;1.0;1.0;5.0;0.0;5.0;0.0;1.0;7.0;0.0;0.0;0.0;6.0;3.0;6.0;27.0;0.0;0.0;0.0;6.0;53.0;5.0;40.0;13.0;15.0;8.0;17.0;25.0;13.0;12.0;2.0;2.0;2.0;1.0;2.0;1.0;83.0;0.2;7.0;7.0;7.0;6.0;0
org.apache.jmeter.save.old.handlers.CookieManagerHandler;1.0;1.0;1.0;1.0;6.0;0.0;6.0;0.0;1.0;7.0;0.0;0.0;0.0;6.0;1.0;6.0;27.0;0.0;0.0;0.0;6.0;54.0;7.0;39.0;11.0;16.0;8.0;15.0;23.0;11.0;12.0;2.0;2.0;2.0;1.0;2.0;1.0;50.0;0.21;7.0;7.0;7.0;6.0;0
org.apache.jmeter.save.old.handlers.FilerHandler;1.0;1.0;1.0;1.0;4.0;0.0;4.0;0.0;1.0;4.0;0.0;0.0;0.0;5.0;1.0;5.0;26.0;0.0;0.0;0.0;5.0;39.0;6.0;25.0;7.0;6.0;8.0;7.0;13.0;7.0;6.0;1.0;1.0;1.0;1.0;2.0;0.0;60.0;0.32;5.0;5.0;5.0;5.0;0
org.apache.jmeter.save.old.handlers.FtpTestHandler;1.0;1.0;1.0;1.0;7.0;0.0;5.0;2.0;1.0;7.0;0.0;0.0;0.0;10.0;1.0;10.0;31.0;0.0;0.0;3.0;7.0;103.0;11.0;54.0;16.0;16.0;38.0;15.0;28.0;14.0;14.0;2.0;2.0;2.0;1.0;2.0;1.0;60.0;0.7;12.0;12.0;12.0;10.0;0
org.apache.jmeter.save.old.handlers.GenericControllerHandler;1.0;1.0;1.0;1.0;12.0;0.0;6.0;6.0;1.0;6.0;1.0;0.0;0.0;8.0;1.0;8.0;29.0;0.0;0.0;3.0;5.0;123.0;12.0;54.0;12.0;20.0;57.0;18.0;29.0;12.0;17.0;3.0;3.0;3.0;1.0;2.0;1.0;75.0;1.06;10.0;10.0;10.0;8.0;0
org.apache.jmeter.save.old.handlers.HeaderManagerHandler;1.0;1.0;1.0;1.0;6.0;0.0;6.0;0.0;1.0;7.0;0.0;0.0;0.0;6.0;1.0;6.0;27.0;0.0;0.0;0.0;6.0;56.0;7.0;41.0;12.0;18.0;8.0;16.0;24.0;12.0;12.0;2.0;2.0;2.0;1.0;2.0;1.0;50.0;0.2;7.0;7.0;7.0;6.0;0
org.apache.jmeter.save.old.handlers.HttpTestSampleHandler;1.0;1.0;1.0;1.0;11.0;0.0;5.0;5.0;1.0;8.0;0.0;0.0;0.0;8.0;1.0;8.0;29.0;0.0;0.0;2.0;6.0;108.0;9.0;47.0;12.0;12.0;52.0;10.0;21.0;11.0;10.0;3.0;3.0;3.0;1.0;2.0;2.0;62.0;1.11;11.0;11.0;11.0;8.0;0
org.apache.jmeter.save.old.handlers.JMeterComponentHandler;1.0;1.0;1.0;1.0;5.0;0.0;5.0;0.0;1.0;4.0;0.0;0.0;0.0;5.0;1.0;5.0;26.0;0.0;0.0;0.0;5.0;42.0;5.0;29.0;8.0;11.0;8.0;12.0;18.0;8.0;10.0;1.0;1.0;1.0;1.0;2.0;0.0;60.0;0.28;5.0;5.0;5.0;5.0;0
org.apache.jmeter.save.old.handlers.JMeterHandler;2.0;2.0;3.0;1.0;17.0;0.0;12.0;4.0;1.0;6.0;0.0;11.0;5.0;1.0;0.0;12.0;12.0;0.0;0.0;0.0;12.0;299.0;19.0;215.0;30.0;141.0;65.0;98.0;124.0;29.0;95.0;19.0;9.0;24.0;4.0;1.0;3.0;91.0;0.3;35.0;25.0;40.0;15.0;0
org.apache.jmeter.save.old.handlers.JdbcTestSampleHandler;1.0;1.0;1.0;1.0;10.0;0.0;5.0;5.0;1.0;6.0;0.0;0.0;1.0;15.0;1.0;15.0;36.0;0.0;3.0;4.0;8.0;191.0;17.0;92.0;25.0;27.0;82.0;20.0;43.0;22.0;21.0;4.0;4.0;4.0;1.0;2.0;1.0;76.0;0.89;22.0;22.0;22.0;15.0;0
org.apache.jmeter.save.old.handlers.LoopControlHandler;1.0;1.0;1.0;1.0;11.0;0.0;6.0;4.0;1.0;6.0;0.0;0.0;0.0;5.0;0.0;5.0;34.0;0.0;0.0;1.0;4.0;63.0;5.0;35.0;7.0;17.0;23.0;17.0;23.0;7.0;16.0;1.0;1.0;1.0;1.0;3.0;0.0;0.0;0.66;5.0;5.0;5.0;5.0;0
org.apache.jmeter.save.old.handlers.ParamMaskHandler;1.0;1.0;1.0;1.0;9.0;0.0;5.0;3.0;1.0;5.0;0.0;0.0;0.0;7.0;1.0;7.0;28.0;0.0;0.0;0.0;7.0;74.0;9.0;41.0;10.0;25.0;24.0;26.0;34.0;10.0;24.0;1.0;1.0;1.0;1.0;2.0;0.0;57.0;0.59;7.0;7.0;7.0;7.0;0
org.apache.jmeter.save.old.handlers.ProxyControlHandler;2.0;2.0;2.0;1.0;17.0;0.0;12.0;4.0;1.0;8.0;0.0;0.0;0.0;5.0;0.0;5.0;35.0;0.0;1.0;0.0;4.0;97.0;10.0;63.0;19.0;39.0;24.0;37.0;48.0;22.0;26.0;7.0;7.0;7.0;1.0;3.0;4.0;0.0;0.38;13.0;13.0;13.0;5.0;0
org.apache.jmeter.save.old.handlers.TestPlanHandler;1.0;1.0;1.0;1.0;9.0;0.0;3.0;6.0;1.0;2.0;0.0;0.0;0.0;5.0;0.0;5.0;26.0;0.0;0.0;0.0;5.0;56.0;5.0;20.0;6.0;2.0;31.0;2.0;8.0;6.0;2.0;1.0;1.0;1.0;1.0;2.0;0.0;0.0;1.55;5.0;5.0;5.0;5.0;0
org.apache.jmeter.save.old.handlers.ThreadGroupHandler;1.0;1.0;1.0;1.0;16.0;0.0;8.0;7.0;1.0;6.0;0.0;0.0;0.0;6.0;1.0;6.0;27.0;0.0;0.0;0.0;6.0;116.0;11.0;52.0;9.0;17.0;53.0;12.0;23.0;9.0;14.0;3.0;3.0;3.0;1.0;2.0;2.0;50.0;1.02;10.0;10.0;10.0;6.0;0
org.apache.jmeter.save.old.handlers.TimerHandler;1.0;1.0;1.0;1.0;8.0;0.0;8.0;0.0;1.0;5.0;0.0;0.0;0.0;7.0;1.0;7.0;28.0;0.0;0.0;0.0;7.0;77.0;6.0;63.0;10.0;29.0;8.0;25.0;36.0;10.0;26.0;2.0;2.0;2.0;1.0;2.0;1.0;42.0;0.13;10.0;10.0;10.0;7.0;0
org.apache.jmeter.save.old.xml.NoCurrentHandlerException;1.0;1.0;1.0;1.0;3.0;0.0;3.0;0.0;1.0;0.0;0.0;0.0;0.0;1.0;0.0;1.0;1.0;0.0;0.0;0.0;1.0;6.0;1.0;5.0;2.0;0.0;0.0;0.0;2.0;2.0;0.0;1.0;1.0;1.0;1.0;2.0;0.0;0.0;0.0;1.0;1.0;1.0;1.0;0
org.apache.jmeter.save.old.xml.TagHandler;1.0;1.0;1.0;1.0;8.0;0.0;8.0;0.0;2.0;1.0;16.0;0.0;1.0;21.0;5.0;21.0;21.0;0.0;1.0;8.0;12.0;222.0;23.0;181.0;37.0;71.0;18.0;53.0;83.0;37.0;46.0;5.0;5.0;5.0;1.0;1.0;3.0;87.0;0.1;38.0;38.0;38.0;21.0;0
org.apache.jmeter.save.old.xml.XmlHandler;2.0;2.0;2.0;1.0;18.0;0.0;12.0;5.0;1.0;5.0;0.0;0.0;1.0;15.0;5.0;15.0;15.0;0.0;4.0;2.0;9.0;305.0;17.0;203.0;39.0;97.0;85.0;65.0;100.0;38.0;62.0;5.0;5.0;5.0;3.0;2.0;2.0;77.0;0.42;34.0;34.0;36.0;17.0;0
org.apache.jmeter.swing.HtmlPane;1.0;1.0;1.0;1.0;8.0;0.0;8.0;0.0;1.0;1.0;0.0;0.0;1.0;2.0;0.0;2.0;2.0;0.0;0.0;0.0;2.0;24.0;2.0;19.0;5.0;10.0;3.0;6.0;12.0;6.0;6.0;1.0;1.0;1.0;1.0;2.0;0.0;100.0;0.16;2.0;2.0;2.0;2.0;0
org.apache.jmeter.testelement.AbstractTestElement;1.0;1.0;1.0;1.0;6.0;0.0;5.0;1.0;3.0;15.0;50.0;0.0;1.0;42.0;5.0;42.0;42.0;0.0;0.0;9.0;33.0;378.0;49.0;242.0;66.0;128.0;87.0;89.0;163.0;66.0;97.0;4.0;4.0;5.0;1.0;1.0;2.0;92.0;0.36;74.0;74.0;77.0;42.0;0
org.apache.jmeter.testelement.TestPlan;1.0;1.0;1.0;1.0;6.0;0.0;4.0;1.0;3.0;14.0;0.0;2.0;12.0;27.0;2.0;29.0;71.0;0.0;1.0;0.0;28.0;289.0;46.0;148.0;49.0;73.0;95.0;64.0;105.0;50.0;55.0;4.0;4.0;5.0;1.0;2.0;2.0;94.0;0.64;40.0;40.0;42.0;29.0;0
org.apache.jmeter.testelement.VariablesCollection;1.0;1.0;1.0;1.0;3.0;0.0;3.0;0.0;2.0;1.0;0.0;0.0;0.0;2.0;1.0;2.0;2.0;0.0;0.0;0.0;2.0;15.0;3.0;9.0;4.0;3.0;3.0;3.0;6.0;4.0;2.0;1.0;1.0;1.0;1.0;1.0;0.0;0.0;0.33;2.0;2.0;2.0;2.0;0
org.apache.jmeter.testelement.WorkBench;1.0;1.0;1.0;1.0;4.0;0.0;2.0;1.0;2.0;0.0;0.0;0.0;0.0;2.0;0.0;2.0;44.0;0.0;0.0;0.0;2.0;12.0;2.0;7.0;3.0;1.0;3.0;1.0;4.0;3.0;1.0;1.0;1.0;1.0;1.0;2.0;0.0;0.0;0.43;2.0;2.0;2.0;2.0;0
org.apache.jmeter.threads.JMeterThread;1.0;1.0;2.0;1.0;10.0;0.0;7.0;2.0;3.0;30.0;0.0;0.0;4.0;35.0;19.0;35.0;35.0;0.0;12.0;1.0;22.0;502.0;69.0;316.0;90.0;188.0;124.0;156.0;228.0;88.0;140.0;16.0;16.0;21.0;1.0;1.0;6.0;91.0;0.39;67.0;67.0;74.0;35.0;0
org.apache.jmeter.threads.JMeterVariables;1.0;1.0;1.0;1.0;3.0;0.0;2.0;0.0;1.0;0.0;0.0;0.0;0.0;13.0;2.0;13.0;13.0;0.0;0.0;0.0;13.0;62.0;14.0;41.0;16.0;14.0;7.0;14.0;28.0;16.0;12.0;1.0;1.0;1.0;1.0;1.0;0.0;57.0;0.17;13.0;13.0;13.0;13.0;0
org.apache.jmeter.threads.ListenerNotifier;2.0;2.0;2.0;1.0;20.0;1.0;10.0;9.0;1.0;5.0;0.0;0.0;2.0;8.0;3.0;8.0;8.0;0.0;3.0;0.0;5.0;223.0;22.0;91.0;23.0;59.0;110.0;42.0;65.0;23.0;42.0;8.0;8.0;9.0;3.0;1.0;3.0;70.0;1.21;21.0;21.0;22.0;10.0;0
org.apache.jmeter.threads.ReflectionThreadGroup;0.0;0.0;0.0;0.0;0.0;0.0;0.0;0.0;1.0;0.0;0.0;0.0;0.0;0.0;0.0;0.0;74.0;0.0;0.0;0.0;0.0;15.0;1.0;2.0;1.0;0.0;12.0;0.0;1.0;1.0;0.0;0.0;0.0;0.0;0.0;3.0;0.0;0.0;6.0;0.0;0.0;0.0;0.0;0
org.apache.jmeter.threads.SamplePackage;1.0;1.0;1.0;1.0;6.0;0.0;4.0;2.0;1.0;8.0;0.0;0.0;1.0;29.0;10.0;29.0;29.0;0.0;2.0;0.0;27.0;237.0;39.0;132.0;44.0;65.0;66.0;68.0;100.0;43.0;57.0;2.0;2.0;2.0;1.0;1.0;1.0;83.0;0.5;31.0;31.0;31.0;29.0;0
org.apache.jmeter.threads.TestCompiler;2.0;2.0;2.0;1.0;9.0;0.0;8.0;0.0;3.0;17.0;0.0;1.0;2.0;14.0;4.0;15.0;15.0;0.0;5.0;0.0;10.0;207.0;26.0;163.0;53.0;95.0;19.0;75.0;119.0;53.0;66.0;9.0;9.0;9.0;5.0;1.0;3.0;86.0;0.12;34.0;34.0;34.0;19.0;0
org.apache.jmeter.threads.ThreadGroup;1.0;1.0;1.0;1.0;7.0;0.0;3.0;4.0;4.0;11.0;1.0;0.0;15.0;32.0;4.0;32.0;74.0;2.0;0.0;0.0;30.0;400.0;57.0;167.0;61.0;82.0;178.0;68.0;115.0;61.0;54.0;2.0;2.0;2.0;1.0;2.0;1.0;95.0;1.07;33.0;33.0;33.0;32.0;0
org.apache.jmeter.threads.gui.ThreadGroupGui;1.0;1.0;1.0;1.0;12.0;1.0;9.0;1.0;2.0;14.0;0.0;0.0;2.0;19.0;12.0;19.0;38.0;0.0;8.0;0.0;11.0;302.0;56.0;205.0;57.0;148.0;43.0;146.0;173.0;57.0;116.0;3.0;3.0;3.0;3.0;3.0;2.0;85.0;0.21;26.0;26.0;27.0;21.0;0
org.apache.jmeter.timers.ConstantTimer;1.0;1.0;1.0;1.0;7.0;0.0;2.0;4.0;4.0;2.0;1.0;0.0;1.0;8.0;1.0;8.0;50.0;0.0;0.0;0.0;8.0;93.0;13.0;26.0;11.0;8.0;54.0;8.0;17.0;11.0;6.0;1.0;1.0;1.0;1.0;2.0;0.0;68.0;2.08;8.0;8.0;8.0;8.0;0
org.apache.jmeter.timers.GaussianRandomTimer;1.0;1.0;1.0;1.0;3.0;0.0;3.0;0.0;2.0;1.0;0.0;0.0;0.0;2.0;0.0;2.0;56.0;0.0;0.0;0.0;2.0;9.0;1.0;8.0;3.0;2.0;0.0;2.0;5.0;3.0;2.0;1.0;1.0;1.0;1.0;4.0;0.0;0.0;0.0;2.0;2.0;2.0;2.0;0
org.apache.jmeter.timers.RandomTimer;1.0;1.0;1.0;1.0;5.0;0.0;3.0;2.0;3.0;2.0;2.0;0.0;1.0;4.0;1.0;4.0;54.0;0.0;0.0;0.0;4.0;42.0;6.0;16.0;7.0;5.0;20.0;6.0;11.0;7.0;4.0;1.0;1.0;1.0;1.0;3.0;0.0;50.0;1.25;4.0;4.0;4.0;4.0;0
org.apache.jmeter.timers.UniformRandomTimer;1.0;1.0;1.0;1.0;3.0;0.0;3.0;0.0;2.0;1.0;0.0;0.0;0.0;2.0;0.0;2.0;56.0;0.0;0.0;0.0;2.0;10.0;2.0;8.0;3.0;2.0;0.0;2.0;5.0;3.0;2.0;1.0;1.0;1.0;1.0;4.0;0.0;0.0;0.0;2.0;2.0;2.0;2.0;0
org.apache.jmeter.timers.gui.AbstractTimerGui;1.0;1.0;1.0;1.0;13.0;0.0;3.0;10.0;1.0;1.0;4.0;0.0;0.0;2.0;0.0;2.0;21.0;0.0;0.0;0.0;2.0;28.0;1.0;7.0;3.0;2.0;20.0;2.0;5.0;3.0;2.0;1.0;1.0;1.0;1.0;3.0;0.0;0.0;2.86;2.0;2.0;2.0;2.0;0
org.apache.jmeter.timers.gui.ConstantTimerGui;1.0;1.0;1.0;1.0;8.0;0.0;4.0;3.0;1.0;4.0;0.0;1.0;2.0;7.0;1.0;8.0;29.0;0.0;1.0;0.0;7.0;99.0;13.0;44.0;15.0;25.0;42.0;26.0;35.0;15.0;20.0;1.0;1.0;1.0;1.0;4.0;0.0;70.0;0.95;8.0;8.0;8.0;8.0;0
org.apache.jmeter.timers.gui.GaussianRandomTimerGui;1.0;1.0;1.0;1.0;12.0;1.0;7.0;4.0;1.0;7.0;0.0;1.0;4.0;7.0;2.0;8.0;29.0;0.0;1.0;0.0;7.0;131.0;23.0;66.0;19.0;46.0;42.0;46.0;55.0;19.0;36.0;1.0;1.0;1.0;1.0;4.0;0.0;70.0;0.64;8.0;8.0;8.0;8.0;0
org.apache.jmeter.timers.gui.UniformRandomTimerGui;1.0;1.0;1.0;1.0;12.0;1.0;7.0;4.0;1.0;7.0;0.0;1.0;4.0;7.0;2.0;8.0;29.0;0.0;1.0;0.0;7.0;131.0;24.0;64.0;19.0;44.0;45.0;45.0;54.0;19.0;35.0;1.0;1.0;1.0;1.0;4.0;0.0;70.0;0.7;8.0;8.0;8.0;8.0;0
org.apache.jmeter.util.ColorHelper;2.0;2.0;2.0;1.0;17.0;0.0;10.0;7.0;1.0;0.0;0.0;1.0;0.0;1.0;0.0;2.0;2.0;0.0;1.0;0.0;1.0;43.0;1.0;22.0;8.0;15.0;20.0;12.0;18.0;8.0;10.0;4.0;4.0;4.0;1.0;1.0;1.0;0.0;0.91;5.0;5.0;5.0;2.0;0
org.apache.jmeter.util.JMeterUtils;2.0;2.0;2.0;1.0;17.0;0.0;10.0;8.0;2.0;6.0;0.0;48.0;11.0;1.0;0.0;49.0;49.0;0.0;2.0;0.0;47.0;989.0;66.0;524.0;130.0;346.0;447.0;246.0;363.0;129.0;234.0;9.0;9.0;9.0;7.0;1.0;4.0;94.0;0.85;122.0;122.0;129.0;61.0;0
org.apache.jmeter.util.JsseSSLManager;5.0;5.0;5.0;1.0;28.0;0.0;21.0;8.0;1.0;5.0;0.0;0.0;1.0;4.0;3.0;4.0;12.0;0.0;1.0;1.0;2.0;342.0;28.0;168.0;44.0;101.0;153.0;80.0;122.0;46.0;76.0;12.0;12.0;12.0;1.0;2.0;3.0;56.0;0.91;21.0;21.0;21.0;4.0;0
org.apache.jmeter.util.SSLManager;3.0;3.0;3.0;1.0;20.0;2.0;15.0;4.0;1.0;4.0;1.0;3.0;9.0;5.0;3.0;8.0;8.0;0.0;0.0;4.0;4.0;248.0;36.0;145.0;34.0;104.0;85.0;67.0;94.0;30.0;64.0;9.0;9.0;10.0;4.0;1.0;4.0;82.0;0.59;26.0;26.0;27.0;11.0;0
org.apache.jmeter.util.StringUtilities;1.0;1.0;1.0;1.0;14.0;0.0;7.0;6.0;1.0;0.0;0.0;1.0;0.0;1.0;0.0;2.0;2.0;0.0;1.0;0.0;1.0;35.0;2.0;17.0;7.0;10.0;16.0;9.0;13.0;7.0;6.0;2.0;2.0;2.0;1.0;1.0;1.0;0.0;0.94;3.0;3.0;3.0;2.0;0
org.apache.jmeter.util.keystore.DefaultKeyStore;2.0;2.0;2.0;1.0;8.0;1.0;7.0;0.0;1.0;0.0;0.0;0.0;0.0;5.0;4.0;5.0;10.0;0.0;0.0;0.0;5.0;63.0;13.0;44.0;14.0;23.0;6.0;24.0;35.0;15.0;20.0;6.0;6.0;6.0;3.0;2.0;3.0;60.0;0.14;10.0;10.0;10.0;7.0;0
org.apache.jmeter.util.keystore.JmeterKeyStore;1.0;1.0;1.0;1.0;5.0;0.0;3.0;1.0;1.0;0.0;2.0;1.0;0.0;4.0;0.0;5.0;5.0;0.0;0.0;0.0;5.0;39.0;6.0;18.0;10.0;9.0;15.0;10.0;14.0;10.0;4.0;3.0;3.0;3.0;3.0;1.0;2.0;0.0;0.83;7.0;7.0;7.0;7.0;0
org.apache.jmeter.util.keystore.PKCS12KeyStore;2.0;2.0;2.0;1.0;15.0;2.0;11.0;1.0;1.0;0.0;0.0;0.0;0.0;5.0;3.0;5.0;10.0;0.0;0.0;0.0;5.0;99.0;17.0;64.0;18.0;28.0;18.0;26.0;39.0;17.0;22.0;7.0;7.0;9.0;4.0;2.0;3.0;60.0;0.28;12.0;12.0;14.0;8.0;0
org.apache.jmeter.visualizers.AssertionVisualizer;1.0;1.0;1.0;1.0;11.0;1.0;9.0;0.0;2.0;3.0;0.0;0.0;0.0;6.0;1.0;6.0;42.0;0.0;2.0;0.0;4.0;83.0;15.0;60.0;17.0;40.0;8.0;37.0;49.0;18.0;31.0;4.0;4.0;5.0;1.0;4.0;3.0;50.0;0.13;10.0;10.0;11.0;6.0;0
org.apache.jmeter.visualizers.BarVisualizer;1.0;1.0;1.0;1.0;7.0;0.0;6.0;0.0;3.0;2.0;0.0;0.0;1.0;7.0;2.0;7.0;7.0;0.0;0.0;0.0;7.0;150.0;31.0;110.0;31.0;54.0;9.0;61.0;79.0;31.0;48.0;1.0;1.0;1.0;1.0;2.0;0.0;61.0;0.08;7.0;7.0;7.0;7.0;0
org.apache.jmeter.visualizers.Graph;1.0;1.0;1.0;1.0;9.0;0.0;6.0;2.0;3.0;4.0;0.0;0.0;2.0;18.0;8.0;18.0;18.0;0.0;2.0;0.0;16.0;218.0;40.0;130.0;42.0;78.0;48.0;66.0;98.0;44.0;54.0;7.0;7.0;7.0;1.0;2.0;2.0;87.0;0.37;28.0;28.0;31.0;18.0;0
org.apache.jmeter.visualizers.GraphAccum;2.0;2.0;2.0;1.0;19.0;1.0;11.0;6.0;3.0;5.0;0.0;0.0;3.0;16.0;5.0;16.0;16.0;0.0;2.0;0.0;14.0;356.0;47.0;198.0;46.0;142.0;111.0;124.0;160.0;49.0;111.0;15.0;15.0;15.0;1.0;2.0;3.0;81.0;0.56;32.0;32.0;32.0;16.0;0
org.apache.jmeter.visualizers.GraphAccumModel;1.0;1.0;1.0;1.0;11.0;0.0;6.0;5.0;3.0;3.0;0.0;0.0;1.0;11.0;10.0;11.0;11.0;0.0;0.0;2.0;9.0;167.0;23.0;83.0;26.0;48.0;61.0;46.0;63.0;26.0;37.0;3.0;3.0;3.0;1.0;1.0;2.0;80.0;0.73;16.0;16.0;16.0;11.0;0
org.apache.jmeter.visualizers.GraphAccumVisualizer;1.0;1.0;1.0;1.0;11.0;1.0;7.0;3.0;4.0;5.0;0.0;0.0;1.0;10.0;3.0;10.0;46.0;0.0;1.0;0.0;9.0;148.0;25.0;78.0;26.0;53.0;45.0;55.0;66.0;25.0;41.0;1.0;1.0;1.0;1.0;4.0;0.0;57.0;0.58;10.0;10.0;10.0;10.0;0
org.apache.jmeter.visualizers.GraphModel;1.0;1.0;1.0;1.0;11.0;0.0;8.0;3.0;3.0;5.0;1.0;0.0;0.0;20.0;10.0;20.0;20.0;0.0;0.0;3.0;17.0;274.0;27.0;173.0;41.0;79.0;74.0;64.0;95.0;39.0;56.0;7.0;7.0;7.0;1.0;1.0;2.0;83.0;0.43;29.0;29.0;29.0;20.0;0
org.apache.jmeter.visualizers.GraphVisualizer;1.0;1.0;1.0;1.0;16.0;1.0;8.0;6.0;4.0;6.0;0.0;0.0;0.0;20.0;16.0;20.0;56.0;0.0;12.0;0.0;8.0;399.0;60.0;192.0;54.0;137.0;147.0;140.0;166.0;53.0;113.0;6.0;6.0;6.0;1.0;4.0;1.0;86.0;0.77;29.0;29.0;29.0;20.0;0
org.apache.jmeter.visualizers.MailerVisualizer;1.0;1.0;1.0;1.0;15.0;1.0;11.0;3.0;4.0;7.0;0.0;0.0;1.0;15.0;9.0;15.0;51.0;0.0;2.0;0.0;13.0;312.0;54.0;187.0;35.0;140.0;79.0;135.0;157.0;35.0;122.0;5.0;5.0;5.0;1.0;4.0;2.0;82.0;0.42;24.0;24.0;24.0;15.0;0
org.apache.jmeter.visualizers.RunningSample;2.0;2.0;2.0;1.0;13.0;0.0;7.0;4.0;1.0;1.0;0.0;0.0;2.0;21.0;9.0;21.0;21.0;0.0;2.0;0.0;19.0;324.0;51.0;171.0;45.0;105.0;107.0;92.0;135.0;45.0;90.0;6.0;6.0;6.0;3.0;1.0;1.0;77.0;0.63;42.0;42.0;42.0;25.0;0
org.apache.jmeter.visualizers.Spline3;3.0;3.0;3.0;1.0;19.0;0.0;13.0;5.0;1.0;1.0;0.0;0.0;3.0;16.0;9.0;16.0;16.0;0.0;0.0;4.0;12.0;405.0;40.0;228.0;49.0;147.0;141.0;154.0;212.0;52.0;160.0;14.0;14.0;15.0;1.0;1.0;3.0;80.0;0.62;57.0;57.0;59.0;16.0;0
org.apache.jmeter.visualizers.SplineModel;1.0;1.0;1.0;1.0;4.0;0.0;4.0;0.0;2.0;7.0;0.0;0.0;0.0;18.0;9.0;18.0;18.0;0.0;0.0;0.0;18.0;124.0;30.0;85.0;31.0;39.0;10.0;40.0;64.0;33.0;31.0;5.0;5.0;5.0;1.0;1.0;3.0;88.0;0.12;23.0;23.0;23.0;18.0;0
org.apache.jmeter.visualizers.SplineVisualizer;1.0;1.0;1.0;1.0;10.0;1.0;8.0;0.0;4.0;6.0;0.0;0.0;0.0;15.0;17.0;15.0;51.0;0.0;0.0;0.0;15.0;289.0;72.0;190.0;59.0;141.0;28.0;136.0;164.0;61.0;103.0;3.0;3.0;3.0;1.0;4.0;2.0;89.0;0.15;19.0;19.0;19.0;15.0;0
org.apache.jmeter.visualizers.SplineVisualizer.SplineGraph;2.0;2.0;2.0;1.0;16.0;2.0;11.0;3.0;1.0;4.0;0.0;0.0;0.0;3.0;5.0;3.0;3.0;0.0;0.0;0.0;3.0;68.0;14.0;41.0;13.0;31.0;14.0;28.0;35.0;15.0;20.0;4.0;4.0;5.0;1.0;2.0;1.0;53.0;0.34;6.0;6.0;7.0;3.0;0
org.apache.jmeter.visualizers.StatVisualizer;1.0;1.0;1.0;1.0;12.0;0.0;10.0;3.0;2.0;6.0;0.0;0.0;0.0;6.0;6.0;6.0;42.0;0.0;1.0;0.0;5.0;117.0;16.0;81.0;28.0;60.0;42.0;36.0;45.0;17.0;28.0;2.0;2.0;2.0;1.0;4.0;1.0;69.0;0.52;7.0;7.0;7.0;6.0;0
org.apache.jmeter.visualizers.StatVisualizerModel;1.0;1.0;1.0;1.0;9.0;0.0;6.0;2.0;2.0;5.0;0.0;0.0;0.0;14.0;5.0;14.0;14.0;0.0;0.0;2.0;12.0;234.0;33.0;155.0;37.0;73.0;46.0;73.0;98.0;36.0;62.0;3.0;3.0;3.0;3.0;1.0;2.0;71.0;0.3;19.0;19.0;19.0;18.0;0
org.apache.jmeter.visualizers.TableDataModel;2.0;1.0;2.0;1.0;10.0;0.0;8.0;1.0;2.0;6.0;0.0;0.0;1.0;15.0;1.0;15.0;35.0;0.0;0.0;0.0;15.0;186.0;23.0;131.0;25.0;54.0;32.0;33.0;62.0;20.0;42.0;9.0;9.0;13.0;9.0;2.0;2.0;86.0;0.24;31.0;28.0;35.0;27.0;0
org.apache.jmeter.visualizers.TableVisualizer;1.0;1.0;1.0;1.0;18.0;2.0;14.0;1.0;2.0;8.0;0.0;0.0;1.0;7.0;10.0;7.0;43.0;0.0;1.0;1.0;5.0;169.0;31.0;118.0;34.0;101.0;20.0;94.0;103.0;32.0;71.0;1.0;1.0;1.0;1.0;4.0;0.0;67.0;0.17;7.0;7.0;7.0;7.0;0
org.apache.jmeter.visualizers.TreeVisualizer;1.0;1.0;1.0;1.0;12.0;0.0;8.0;4.0;3.0;3.0;0.0;0.0;1.0;7.0;11.0;7.0;7.0;0.0;0.0;1.0;6.0;172.0;25.0;74.0;23.0;40.0;73.0;51.0;58.0;23.0;35.0;3.0;3.0;3.0;1.0;2.0;1.0;78.0;0.99;9.0;9.0;9.0;7.0;0
org.apache.jmeter.visualizers.ViewResultsFullVisualizer;3.0;2.0;3.0;1.0;22.0;3.0;16.0;3.0;4.0;7.0;0.0;3.0;18.0;19.0;15.0;22.0;58.0;0.0;10.0;4.0;8.0;817.0;156.0;537.0;141.0;390.0;162.0;342.0;433.0;141.0;292.0;18.0;16.0;18.0;3.0;4.0;5.0;88.0;0.3;67.0;65.0;70.0;24.0;0
org.apache.jmeter.visualizers.WindowedVisualizer;1.0;1.0;1.0;1.0;17.0;3.0;13.0;0.0;2.0;2.0;0.0;0.0;0.0;6.0;6.0;6.0;6.0;0.0;0.0;0.0;6.0;260.0;51.0;196.0;48.0;109.0;13.0;112.0;139.0;49.0;90.0;3.0;3.0;3.0;1.0;2.0;1.0;61.0;0.07;8.0;8.0;8.0;6.0;0
org.apache.jmeter.visualizers.WindowedVisualizer.Graph;1.0;1.0;1.0;1.0;7.0;0.0;7.0;0.0;2.0;0.0;0.0;0.0;0.0;13.0;9.0;13.0;13.0;0.0;0.0;0.0;13.0;128.0;23.0;105.0;27.0;51.0;0.0;50.0;70.0;28.0;42.0;4.0;4.0;4.0;1.0;2.0;2.0;76.0;0.0;19.0;19.0;19.0;13.0;0
org.apache.jmeter.visualizers.gui.AbstractVisualizer;1.0;1.0;1.0;1.0;12.0;0.0;5.0;7.0;5.0;9.0;12.0;0.0;1.0;17.0;6.0;17.0;36.0;0.0;0.0;6.0;11.0;312.0;26.0;101.0;31.0;56.0;185.0;52.0;75.0;30.0;45.0;2.0;2.0;2.0;1.0;3.0;1.0;85.0;1.83;21.0;21.0;21.0;17.0;0
org.apache.jorphan.collections.Data;2.0;2.0;2.0;1.0;16.0;0.0;10.0;5.0;2.0;2.0;0.0;1.0;1.0;35.0;4.0;36.0;36.0;0.0;2.0;0.0;34.0;657.0;55.0;376.0;89.0;232.0;227.0;197.0;292.0;99.0;193.0;9.0;9.0;11.0;3.0;1.0;4.0;67.0;0.6;94.0;94.0;99.0;40.0;0
org.apache.jorphan.collections.HashTree;1.0;1.0;1.0;1.0;13.0;0.0;4.0;8.0;3.0;3.0;2.0;0.0;0.0;66.0;1.0;66.0;66.0;2.0;1.0;6.0;57.0;1020.0;86.0;377.0;118.0;190.0;558.0;156.0;267.0;120.0;147.0;3.0;3.0;3.0;3.0;1.0;2.0;60.0;1.48;95.0;95.0;96.0;70.0;0
org.apache.jorphan.collections.ListedHashTree;1.0;1.0;1.0;1.0;6.0;0.0;5.0;1.0;3.0;0.0;0.0;0.0;0.0;24.0;1.0;24.0;90.0;2.0;0.0;0.0;22.0;198.0;25.0;123.0;33.0;65.0;50.0;59.0;92.0;34.0;58.0;2.0;2.0;3.0;1.0;2.0;1.0;33.0;0.41;33.0;33.0;34.0;24.0;0
org.apache.jorphan.collections.SortedHashTree;1.0;1.0;1.0;1.0;6.0;0.0;6.0;0.0;2.0;0.0;0.0;0.0;0.0;13.0;1.0;13.0;79.0;0.0;0.0;3.0;10.0;111.0;13.0;81.0;18.0;44.0;17.0;37.0;59.0;20.0;39.0;2.0;2.0;2.0;1.0;2.0;1.0;30.0;0.21;21.0;21.0;21.0;13.0;0
org.apache.jorphan.gui.ComponentUtil;1.0;1.0;1.0;1.0;15.0;0.0;7.0;7.0;1.0;0.0;0.0;3.0;0.0;1.0;0.0;4.0;4.0;0.0;1.0;0.0;3.0;73.0;5.0;31.0;8.0;19.0;37.0;15.0;22.0;8.0;14.0;3.0;3.0;3.0;3.0;1.0;1.0;0.0;1.19;6.0;6.0;6.0;6.0;0
org.apache.jorphan.gui.JLabeledChoice;1.0;1.0;1.0;1.0;9.0;0.0;6.0;3.0;2.0;2.0;0.0;0.0;1.0;18.0;5.0;18.0;18.0;0.0;2.0;0.0;16.0;231.0;28.0;134.0;35.0;77.0;70.0;73.0;106.0;39.0;67.0;2.0;2.0;2.0;1.0;2.0;1.0;75.0;0.52;24.0;24.0;24.0;18.0;0
org.apache.jorphan.gui.JLabeledPasswordField;1.0;1.0;1.0;1.0;5.0;0.0;3.0;2.0;1.0;0.0;0.0;0.0;0.0;3.0;0.0;3.0;20.0;0.0;0.0;1.0;2.0;19.0;3.0;10.0;4.0;3.0;6.0;3.0;7.0;4.0;3.0;1.0;1.0;1.0;1.0;3.0;0.0;0.0;0.6;3.0;3.0;3.0;3.0;0
org.apache.jorphan.gui.JLabeledTextArea;1.0;1.0;1.0;1.0;9.0;0.0;4.0;4.0;3.0;0.0;0.0;0.0;0.0;15.0;4.0;15.0;15.0;0.0;2.0;0.0;13.0;169.0;20.0;71.0;22.0;35.0;78.0;36.0;55.0;23.0;32.0;2.0;2.0;2.0;1.0;2.0;1.0;70.0;1.1;18.0;18.0;18.0;15.0;0
org.apache.jorphan.gui.JLabeledTextField;1.0;1.0;1.0;1.0;8.0;0.0;4.0;3.0;3.0;0.0;1.0;0.0;0.0;17.0;4.0;17.0;17.0;0.0;1.0;2.0;14.0;178.0;21.0;79.0;24.0;39.0;78.0;41.0;61.0;25.0;36.0;2.0;2.0;2.0;1.0;2.0;1.0;70.0;0.99;19.0;19.0;19.0;17.0;0
org.apache.jorphan.gui.layout.VerticalLayout;2.0;2.0;2.0;1.0;12.0;0.0;7.0;5.0;3.0;0.0;0.0;0.0;6.0;11.0;3.0;11.0;11.0;0.0;1.0;0.0;10.0;212.0;19.0;96.0;36.0;59.0;98.0;56.0;80.0;39.0;41.0;8.0;8.0;8.0;1.0;1.0;3.0;80.0;1.02;22.0;22.0;22.0;11.0;0
org.apache.jorphan.io.TextFile;2.0;2.0;2.0;1.0;15.0;0.0;8.0;6.0;1.0;1.0;0.0;0.0;1.0;8.0;1.0;8.0;8.0;0.0;0.0;0.0;8.0;148.0;10.0;73.0;17.0;46.0;68.0;29.0;48.0;17.0;31.0;7.0;7.0;7.0;1.0;2.0;3.0;62.0;0.93;18.0;18.0;18.0;8.0;0
org.apache.jorphan.logging.LoggingManager;2.0;2.0;2.0;1.0;10.0;0.0;8.0;1.0;1.0;1.0;0.0;17.0;11.0;1.0;0.0;18.0;18.0;0.0;8.0;0.0;10.0;257.0;34.0;161.0;50.0;108.0;66.0;83.0;116.0;47.0;69.0;8.0;8.0;8.0;1.0;1.0;2.0;90.0;0.41;37.0;37.0;38.0;18.0;0
org.apache.jorphan.reflect.ClassFinder;3.0;3.0;4.0;1.0;19.0;0.0;14.0;5.0;1.0;3.0;0.0;10.0;4.0;1.0;0.0;11.0;11.0;0.0;9.0;0.0;2.0;368.0;28.0;184.0;51.0;115.0;179.0;91.0;142.0;52.0;90.0;8.0;8.0;8.0;5.0;1.0;4.0;84.0;0.97;43.0;43.0;47.0;21.0;0