DY
290
43
AvgCyclomatic;AvgCyclomaticModified;AvgCyclomaticStrict;AvgEssential;AvgLine;AvgLineBlank;AvgLineCode;AvgLineComment;CountClassBase;CountClassCoupled;CountClassDerived;CountDeclClassMethod;CountDeclClassVariable;CountDeclInstanceMethod;CountDeclInstanceVariable;CountDeclMethod;CountDeclMethodAll;CountDeclMethodDefault;CountDeclMethodPrivate;CountDeclMethodProtected;CountDeclMethodPublic;CountLine;CountLineBlank;CountLineCode;CountLineCodeDecl;CountLineCodeExe;CountLineComment;CountSemicolon;CountStmt;CountStmtDecl;CountStmtExe;MaxCyclomatic;MaxCyclomaticModified;MaxCyclomaticStrict;MaxEssential;MaxInheritanceTree;MaxNesting;PercentLackOfCohesion;RatioCommentToCode;SumCyclomatic;SumCyclomaticModified;SumCyclomaticStrict;SumEssential
org.apache.jmeter.JMeter;3.0;3.0;3.0;1.0;31.0;0.0;27.0;3.0;2.0;36.0;0.0;1.0;17.0;14.0;0.0;15.0;15.0;0.0;8.0;0.0;7.0;666.0;34.0;560.0;93.0;364.0;84.0;169.0;227.0;75.0;152.0;9.0;8.0;9.0;3.0;1.0;3.0;90.0;0.15;51.0;49.0;55.0;17.0;0
org.apache.jmeter.NewDriver;1.0;1.0;1.0;1.0;15.0;0.0;10.0;4.0;1.0;0.0;0.0;2.0;2.0;1.0;8.0;3.0;3.0;0.0;1.0;0.0;2.0;149.0;14.0;109.0;24.0;59.0;30.0;38.0;54.0;23.0;31.0;3.0;3.0;3.0;1.0;1.0;1.0;90.0;0.28;5.0;5.0;5.0;3.0;0
org.apache.jmeter.ProxyAuthenticator;1.0;1.0;1.0;1.0;11.0;0.0;4.0;6.0;1.0;0.0;0.0;0.0;0.0;2.0;2.0;2.0;2.0;0.0;0.0;1.0;1.0;39.0;3.0;14.0;5.0;3.0;22.0;5.0;8.0;5.0;3.0;1.0;1.0;1.0;1.0;2.0;0.0;0.0;1.57;2.0;2.0;2.0;2.0;0
org.apache.jmeter.assertions.AssertionResult;1.0;1.0;1.0;1.0;9.0;0.0;3.0;5.0;2.0;0.0;0.0;0.0;0.0;7.0;3.0;7.0;7.0;0.0;0.0;0.0;7.0;88.0;9.0;33.0;11.0;6.0;46.0;9.0;17.0;11.0;6.0;1.0;1.0;1.0;1.0;1.0;0.0;71.0;1.39;7.0;7.0;7.0;7.0;0
org.apache.jmeter.assertions.DurationAssertion;2.0;2.0;2.0;1.0;19.0;0.0;12.0;7.0;3.0;4.0;0.0;0.0;1.0;3.0;0.0;3.0;36.0;0.0;0.0;0.0;3.0;75.0;2.0;43.0;12.0;20.0;30.0;12.0;19.0;8.0;11.0;3.0;3.0;3.0;1.0;2.0;1.0;33.0;0.7;6.0;6.0;7.0;3.0;0
org.apache.jmeter.assertions.ResponseAssertion;1.0;1.0;1.0;1.0;12.0;0.0;8.0;3.0;3.0;8.0;0.0;0.0;12.0;24.0;0.0;24.0;57.0;0.0;2.0;1.0;21.0;394.0;13.0;294.0;69.0;138.0;94.0;115.0;168.0;67.0;101.0;12.0;12.0;12.0;5.0;2.0;3.0;89.0;0.32;43.0;40.0;43.0;28.0;0
org.apache.jmeter.assertions.SizeAssertion;2.0;1.0;2.0;1.0;20.0;0.0;15.0;5.0;3.0;5.0;0.0;0.0;8.0;7.0;2.0;7.0;40.0;0.0;1.0;1.0;5.0;176.0;10.0;121.0;30.0;79.0;45.0;51.0;64.0;24.0;40.0;7.0;3.0;7.0;1.0;2.0;1.0;81.0;0.37;17.0;12.0;18.0;7.0;0
org.apache.jmeter.assertions.gui.AbstractAssertionGui;1.0;1.0;1.0;1.0;14.0;0.0;4.0;10.0;1.0;1.0;5.0;0.0;0.0;2.0;0.0;2.0;18.0;0.0;0.0;0.0;2.0;31.0;1.0;10.0;3.0;2.0;20.0;2.0;5.0;3.0;2.0;1.0;1.0;1.0;1.0;3.0;0.0;0.0;2.0;2.0;2.0;2.0;2.0;0
org.apache.jmeter.assertions.gui.AssertionGui;2.0;2.0;2.0;1.0;27.0;2.0;20.0;3.0;1.0;12.0;0.0;0.0;1.0;10.0;11.0;10.0;28.0;0.0;5.0;0.0;5.0;378.0;50.0;250.0;42.0;147.0;79.0;118.0;149.0;42.0;107.0;8.0;8.0;8.0;1.0;4.0;2.0;76.0;0.32;24.0;24.0;24.0;10.0;0
org.apache.jmeter.assertions.gui.DurationAssertionGui;1.0;1.0;1.0;1.0;11.0;0.0;10.0;0.0;2.0;5.0;0.0;0.0;1.0;9.0;1.0;9.0;27.0;0.0;1.0;0.0;8.0;125.0;16.0;97.0;23.0;50.0;12.0;36.0;51.0;21.0;30.0;5.0;5.0;5.0;1.0;4.0;3.0;72.0;0.12;14.0;14.0;14.0;9.0;0
org.apache.jmeter.assertions.gui.SizeAssertionGui;1.0;1.0;1.0;1.0;14.0;0.0;12.0;1.0;3.0;5.0;0.0;0.0;1.0;14.0;8.0;14.0;32.0;0.0;3.0;0.0;11.0;229.0;23.0;187.0;43.0;102.0;20.0;77.0;103.0;32.0;71.0;7.0;7.0;7.0;1.0;4.0;3.0;84.0;0.11;25.0;25.0;25.0;14.0;0
org.apache.jmeter.config.Argument;1.0;1.0;1.0;1.0;8.0;0.0;4.0;4.0;2.0;1.0;1.0;0.0;3.0;10.0;0.0;10.0;43.0;0.0;0.0;0.0;10.0;118.0;12.0;48.0;14.0;15.0;58.0;15.0;26.0;14.0;12.0;1.0;1.0;1.0;1.0;2.0;0.0;63.0;1.21;10.0;10.0;10.0;10.0;0
org.apache.jmeter.config.Arguments;1.0;1.0;1.0;1.0;12.0;0.0;7.0;4.0;2.0;5.0;0.0;0.0;1.0;17.0;0.0;17.0;52.0;0.0;0.0;0.0;17.0;239.0;19.0;128.0;32.0;49.0;92.0;37.0;66.0;31.0;35.0;4.0;4.0;4.0;1.0;3.0;2.0;76.0;0.72;28.0;28.0;28.0;17.0;0
org.apache.jmeter.config.ConfigTestElement;1.0;1.0;1.0;1.0;5.0;0.0;5.0;0.0;2.0;0.0;12.0;0.0;2.0;2.0;0.0;2.0;35.0;0.0;0.0;0.0;2.0;23.0;2.0;17.0;7.0;4.0;4.0;3.0;7.0;5.0;2.0;2.0;2.0;2.0;1.0;2.0;1.0;100.0;0.24;3.0;3.0;3.0;2.0;0
org.apache.jmeter.config.ExtensionsFileFilter;1.0;1.0;1.0;1.0;12.0;0.0;6.0;5.0;1.0;0.0;0.0;0.0;0.0;7.0;2.0;7.0;7.0;0.0;1.0;0.0;6.0;121.0;9.0;49.0;12.0;17.0;63.0;13.0;24.0;12.0;12.0;3.0;3.0;3.0;3.0;2.0;1.0;64.0;1.29;10.0;10.0;11.0;9.0;0
org.apache.jmeter.config.LoginConfig;1.0;1.0;1.0;1.0;7.0;0.0;3.0;3.0;2.0;1.0;1.0;0.0;0.0;6.0;0.0;6.0;41.0;0.0;0.0;0.0;6.0;54.0;5.0;26.0;7.0;5.0;23.0;5.0;12.0;7.0;5.0;1.0;1.0;1.0;1.0;3.0;0.0;0.0;0.88;6.0;6.0;6.0;6.0;0
org.apache.jmeter.config.gui.AbstractConfigGui;1.0;1.0;1.0;1.0;14.0;0.0;4.0;10.0;1.0;1.0;14.0;0.0;0.0;2.0;0.0;2.0;18.0;0.0;0.0;0.0;2.0;32.0;1.0;11.0;3.0;2.0;20.0;2.0;5.0;3.0;2.0;1.0;1.0;1.0;1.0;3.0;0.0;0.0;1.82;2.0;2.0;2.0;2.0;0
org.apache.jmeter.config.gui.AbstractModifierGui;1.0;1.0;1.0;1.0;4.0;0.0;4.0;0.0;1.0;1.0;0.0;0.0;0.0;2.0;0.0;2.0;18.0;0.0;0.0;0.0;2.0;13.0;3.0;10.0;3.0;2.0;0.0;2.0;5.0;3.0;2.0;1.0;1.0;1.0;1.0;3.0;0.0;0.0;0.0;2.0;2.0;2.0;2.0;0
org.apache.jmeter.config.gui.AbstractResponseBasedModifierGui;1.0;1.0;1.0;1.0;4.0;0.0;4.0;0.0;1.0;1.0;0.0;0.0;0.0;2.0;0.0;2.0;18.0;0.0;0.0;0.0;2.0;12.0;2.0;10.0;3.0;2.0;0.0;2.0;5.0;3.0;2.0;1.0;1.0;1.0;1.0;3.0;0.0;0.0;0.0;2.0;2.0;2.0;2.0;0
org.apache.jmeter.config.gui.ArgumentsPanel;1.0;1.0;1.0;1.0;14.0;0.0;9.0;4.0;2.0;7.0;1.0;0.0;3.0;24.0;6.0;24.0;42.0;0.0;3.0;12.0;9.0;465.0;53.0;269.0;60.0;138.0;143.0;105.0;148.0;53.0;95.0;5.0;5.0;5.0;1.0;4.0;3.0;84.0;0.53;39.0;39.0;39.0;24.0;0
org.apache.jmeter.config.gui.LoginConfigGui;1.0;1.0;1.0;1.0;11.0;0.0;7.0;3.0;1.0;5.0;0.0;0.0;0.0;9.0;3.0;9.0;27.0;0.0;3.0;0.0;6.0;137.0;14.0;73.0;20.0;41.0;50.0;36.0;47.0;20.0;27.0;2.0;2.0;2.0;1.0;4.0;1.0;70.0;0.68;10.0;10.0;10.0;9.0;0
org.apache.jmeter.control.GenericController;1.0;1.0;1.0;1.0;8.0;0.0;7.0;0.0;3.0;5.0;10.0;0.0;1.0;26.0;6.0;26.0;59.0;0.0;1.0;18.0;7.0;305.0;30.0;250.0;56.0;112.0;25.0;91.0;136.0;53.0;83.0;5.0;5.0;5.0;1.0;2.0;3.0;87.0;0.1;39.0;39.0;40.0;26.0;0
org.apache.jmeter.control.InterleaveControl;1.0;1.0;1.0;1.0;9.0;0.0;8.0;1.0;2.0;3.0;1.0;0.0;3.0;13.0;4.0;13.0;72.0;0.0;0.0;8.0;5.0;452.0;22.0;384.0;76.0;264.0;46.0;173.0;216.0;73.0;143.0;3.0;3.0;4.0;1.0;3.0;2.0;79.0;0.12;21.0;21.0;22.0;13.0;0
org.apache.jmeter.control.LoopController;1.0;1.0;1.0;1.0;6.0;0.0;6.0;0.0;2.0;5.0;0.0;0.0;2.0;14.0;1.0;14.0;73.0;0.0;1.0;5.0;8.0;214.0;21.0;169.0;34.0;86.0;24.0;62.0;89.0;34.0;55.0;3.0;3.0;3.0;1.0;3.0;2.0;76.0;0.14;18.0;18.0;19.0;14.0;0
org.apache.jmeter.control.ModifyController;1.0;1.0;1.0;1.0;11.0;0.0;6.0;4.0;3.0;5.0;0.0;0.0;0.0;5.0;2.0;5.0;64.0;0.0;0.0;1.0;4.0;74.0;5.0;38.0;11.0;11.0;31.0;8.0;18.0;10.0;8.0;5.0;5.0;5.0;1.0;3.0;3.0;80.0;0.82;9.0;9.0;9.0;5.0;0
org.apache.jmeter.control.NoEntryException;1.0;1.0;1.0;1.0;3.0;0.0;3.0;0.0;1.0;0.0;0.0;0.0;0.0;1.0;0.0;1.0;1.0;0.0;0.0;0.0;1.0;5.0;0.0;5.0;2.0;0.0;0.0;0.0;2.0;2.0;0.0;1.0;1.0;1.0;1.0;2.0;0.0;0.0;0.0;1.0;1.0;1.0;1.0;0
org.apache.jmeter.control.OnceOnlyController;1.0;1.0;1.0;1.0;6.0;0.0;4.0;2.0;3.0;3.0;0.0;0.0;0.0;3.0;0.0;3.0;62.0;0.0;0.0;1.0;2.0;165.0;7.0;151.0;28.0;101.0;7.0;60.0;77.0;26.0;51.0;2.0;2.0;2.0;1.0;3.0;1.0;0.0;0.05;4.0;4.0;4.0;3.0;0
org.apache.jmeter.control.RandomController;1.0;1.0;1.0;1.0;8.0;0.0;6.0;2.0;2.0;0.0;0.0;0.0;1.0;3.0;0.0;3.0;75.0;0.0;0.0;2.0;1.0;37.0;4.0;23.0;5.0;7.0;10.0;5.0;10.0;5.0;5.0;2.0;2.0;2.0;1.0;4.0;1.0;33.0;0.43;4.0;4.0;4.0;3.0;0
org.apache.jmeter.control.gui.AbstractControllerGui;1.0;1.0;1.0;1.0;14.0;0.0;4.0;10.0;1.0;1.0;10.0;0.0;0.0;2.0;0.0;2.0;18.0;0.0;0.0;0.0;2.0;32.0;1.0;11.0;3.0;2.0;20.0;2.0;5.0;3.0;2.0;1.0;1.0;1.0;1.0;3.0;0.0;0.0;1.82;2.0;2.0;2.0;2.0;0
org.apache.jmeter.control.gui.InterleaveControlGui;1.0;1.0;1.0;1.0;9.0;0.0;8.0;0.0;1.0;4.0;0.0;0.0;0.0;6.0;1.0;6.0;24.0;0.0;1.0;0.0;5.0;71.0;8.0;55.0;9.0;25.0;8.0;17.0;26.0;9.0;17.0;2.0;2.0;2.0;1.0;4.0;1.0;50.0;0.15;8.0;8.0;8.0;6.0;0
org.apache.jmeter.control.gui.LogicControllerGui;1.0;1.0;1.0;1.0;6.0;0.0;4.0;1.0;1.0;3.0;2.0;0.0;0.0;5.0;0.0;5.0;23.0;0.0;1.0;0.0;4.0;40.0;4.0;27.0;7.0;9.0;9.0;9.0;15.0;7.0;8.0;1.0;1.0;1.0;1.0;4.0;0.0;0.0;0.33;5.0;5.0;5.0;5.0;0
org.apache.jmeter.control.gui.LoopControlPanel;1.0;1.0;1.0;1.0;18.0;0.0;11.0;5.0;2.0;4.0;0.0;0.0;2.0;11.0;3.0;11.0;29.0;0.0;4.0;0.0;7.0;252.0;25.0;139.0;25.0;72.0;88.0;56.0;75.0;22.0;53.0;3.0;3.0;3.0;1.0;4.0;2.0;76.0;0.63;18.0;18.0;18.0;11.0;0
org.apache.jmeter.control.gui.ModifyControllerGui;1.0;1.0;1.0;1.0;12.0;0.0;7.0;4.0;1.0;6.0;0.0;0.0;0.0;8.0;1.0;8.0;26.0;0.0;1.0;0.0;7.0;116.0;12.0;61.0;17.0;33.0;43.0;30.0;39.0;17.0;22.0;1.0;1.0;1.0;1.0;4.0;0.0;100.0;0.7;8.0;8.0;8.0;8.0;0
org.apache.jmeter.control.gui.OnceOnlyControllerGui;1.0;1.0;1.0;1.0;5.0;0.0;5.0;0.0;1.0;4.0;0.0;0.0;0.0;5.0;0.0;5.0;23.0;0.0;1.0;0.0;4.0;36.0;4.0;28.0;7.0;10.0;4.0;9.0;15.0;7.0;8.0;1.0;1.0;1.0;1.0;4.0;0.0;0.0;0.14;5.0;5.0;5.0;5.0;0
org.apache.jmeter.control.gui.RandomControlGui;1.0;1.0;1.0;1.0;10.0;0.0;8.0;1.0;1.0;5.0;0.0;0.0;0.0;6.0;1.0;6.0;24.0;0.0;1.0;0.0;5.0;75.0;7.0;55.0;9.0;25.0;13.0;17.0;26.0;9.0;17.0;2.0;2.0;2.0;1.0;4.0;1.0;50.0;0.24;8.0;8.0;8.0;6.0;0
org.apache.jmeter.control.gui.TestPlanGui;1.0;1.0;1.0;1.0;15.0;0.0;10.0;3.0;1.0;10.0;0.0;0.0;0.0;10.0;4.0;10.0;26.0;0.0;3.0;0.0;7.0;186.0;20.0;111.0;24.0;70.0;55.0;56.0;69.0;23.0;46.0;2.0;2.0;2.0;1.0;3.0;1.0;70.0;0.5;12.0;12.0;12.0;10.0;0
org.apache.jmeter.control.gui.WorkBenchGui;1.0;1.0;1.0;1.0;10.0;0.0;6.0;4.0;1.0;5.0;0.0;0.0;0.0;8.0;0.0;8.0;24.0;0.0;1.0;0.0;7.0;97.0;8.0;53.0;13.0;25.0;36.0;18.0;27.0;12.0;15.0;1.0;1.0;1.0;1.0;3.0;0.0;0.0;0.68;8.0;8.0;8.0;8.0;0
org.apache.jmeter.ejb.jndi.config.JndiConfig;1.0;1.0;1.0;1.0;5.0;0.0;5.0;0.0;2.0;3.0;0.0;0.0;17.0;9.0;1.0;9.0;9.0;0.0;0.0;0.0;9.0;110.0;12.0;91.0;46.0;53.0;7.0;35.0;48.0;30.0;18.0;2.0;2.0;2.0;1.0;2.0;1.0;96.0;0.08;12.0;12.0;12.0;9.0;0
org.apache.jmeter.ejb.jndi.config.LookupConfig;1.0;1.0;1.0;1.0;5.0;0.0;5.0;0.0;2.0;3.0;0.0;0.0;2.0;7.0;0.0;7.0;7.0;0.0;0.0;0.0;7.0;58.0;8.0;43.0;13.0;15.0;7.0;12.0;22.0;12.0;10.0;2.0;2.0;2.0;1.0;2.0;1.0;71.0;0.16;9.0;9.0;9.0;7.0;0
org.apache.jmeter.ejb.jndi.config.MethodConfig;1.0;1.0;1.0;1.0;5.0;0.0;5.0;0.0;2.0;3.0;0.0;0.0;18.0;31.0;4.0;31.0;31.0;0.0;0.0;0.0;31.0;264.0;34.0;203.0;73.0;79.0;27.0;69.0;109.0;63.0;46.0;2.0;2.0;2.0;1.0;2.0;1.0;95.0;0.13;39.0;39.0;39.0;31.0;0
org.apache.jmeter.ejb.jndi.config.MethodConfigUserObject;4.0;4.0;4.0;1.0;19.0;0.0;19.0;0.0;1.0;1.0;0.0;0.0;10.0;4.0;2.0;4.0;4.0;0.0;0.0;0.0;4.0;111.0;6.0;94.0;20.0;50.0;11.0;32.0;49.0;18.0;31.0;13.0;13.0;14.0;1.0;1.0;3.0;68.0;0.12;16.0;16.0;17.0;4.0;0
org.apache.jmeter.ejb.jndi.config.MethodConfigUserObjectException;1.0;1.0;1.0;1.0;4.0;0.0;4.0;0.0;1.0;0.0;0.0;0.0;1.0;1.0;0.0;1.0;1.0;0.0;0.0;0.0;1.0;18.0;1.0;9.0;4.0;3.0;8.0;2.0;4.0;3.0;1.0;1.0;1.0;1.0;1.0;2.0;0.0;100.0;0.89;1.0;1.0;1.0;1.0;0
org.apache.jmeter.ejb.jndi.config.gui.JndiConfigGui;2.0;2.0;2.0;1.0;12.0;0.0;11.0;0.0;3.0;3.0;0.0;0.0;1.0;9.0;4.0;9.0;9.0;0.0;0.0;2.0;7.0;138.0;18.0;111.0;24.0;57.0;9.0;54.0;73.0;26.0;47.0;5.0;5.0;5.0;3.0;2.0;2.0;73.0;0.08;18.0;18.0;18.0;11.0;0
org.apache.jmeter.ejb.jndi.config.gui.LookupConfigGui;1.0;1.0;1.0;1.0;11.0;0.0;9.0;0.0;3.0;3.0;0.0;0.0;1.0;9.0;4.0;9.0;9.0;0.0;0.0;2.0;7.0;126.0;19.0;96.0;27.0;53.0;11.0;48.0;61.0;24.0;37.0;2.0;2.0;2.0;1.0;2.0;1.0;64.0;0.11;12.0;12.0;12.0;9.0;0
org.apache.jmeter.ejb.jndi.config.gui.MethodConfigDialog;1.0;1.0;1.0;1.0;52.0;2.0;48.0;2.0;1.0;1.0;0.0;0.0;1.0;2.0;4.0;2.0;2.0;0.0;0.0;0.0;2.0;124.0;7.0;106.0;16.0;67.0;11.0;42.0;53.0;17.0;36.0;1.0;1.0;1.0;1.0;2.0;0.0;60.0;0.1;2.0;2.0;2.0;2.0;0
org.apache.jmeter.ejb.jndi.config.gui.MethodConfigGui;3.0;3.0;3.0;1.0;35.0;0.0;28.0;6.0;4.0;6.0;0.0;0.0;4.0;22.0;20.0;22.0;22.0;0.0;0.0;13.0;9.0;817.0;0.0;659.0;142.0;412.0;158.0;360.0;445.0;139.0;306.0;17.0;17.0;21.0;1.0;2.0;4.0;85.0;0.24;68.0;68.0;73.0;22.0;0
org.apache.jmeter.ejb.jndi.control.JndiTestSample;1.0;1.0;1.0;1.0;6.0;0.0;5.0;0.0;2.0;7.0;0.0;0.0;2.0;10.0;1.0;10.0;10.0;0.0;0.0;1.0;9.0;89.0;12.0;64.0;18.0;26.0;13.0;26.0;38.0;16.0;22.0;2.0;2.0;2.0;1.0;2.0;1.0;73.0;0.2;11.0;11.0;11.0;10.0;0
org.apache.jmeter.ejb.jndi.control.gui.JndiTestSampleGui;1.0;1.0;1.0;1.0;8.0;1.0;6.0;0.0;2.0;3.0;0.0;0.0;0.0;4.0;3.0;4.0;4.0;0.0;0.0;1.0;3.0;52.0;10.0;33.0;10.0;15.0;9.0;17.0;22.0;10.0;12.0;1.0;1.0;1.0;1.0;2.0;0.0;58.0;0.27;4.0;4.0;4.0;4.0;0
org.apache.jmeter.ejb.jndi.sampler.JNDISampler;11.0;11.0;15.0;1.0;116.0;1.0;89.0;25.0;2.0;3.0;0.0;0.0;3.0;4.0;0.0;4.0;4.0;0.0;0.0;2.0;2.0;483.0;13.0;362.0;73.0;253.0;108.0;201.0;242.0;74.0;168.0;34.0;34.0;50.0;3.0;1.0;5.0;75.0;0.3;44.0;44.0;60.0;6.0;0
org.apache.jmeter.engine.ClientJMeterEngine;1.0;1.0;1.0;1.0;7.0;0.0;7.0;0.0;3.0;6.0;0.0;0.0;1.0;9.0;5.0;9.0;9.0;0.0;0.0;1.0;8.0;96.0;9.0;80.0;17.0;32.0;8.0;31.0;44.0;16.0;28.0;2.0;2.0;2.0;1.0;1.0;1.0;70.0;0.1;12.0;12.0;12.0;9.0;0
org.apache.jmeter.engine.ConvertListeners;3.0;3.0;4.0;1.0;18.0;0.0;18.0;0.0;2.0;11.0;0.0;0.0;1.0;3.0;0.0;3.0;3.0;0.0;0.0;0.0;3.0;76.0;4.0;60.0;15.0;26.0;12.0;13.0;24.0;11.0;13.0;8.0;8.0;11.0;1.0;1.0;4.0;66.0;0.2;10.0;10.0;13.0;3.0;0
org.apache.jmeter.engine.JMeterEngineException;1.0;1.0;1.0;1.0;4.0;0.0;4.0;0.0;2.0;0.0;0.0;0.0;0.0;2.0;0.0;2.0;2.0;0.0;0.0;0.0;2.0;12.0;1.0;11.0;3.0;2.0;0.0;2.0;5.0;3.0;2.0;1.0;1.0;1.0;1.0;2.0;0.0;0.0;0.0;2.0;2.0;2.0;2.0;0
org.apache.jmeter.engine.LagDetector;1.0;1.0;1.0;1.0;10.0;0.0;7.0;3.0;1.0;0.0;0.0;0.0;2.0;5.0;4.0;5.0;5.0;0.0;0.0;0.0;5.0;70.0;6.0;45.0;13.0;17.0;19.0;18.0;26.0;13.0;13.0;3.0;3.0;3.0;1.0;2.0;2.0;66.0;0.42;7.0;7.0;7.0;5.0;0
org.apache.jmeter.engine.PreCompiler;2.0;2.0;2.0;1.0;10.0;0.0;9.0;0.0;2.0;10.0;0.0;0.0;1.0;4.0;1.0;4.0;4.0;0.0;0.0;0.0;4.0;58.0;5.0;44.0;10.0;18.0;9.0;14.0;23.0;10.0;13.0;5.0;5.0;5.0;1.0;1.0;2.0;62.0;0.2;8.0;8.0;8.0;4.0;0
org.apache.jmeter.engine.RemoteJMeterEngineImpl;1.0;1.0;1.0;1.0;10.0;0.0;8.0;1.0;2.0;5.0;0.0;1.0;1.0;6.0;1.0;7.0;7.0;0.0;0.0;0.0;7.0;90.0;8.0;67.0;12.0;31.0;16.0;23.0;34.0;10.0;24.0;3.0;3.0;3.0;1.0;2.0;2.0;7.0;0.24;10.0;10.0;10.0;7.0;0
org.apache.jmeter.engine.StandardJMeterEngine;2.0;2.0;2.0;1.0;16.0;0.0;14.0;1.0;5.0;19.0;0.0;0.0;2.0;20.0;9.0;20.0;20.0;0.0;5.0;5.0;10.0;384.0;35.0;325.0;71.0;176.0;28.0;133.0;189.0;69.0;120.0;12.0;12.0;16.0;1.0;1.0;4.0;87.0;0.09;51.0;51.0;58.0;20.0;0
org.apache.jmeter.engine.TreeCloner;1.0;1.0;1.0;1.0;5.0;0.0;5.0;0.0;2.0;5.0;0.0;0.0;0.0;6.0;4.0;6.0;6.0;0.0;0.0;0.0;6.0;124.0;8.0;113.0;28.0;73.0;3.0;51.0;64.0;26.0;38.0;2.0;2.0;4.0;1.0;1.0;1.0;70.0;0.03;7.0;7.0;9.0;6.0;0
org.apache.jmeter.exceptions.IllegalUserActionException;1.0;1.0;1.0;1.0;3.0;0.0;3.0;0.0;1.0;0.0;0.0;0.0;0.0;2.0;0.0;2.0;2.0;0.0;0.0;0.0;2.0;10.0;1.0;9.0;3.0;1.0;0.0;1.0;4.0;3.0;1.0;1.0;1.0;1.0;1.0;2.0;0.0;0.0;0.0;2.0;2.0;2.0;2.0;0
org.apache.jmeter.functions.AbstractFunction;1.0;1.0;1.0;1.0;11.0;0.0;6.0;4.0;2.0;7.0;13.0;0.0;0.0;6.0;0.0;6.0;6.0;0.0;0.0;2.0;4.0;119.0;12.0;48.0;18.0;19.0;59.0;17.0;25.0;14.0;11.0;5.0;5.0;6.0;1.0;1.0;3.0;0.0;1.23;10.0;10.0;11.0;6.0;0
org.apache.jmeter.functions.CompoundFunction;2.0;2.0;2.0;1.0;15.0;0.0;15.0;0.0;2.0;7.0;0.0;0.0;5.0;16.0;10.0;16.0;16.0;0.0;4.0;0.0;12.0;485.0;32.0;438.0;74.0;265.0;15.0;170.0;226.0;66.0;160.0;16.0;16.0;18.0;1.0;1.0;5.0;88.0;0.03;42.0;42.0;46.0;16.0;0
org.apache.jmeter.functions.InvalidVariableException;1.0;1.0;1.0;1.0;3.0;0.0;3.0;0.0;1.0;0.0;0.0;0.0;0.0;2.0;0.0;2.0;2.0;0.0;0.0;0.0;2.0;11.0;1.0;10.0;3.0;1.0;0.0;1.0;4.0;3.0;1.0;1.0;1.0;1.0;1.0;2.0;0.0;0.0;0.0;2.0;2.0;2.0;2.0;0
org.apache.jmeter.functions.IterationCounter;1.0;1.0;1.0;1.0;9.0;1.0;8.0;0.0;2.0;6.0;0.0;0.0;2.0;6.0;2.0;6.0;12.0;0.0;0.0;0.0;6.0;89.0;16.0;61.0;23.0;24.0;12.0;23.0;32.0;16.0;16.0;2.0;2.0;2.0;1.0;2.0;1.0;70.0;0.2;8.0;8.0;8.0;6.0;0
org.apache.jmeter.functions.RegexFunction;4.0;4.0;4.0;1.0;26.0;1.0;25.0;0.0;2.0;7.0;0.0;0.0;7.0;9.0;9.0;9.0;15.0;0.0;4.0;0.0;5.0;440.0;35.0;259.0;55.0;133.0;146.0;99.0;138.0;52.0;86.0;20.0;20.0;21.0;9.0;2.0;3.0;79.0;0.56;40.0;40.0;41.0;17.0;0
org.apache.jmeter.functions.ThreadNumber;1.0;1.0;1.0;1.0;4.0;0.0;4.0;0.0;3.0;3.0;0.0;0.0;2.0;4.0;0.0;4.0;4.0;0.0;0.0;0.0;4.0;43.0;5.0;23.0;9.0;6.0;15.0;5.0;10.0;7.0;3.0;1.0;1.0;1.0;1.0;1.0;0.0;75.0;0.65;4.0;4.0;4.0;4.0;0
org.apache.jmeter.functions.UnknownFunction;1.0;1.0;1.0;1.0;6.0;0.0;4.0;1.0;2.0;4.0;0.0;0.0;1.0;8.0;2.0;8.0;8.0;0.0;1.0;0.0;7.0;70.0;11.0;38.0;15.0;12.0;21.0;12.0;22.0;13.0;9.0;2.0;2.0;3.0;1.0;1.0;1.0;75.0;0.55;9.0;9.0;10.0;8.0;0
org.apache.jmeter.functions.gui.FunctionHelper;3.0;3.0;3.0;1.0;25.0;0.0;25.0;0.0;3.0;13.0;0.0;0.0;0.0;5.0;5.0;5.0;5.0;0.0;2.0;0.0;3.0;159.0;6.0;150.0;38.0;91.0;3.0;66.0;81.0;33.0;48.0;6.0;6.0;6.0;1.0;2.0;3.0;52.0;0.02;16.0;16.0;16.0;5.0;0
org.apache.jmeter.gui.AbstractJMeterGuiComponent;1.0;1.0;1.0;1.0;14.0;0.0;6.0;7.0;2.0;8.0;15.0;0.0;1.0;16.0;3.0;16.0;16.0;0.0;0.0;8.0;8.0;276.0;23.0;112.0;32.0;48.0;141.0;41.0;60.0;26.0;34.0;2.0;2.0;2.0;1.0;2.0;1.0;81.0;1.26;18.0;18.0;18.0;16.0;0
org.apache.jmeter.gui.GuiFactory;1.0;1.0;1.0;1.0;1.0;0.0;1.0;0.0;1.0;0.0;0.0;0.0;2.0;1.0;0.0;1.0;1.0;0.0;1.0;0.0;0.0;16.0;3.0;6.0;4.0;2.0;7.0;2.0;4.0;4.0;0.0;1.0;1.0;1.0;1.0;1.0;0.0;100.0;1.17;1.0;1.0;1.0;1.0;0
org.apache.jmeter.gui.GuiPackage;1.0;1.0;1.0;1.0;17.0;0.0;9.0;7.0;2.0;17.0;0.0;2.0;2.0;25.0;8.0;27.0;27.0;0.0;2.0;0.0;25.0;548.0;37.0;277.0;61.0;125.0;238.0;94.0;139.0;51.0;88.0;5.0;5.0;5.0;4.0;1.0;3.0;87.0;0.86;46.0;46.0;46.0;30.0;0
org.apache.jmeter.gui.JMeterFileFilter;1.0;1.0;2.0;1.0;15.0;0.0;6.0;8.0;2.0;0.0;0.0;0.0;0.0;4.0;1.0;4.0;4.0;0.0;0.0;0.0;4.0;79.0;6.0;33.0;8.0;9.0;40.0;9.0;17.0;7.0;10.0;4.0;4.0;4.0;4.0;2.0;2.0;25.0;1.21;7.0;7.0;8.0;7.0;0
org.apache.jmeter.gui.JMeterJListModel;1.0;1.0;1.0;1.0;5.0;0.0;5.0;0.0;1.0;0.0;0.0;0.0;0.0;8.0;1.0;8.0;8.0;0.0;0.0;0.0;8.0;61.0;8.0;45.0;10.0;16.0;8.0;15.0;26.0;10.0;16.0;2.0;2.0;3.0;1.0;2.0;1.0;0.0;0.18;10.0;10.0;11.0;8.0;0
org.apache.jmeter.gui.ListDialog;1.0;1.0;1.0;1.0;13.0;0.0;9.0;4.0;3.0;1.0;0.0;0.0;0.0;13.0;8.0;13.0;13.0;0.0;2.0;0.0;11.0;218.0;26.0;128.0;25.0;73.0;64.0;79.0;95.0;26.0;69.0;2.0;2.0;3.0;1.0;2.0;1.0;82.0;0.5;16.0;16.0;18.0;13.0;0
org.apache.jmeter.gui.MainFrame;1.0;1.0;1.0;1.0;14.0;0.0;8.0;5.0;3.0;9.0;0.0;0.0;0.0;25.0;11.0;25.0;25.0;0.0;6.0;0.0;19.0;457.0;63.0;227.0;53.0;116.0;167.0;99.0;135.0;51.0;84.0;5.0;5.0;5.0;5.0;2.0;4.0;87.0;0.74;31.0;31.0;31.0;29.0;0
org.apache.jmeter.gui.NamePanel;1.0;1.0;1.0;1.0;9.0;0.0;6.0;2.0;2.0;6.0;0.0;0.0;0.0;15.0;3.0;15.0;15.0;0.0;2.0;1.0;12.0;178.0;23.0;101.0;20.0;42.0;54.0;33.0;54.0;23.0;31.0;2.0;2.0;2.0;1.0;2.0;1.0;84.0;0.53;17.0;17.0;17.0;15.0;0
org.apache.jmeter.gui.action.AboutCommand;1.0;1.0;1.0;1.0;25.0;0.0;18.0;5.0;2.0;2.0;0.0;0.0;2.0;3.0;1.0;3.0;3.0;1.0;0.0;0.0;2.0;97.0;6.0;67.0;20.0;41.0;24.0;33.0;40.0;18.0;22.0;2.0;2.0;2.0;1.0;1.0;1.0;77.0;0.36;5.0;5.0;5.0;3.0;0
org.apache.jmeter.gui.action.ActionRouter;3.0;3.0;3.0;1.0;19.0;0.0;16.0;3.0;2.0;6.0;0.0;1.0;2.0;14.0;3.0;15.0;15.0;0.0;3.0;2.0;10.0;324.0;16.0;258.0;51.0;122.0;50.0;82.0;131.0;52.0;79.0;7.0;7.0;7.0;4.0;1.0;5.0;77.0;0.19;48.0;48.0;50.0;21.0;0
org.apache.jmeter.gui.action.AddParent;1.0;1.0;1.0;1.0;10.0;0.0;10.0;0.0;2.0;6.0;0.0;0.0;2.0;4.0;0.0;4.0;4.0;0.0;0.0;1.0;3.0;58.0;5.0;49.0;18.0;24.0;4.0;16.0;22.0;14.0;8.0;2.0;2.0;2.0;1.0;1.0;1.0;75.0;0.08;5.0;5.0;5.0;4.0;0
org.apache.jmeter.gui.action.AddToTree;1.0;1.0;1.0;1.0;10.0;0.0;8.0;2.0;2.0;6.0;0.0;0.0;1.0;4.0;1.0;4.0;4.0;0.0;0.0;1.0;3.0;55.0;4.0;39.0;11.0;18.0;12.0;12.0;18.0;10.0;8.0;2.0;2.0;2.0;1.0;1.0;1.0;62.0;0.31;5.0;5.0;5.0;4.0;0
org.apache.jmeter.gui.action.Analyze;2.0;2.0;2.0;1.0;11.0;0.0;11.0;0.0;2.0;3.0;0.0;0.0;1.0;3.0;0.0;3.0;3.0;0.0;0.0;0.0;3.0;49.0;4.0;41.0;9.0;15.0;4.0;7.0;14.0;7.0;7.0;4.0;4.0;4.0;1.0;1.0;3.0;66.0;0.1;6.0;6.0;6.0;3.0;0
org.apache.jmeter.gui.action.ChangeLanguage;1.0;1.0;1.0;1.0;8.0;0.0;5.0;3.0;2.0;2.0;0.0;0.0;2.0;2.0;1.0;2.0;2.0;0.0;0.0;0.0;2.0;32.0;3.0;20.0;8.0;8.0;9.0;8.0;11.0;7.0;4.0;1.0;1.0;1.0;1.0;1.0;0.0;66.0;0.45;2.0;2.0;2.0;2.0;0
org.apache.jmeter.gui.action.CheckDirty;2.0;2.0;2.0;1.0;16.0;0.0;13.0;2.0;3.0;9.0;0.0;0.0;10.0;7.0;3.0;7.0;10.0;0.0;0.0;0.0;7.0;154.0;9.0;121.0;33.0;65.0;24.0;48.0;66.0;29.0;37.0;6.0;6.0;6.0;1.0;2.0;3.0;84.0;0.2;17.0;17.0;17.0;7.0;0
org.apache.jmeter.gui.action.Clear;2.0;2.0;2.0;1.0;15.0;0.0;15.0;0.0;2.0;6.0;0.0;0.0;4.0;3.0;0.0;3.0;3.0;0.0;0.0;0.0;3.0;65.0;4.0;57.0;15.0;26.0;4.0;15.0;23.0;12.0;11.0;5.0;5.0;5.0;1.0;1.0;3.0;75.0;0.07;7.0;7.0;7.0;3.0;0
org.apache.jmeter.gui.action.CreateFunctionDialog;1.0;1.0;1.0;1.0;5.0;0.0;4.0;1.0;1.0;1.0;0.0;0.0;1.0;3.0;1.0;3.0;6.0;0.0;0.0;0.0;3.0;31.0;4.0;21.0;7.0;6.0;6.0;7.0;11.0;6.0;5.0;1.0;1.0;1.0;1.0;2.0;0.0;50.0;0.29;3.0;3.0;3.0;3.0;0
org.apache.jmeter.gui.action.DragNDrop;3.0;3.0;3.0;1.0;21.0;0.0;19.0;2.0;1.0;4.0;0.0;0.0;4.0;3.0;0.0;3.0;6.0;0.0;0.0;1.0;2.0;82.0;3.0;69.0;20.0;39.0;10.0;31.0;42.0;21.0;21.0;7.0;7.0;7.0;1.0;2.0;2.0;66.0;0.14;10.0;10.0;10.0;3.0;0
org.apache.jmeter.gui.action.EditCommand;1.0;1.0;1.0;1.0;9.0;0.0;9.0;0.0;2.0;5.0;0.0;0.0;1.0;3.0;0.0;3.0;3.0;0.0;0.0;0.0;3.0;43.0;3.0;36.0;7.0;17.0;4.0;10.0;15.0;6.0;9.0;2.0;2.0;2.0;1.0;1.0;1.0;66.0;0.11;4.0;4.0;4.0;3.0;0
org.apache.jmeter.gui.action.EnableComponent;2.0;2.0;2.0;1.0;11.0;0.0;8.0;3.0;2.0;3.0;0.0;0.0;4.0;2.0;0.0;2.0;2.0;0.0;0.0;0.0;2.0;42.0;4.0;29.0;8.0;13.0;9.0;11.0;16.0;7.0;9.0;3.0;3.0;3.0;1.0;1.0;1.0;50.0;0.31;4.0;4.0;4.0;2.0;0
org.apache.jmeter.gui.action.ExitCommand;2.0;2.0;2.0;1.0;17.0;0.0;12.0;4.0;2.0;5.0;0.0;0.0;2.0;3.0;0.0;3.0;3.0;0.0;0.0;0.0;3.0;63.0;4.0;46.0;9.0;22.0;13.0;10.0;18.0;7.0;11.0;5.0;5.0;5.0;1.0;1.0;3.0;83.0;0.28;7.0;7.0;7.0;3.0;0
org.apache.jmeter.gui.action.GlobalMouseListener;1.0;1.0;1.0;1.0;4.0;0.0;4.0;0.0;1.0;1.0;0.0;0.0;1.0;1.0;0.0;1.0;1.0;0.0;0.0;0.0;1.0;13.0;1.0;9.0;4.0;2.0;3.0;2.0;4.0;3.0;1.0;1.0;1.0;1.0;1.0;2.0;0.0;0.0;0.33;1.0;1.0;1.0;1.0;0
org.apache.jmeter.gui.action.Help;2.0;2.0;2.0;1.0;20.0;0.0;18.0;2.0;2.0;7.0;0.0;0.0;10.0;3.0;0.0;3.0;3.0;0.0;1.0;0.0;2.0;110.0;9.0;90.0;20.0;52.0;15.0;36.0;45.0;16.0;29.0;3.0;3.0;3.0;1.0;1.0;2.0;73.0;0.17;7.0;7.0;7.0;3.0;0
org.apache.jmeter.gui.action.Load;3.0;3.0;3.0;1.0;22.0;0.0;20.0;1.0;2.0;13.0;0.0;0.0;2.0;4.0;0.0;4.0;4.0;0.0;0.0;0.0;4.0;255.0;23.0;220.0;50.0;124.0;15.0;63.0;91.0;35.0;56.0;8.0;8.0;9.0;1.0;1.0;3.0;75.0;0.07;12.0;12.0;13.0;4.0;0
org.apache.jmeter.gui.action.LookAndFeelCommand;2.0;2.0;2.0;1.0;12.0;0.0;12.0;0.0;2.0;2.0;0.0;0.0;1.0;3.0;2.0;3.0;3.0;0.0;0.0;0.0;3.0;69.0;5.0;60.0;11.0;27.0;4.0;15.0;22.0;9.0;13.0;5.0;5.0;5.0;1.0;1.0;1.0;88.0;0.07;7.0;7.0;7.0;3.0;0
org.apache.jmeter.gui.action.New;1.0;1.0;1.0;1.0;18.0;0.0;13.0;4.0;2.0;6.0;0.0;0.0;1.0;3.0;0.0;3.0;3.0;0.0;0.0;0.0;3.0;75.0;6.0;47.0;9.0;28.0;22.0;11.0;17.0;7.0;10.0;3.0;3.0;3.0;1.0;1.0;2.0;66.0;0.47;5.0;5.0;5.0;3.0;0
org.apache.jmeter.gui.action.RemoteStart;2.0;2.0;2.0;1.0;19.0;0.0;16.0;3.0;1.0;8.0;0.0;0.0;2.0;8.0;1.0;8.0;11.0;0.0;5.0;0.0;3.0;182.0;9.0;144.0;32.0;74.0;29.0;52.0;74.0;27.0;47.0;9.0;9.0;9.0;3.0;2.0;2.0;75.0;0.2;21.0;21.0;21.0;12.0;0
org.apache.jmeter.gui.action.Remove;1.0;1.0;1.0;1.0;9.0;0.0;6.0;2.0;2.0;6.0;0.0;1.0;1.0;3.0;0.0;4.0;4.0;0.0;0.0;0.0;4.0;53.0;6.0;34.0;12.0;13.0;14.0;13.0;19.0;10.0;9.0;2.0;2.0;2.0;1.0;1.0;1.0;75.0;0.41;5.0;5.0;5.0;4.0;0
org.apache.jmeter.gui.action.SSLManagerCommand;2.0;2.0;2.0;1.0;18.0;1.0;12.0;4.0;2.0;4.0;0.0;0.0;1.0;3.0;2.0;3.0;3.0;0.0;1.0;0.0;2.0;114.0;9.0;61.0;14.0;27.0;44.0;18.0;28.0;12.0;16.0;3.0;3.0;3.0;1.0;1.0;2.0;77.0;0.72;6.0;6.0;6.0;3.0;0
org.apache.jmeter.gui.action.Save;2.0;2.0;3.0;1.0;19.0;0.0;17.0;1.0;2.0;12.0;0.0;0.0;5.0;6.0;2.0;6.0;6.0;0.0;2.0;0.0;4.0;177.0;12.0;155.0;30.0;84.0;10.0;52.0;74.0;28.0;46.0;9.0;9.0;10.0;3.0;1.0;2.0;80.0;0.06;17.0;17.0;18.0;8.0;0
org.apache.jmeter.gui.action.Start;2.0;2.0;2.0;1.0;16.0;0.0;14.0;2.0;1.0;12.0;0.0;0.0;2.0;4.0;1.0;4.0;7.0;0.0;0.0;1.0;3.0;89.0;7.0;69.0;14.0;39.0;13.0;28.0;37.0;12.0;25.0;4.0;4.0;4.0;1.0;2.0;1.0;66.0;0.19;8.0;8.0;8.0;4.0;0
org.apache.jmeter.gui.tree.JMeterCellRenderer;1.0;1.0;1.0;1.0;13.0;0.0;13.0;0.0;1.0;1.0;0.0;0.0;0.0;2.0;0.0;2.0;2.0;0.0;0.0;0.0;2.0;31.0;1.0;30.0;10.0;13.0;0.0;5.0;9.0;4.0;5.0;2.0;2.0;2.0;1.0;2.0;1.0;0.0;0.0;3.0;3.0;3.0;2.0;0
org.apache.jmeter.gui.tree.JMeterTreeListener;1.0;1.0;1.0;1.0;9.0;0.0;8.0;1.0;5.0;10.0;0.0;0.0;1.0;28.0;7.0;28.0;28.0;0.0;6.0;0.0;22.0;339.0;33.0;247.0;52.0;103.0;59.0;84.0;133.0;49.0;84.0;6.0;6.0;6.0;3.0;1.0;3.0;87.0;0.24;48.0;48.0;51.0;32.0;0
org.apache.jmeter.gui.tree.JMeterTreeModel;2.0;2.0;2.0;1.0;18.0;0.0;16.0;1.0;1.0;13.0;0.0;0.0;0.0;7.0;0.0;7.0;7.0;0.0;1.0;0.0;6.0;140.0;9.0;118.0;21.0;63.0;13.0;36.0;50.0;13.0;37.0;4.0;4.0;5.0;1.0;2.0;2.0;0.0;0.11;15.0;15.0;17.0;7.0;0
org.apache.jmeter.gui.tree.JMeterTreeNode;1.0;1.0;1.0;1.0;6.0;0.0;6.0;0.0;2.0;7.0;0.0;0.0;1.0;16.0;1.0;16.0;16.0;1.0;0.0;0.0;15.0;134.0;19.0;107.0;21.0;42.0;9.0;20.0;40.0;19.0;21.0;2.0;2.0;2.0;1.0;2.0;1.0;84.0;0.08;19.0;19.0;19.0;16.0;0
org.apache.jmeter.gui.util.ButtonPanel;2.0;1.0;2.0;1.0;25.0;0.0;23.0;2.0;1.0;1.0;0.0;0.0;5.0;3.0;5.0;3.0;3.0;0.0;1.0;0.0;2.0;98.0;4.0;78.0;13.0;63.0;16.0;58.0;63.0;13.0;50.0;6.0;2.0;6.0;1.0;2.0;1.0;50.0;0.21;8.0;4.0;8.0;3.0;0
org.apache.jmeter.gui.util.FileDialoger;2.0;2.0;2.0;1.0;21.0;0.0;14.0;5.0;1.0;3.0;0.0;4.0;2.0;1.0;0.0;5.0;5.0;0.0;2.0;0.0;3.0;122.0;9.0;79.0;17.0;37.0;36.0;28.0;43.0;16.0;27.0;6.0;6.0;6.0;1.0;1.0;2.0;50.0;0.46;14.0;14.0;14.0;5.0;0
org.apache.jmeter.gui.util.FilePanel;1.0;1.0;1.0;1.0;8.0;0.0;7.0;1.0;2.0;2.0;0.0;0.0;0.0;10.0;6.0;10.0;13.0;0.0;2.0;0.0;8.0;112.0;11.0;80.0;21.0;35.0;21.0;33.0;47.0;19.0;28.0;3.0;3.0;4.0;1.0;3.0;2.0;75.0;0.26;13.0;13.0;14.0;10.0;0
org.apache.jmeter.gui.util.FocusRequester;1.0;1.0;1.0;1.0;8.0;0.0;8.0;0.0;2.0;1.0;0.0;0.0;1.0;2.0;1.0;2.0;2.0;0.0;0.0;0.0;2.0;30.0;2.0;21.0;5.0;7.0;7.0;6.0;10.0;5.0;5.0;2.0;2.0;2.0;1.0;1.0;1.0;25.0;0.33;3.0;3.0;3.0;2.0;0
org.apache.jmeter.gui.util.JMeterColor;1.0;1.0;1.0;1.0;4.0;0.0;4.0;0.0;1.0;0.0;0.0;0.0;4.0;2.0;0.0;2.0;2.0;0.0;0.0;0.0;2.0;23.0;2.0;17.0;9.0;6.0;4.0;6.0;9.0;7.0;2.0;1.0;1.0;1.0;1.0;2.0;0.0;100.0;0.24;2.0;2.0;2.0;2.0;0
org.apache.jmeter.gui.util.JMeterMenuBar;2.0;2.0;2.0;1.0;22.0;0.0;19.0;2.0;2.0;8.0;0.0;0.0;4.0;20.0;27.0;20.0;20.0;0.0;8.0;0.0;12.0;505.0;35.0;416.0;74.0;266.0;55.0;247.0;292.0;74.0;218.0;4.0;4.0;5.0;1.0;2.0;2.0;90.0;0.13;44.0;44.0;46.0;20.0;0
org.apache.jmeter.gui.util.MenuFactory;2.0;2.0;2.0;1.0;20.0;0.0;19.0;0.0;1.0;12.0;0.0;18.0;21.0;1.0;1.0;19.0;19.0;0.0;3.0;0.0;16.0;460.0;34.0;414.0;84.0;264.0;12.0;138.0;182.0;59.0;123.0;16.0;16.0;17.0;6.0;1.0;4.0;91.0;0.03;41.0;41.0;43.0;24.0;0
org.apache.jmeter.gui.util.MenuInfo;1.0;1.0;1.0;1.0;5.0;0.0;5.0;0.0;1.0;0.0;0.0;0.0;0.0;1.0;2.0;1.0;1.0;0.0;0.0;0.0;1.0;15.0;1.0;10.0;4.0;2.0;4.0;4.0;6.0;4.0;2.0;1.0;1.0;1.0;1.0;1.0;0.0;0.0;0.4;1.0;1.0;1.0;1.0;0
org.apache.jmeter.gui.util.NumberFieldErrorListener;2.0;2.0;2.0;1.0;15.0;0.0;15.0;0.0;1.0;2.0;0.0;1.0;1.0;1.0;0.0;2.0;2.0;0.0;0.0;0.0;2.0;42.0;3.0;35.0;7.0;17.0;4.0;9.0;15.0;6.0;9.0;4.0;4.0;4.0;1.0;2.0;1.0;50.0;0.11;5.0;5.0;5.0;2.0;0
org.apache.jmeter.gui.util.PowerTableModel;1.0;1.0;1.0;1.0;11.0;0.0;10.0;1.0;1.0;2.0;0.0;0.0;1.0;22.0;2.0;22.0;22.0;0.0;2.0;0.0;20.0;277.0;22.0;226.0;50.0;86.0;29.0;74.0;114.0;45.0;69.0;11.0;11.0;11.0;11.0;2.0;2.0;69.0;0.13;39.0;39.0;39.0;32.0;0
org.apache.jmeter.gui.util.TextAreaCellRenderer;2.0;2.0;2.0;1.0;12.0;0.0;12.0;0.0;2.0;1.0;0.0;0.0;0.0;2.0;1.0;2.0;2.0;0.0;0.0;0.0;2.0;35.0;3.0;28.0;10.0;9.0;4.0;7.0;12.0;4.0;8.0;3.0;3.0;4.0;1.0;1.0;1.0;0.0;0.14;4.0;4.0;5.0;2.0;0
org.apache.jmeter.gui.util.TextAreaTableCellEditor;1.0;1.0;1.0;1.0;11.0;0.0;7.0;4.0;3.0;1.0;0.0;0.0;0.0;11.0;3.0;11.0;11.0;0.0;0.0;0.0;11.0;311.0;32.0;141.0;43.0;45.0;138.0;36.0;63.0;31.0;32.0;1.0;1.0;1.0;1.0;2.0;0.0;54.0;0.98;11.0;11.0;11.0;11.0;0
org.apache.jmeter.junit.JMeterTest;2.0;2.0;2.0;1.0;18.0;0.0;17.0;1.0;1.0;12.0;0.0;8.0;2.0;10.0;3.0;18.0;21.0;0.0;7.0;0.0;11.0;412.0;25.0;320.0;73.0;205.0;74.0;141.0;182.0;74.0;108.0;12.0;12.0;13.0;3.0;3.0;5.0;87.0;0.23;41.0;41.0;43.0;24.0;0
org.apache.jmeter.junit.protocol.http.config.HttpConfigSuite;1.0;1.0;1.0;1.0;5.0;0.0;4.0;1.0;1.0;1.0;0.0;1.0;0.0;1.0;0.0;2.0;2.0;0.0;1.0;0.0;1.0;18.0;1.0;10.0;4.0;2.0;7.0;2.0;5.0;4.0;1.0;1.0;1.0;1.0;1.0;1.0;0.0;0.0;0.7;2.0;2.0;2.0;2.0;0
org.apache.jmeter.junit.protocol.http.parser.HtmlParserTester;1.0;1.0;1.0;1.0;19.0;0.0;18.0;2.0;1.0;7.0;0.0;0.0;0.0;13.0;1.0;13.0;16.0;0.0;2.0;0.0;11.0;277.0;13.0;248.0;85.0;186.0;35.0;152.0;166.0;65.0;101.0;1.0;1.0;2.0;1.0;3.0;0.0;23.0;0.14;13.0;13.0;14.0;13.0;0
org.apache.jmeter.modifiers.CounterConfig;1.0;1.0;1.0;1.0;6.0;0.0;6.0;0.0;4.0;7.0;0.0;0.0;6.0;14.0;1.0;14.0;47.0;0.0;0.0;0.0;14.0;126.0;15.0;105.0;29.0;41.0;6.0;33.0;53.0;26.0;27.0;6.0;6.0;7.0;1.0;2.0;4.0;84.0;0.06;19.0;19.0;20.0;14.0;0
org.apache.jmeter.modifiers.UserParameters;1.0;1.0;1.0;1.0;9.0;0.0;7.0;2.0;4.0;9.0;0.0;0.0;4.0;14.0;1.0;14.0;47.0;0.0;2.0;1.0;11.0;170.0;16.0;112.0;31.0;43.0;46.0;31.0;55.0;27.0;28.0;4.0;4.0;5.0;1.0;2.0;2.0;82.0;0.41;22.0;22.0;23.0;14.0;0
org.apache.jmeter.modifiers.gui.CounterConfigGui;1.0;1.0;1.0;1.0;12.0;0.0;10.0;1.0;1.0;6.0;0.0;0.0;0.0;6.0;5.0;6.0;24.0;0.0;1.0;0.0;5.0;86.0;7.0;66.0;12.0;39.0;13.0;35.0;44.0;12.0;32.0;3.0;3.0;3.0;1.0;4.0;2.0;50.0;0.2;8.0;8.0;8.0;6.0;0
org.apache.jmeter.modifiers.gui.UserParametersGui;1.0;1.0;1.0;1.0;16.0;0.0;14.0;1.0;1.0;14.0;0.0;0.0;1.0;9.0;9.0;9.0;27.0;0.0;3.0;1.0;5.0;319.0;34.0;258.0;57.0;159.0;27.0;111.0;143.0;49.0;94.0;3.0;3.0;3.0;1.0;4.0;1.0;80.0;0.1;12.0;12.0;12.0;9.0;0
org.apache.jmeter.protocol.ftp.config.FtpConfig;1.0;1.0;1.0;1.0;6.0;0.0;5.0;1.0;2.0;1.0;0.0;0.0;0.0;7.0;0.0;7.0;42.0;0.0;0.0;0.0;7.0;52.0;5.0;40.0;8.0;12.0;8.0;7.0;16.0;8.0;8.0;2.0;2.0;5.0;1.0;3.0;1.0;0.0;0.2;8.0;8.0;11.0;7.0;0
org.apache.jmeter.protocol.ftp.config.gui.FtpConfigGui;1.0;1.0;1.0;1.0;8.0;0.0;7.0;0.0;1.0;5.0;0.0;0.0;2.0;9.0;3.0;9.0;27.0;0.0;3.0;0.0;6.0;103.0;19.0;74.0;21.0;40.0;10.0;41.0;52.0;21.0;31.0;2.0;2.0;2.0;1.0;4.0;1.0;77.0;0.14;10.0;10.0;10.0;9.0;0
org.apache.jmeter.protocol.ftp.control.gui.FtpTestSamplerGui;1.0;1.0;1.0;1.0;8.0;0.0;7.0;0.0;1.0;7.0;0.0;0.0;0.0;6.0;2.0;6.0;24.0;0.0;1.0;0.0;5.0;67.0;11.0;48.0;11.0;25.0;8.0;24.0;31.0;11.0;20.0;1.0;1.0;1.0;1.0;4.0;0.0;50.0;0.17;6.0;6.0;6.0;6.0;0
org.apache.jmeter.protocol.ftp.sampler.FTPSampler;1.0;1.0;1.0;1.0;8.0;0.0;6.0;2.0;1.0;4.0;0.0;0.0;2.0;9.0;0.0;9.0;42.0;0.0;0.0;0.0;9.0;95.0;9.0;64.0;16.0;28.0;23.0;25.0;36.0;16.0;20.0;3.0;3.0;3.0;1.0;3.0;1.0;77.0;0.36;11.0;11.0;11.0;9.0;0
org.apache.jmeter.protocol.ftp.sampler.FtpClient;2.0;2.0;2.0;1.0;19.0;0.0;15.0;3.0;1.0;2.0;0.0;3.0;3.0;7.0;4.0;10.0;10.0;0.0;0.0;0.0;10.0;322.0;17.0;230.0;63.0;130.0;75.0;112.0;143.0;61.0;82.0;7.0;7.0;7.0;1.0;1.0;3.0;77.0;0.33;20.0;20.0;20.0;10.0;0
org.apache.jmeter.protocol.http.config.MultipartUrlConfig;1.0;1.0;1.0;1.0;7.0;0.0;6.0;0.0;2.0;4.0;0.0;0.0;1.0;15.0;5.0;15.0;15.0;0.0;0.0;0.0;15.0;131.0;16.0;106.0;35.0;44.0;9.0;41.0;61.0;32.0;29.0;4.0;4.0;4.0;1.0;1.0;2.0;87.0;0.08;19.0;19.0;20.0;15.0;0
org.apache.jmeter.protocol.http.config.gui.HttpDefaultsGui;1.0;1.0;1.0;1.0;12.0;1.0;9.0;1.0;1.0;9.0;0.0;0.0;0.0;7.0;5.0;7.0;25.0;0.0;1.0;0.0;6.0;102.0;16.0;76.0;16.0;47.0;10.0;41.0;49.0;16.0;33.0;1.0;1.0;1.0;1.0;4.0;0.0;57.0;0.13;7.0;7.0;7.0;7.0;0
org.apache.jmeter.protocol.http.config.gui.MultipartUrlConfigGui;1.0;1.0;1.0;1.0;11.0;1.0;10.0;0.0;2.0;5.0;0.0;0.0;4.0;13.0;3.0;13.0;25.0;0.0;3.0;2.0;8.0;188.0;32.0;146.0;41.0;90.0;10.0;80.0;97.0;35.0;62.0;4.0;4.0;4.0;3.0;3.0;2.0;76.0;0.07;16.0;16.0;16.0;15.0;0
org.apache.jmeter.protocol.http.config.gui.UrlConfigGui;1.0;1.0;1.0;1.0;19.0;2.0;15.0;1.0;1.0;12.0;1.0;0.0;6.0;12.0;9.0;12.0;12.0;0.0;0.0;7.0;5.0;271.0;43.0;209.0;45.0;150.0;19.0;136.0;152.0;44.0;108.0;3.0;3.0;3.0;1.0;2.0;1.0;73.0;0.09;17.0;17.0;17.0;12.0;0
org.apache.jmeter.protocol.http.control.AuthManager;1.0;1.0;1.0;1.0;6.0;0.0;5.0;0.0;3.0;7.0;0.0;0.0;3.0;15.0;0.0;15.0;50.0;0.0;0.0;0.0;15.0;138.0;18.0;103.0;29.0;39.0;17.0;28.0;45.0;22.0;23.0;3.0;3.0;3.0;3.0;3.0;1.0;86.0;0.17;18.0;18.0;18.0;17.0;0
org.apache.jmeter.protocol.http.control.Authorization;1.0;1.0;1.0;1.0;4.0;0.0;4.0;0.0;2.0;1.0;0.0;0.0;3.0;12.0;0.0;12.0;45.0;1.0;0.0;0.0;11.0;71.0;5.0;57.0;16.0;18.0;9.0;18.0;31.0;16.0;15.0;1.0;1.0;1.0;1.0;2.0;0.0;83.0;0.16;12.0;12.0;12.0;12.0;0
org.apache.jmeter.protocol.http.control.Cookie;1.0;1.0;1.0;1.0;8.0;0.0;5.0;2.0;2.0;4.0;0.0;0.0;5.0;16.0;0.0;16.0;49.0;0.0;0.0;0.0;16.0;157.0;16.0;97.0;28.0;40.0;49.0;30.0;47.0;22.0;25.0;1.0;1.0;1.0;1.0;2.0;0.0;87.0;0.51;16.0;16.0;16.0;16.0;0
org.apache.jmeter.protocol.http.control.CookieManager;1.0;1.0;1.0;1.0;11.0;0.0;8.0;2.0;3.0;9.0;0.0;0.0;3.0;18.0;1.0;18.0;53.0;0.0;0.0;0.0;18.0;252.0;25.0;169.0;47.0;85.0;58.0;57.0;86.0;41.0;45.0;7.0;7.0;8.0;4.0;3.0;3.0;88.0;0.34;30.0;30.0;34.0;21.0;0
org.apache.jmeter.protocol.http.control.Header;1.0;1.0;1.0;1.0;6.0;0.0;4.0;1.0;2.0;1.0;0.0;0.0;1.0;8.0;0.0;8.0;41.0;0.0;0.0;0.0;8.0;65.0;8.0;37.0;10.0;10.0;20.0;10.0;19.0;10.0;9.0;1.0;1.0;1.0;1.0;2.0;0.0;75.0;0.54;8.0;8.0;8.0;8.0;0
org.apache.jmeter.protocol.http.control.HeaderManager;1.0;1.0;2.0;1.0;12.0;0.0;9.0;1.0;2.0;4.0;0.0;0.0;3.0;16.0;0.0;16.0;51.0;0.0;0.0;0.0;16.0;311.0;28.0;166.0;38.0;78.0;117.0;60.0;90.0;40.0;50.0;6.0;6.0;7.0;4.0;3.0;3.0;89.0;0.7;30.0;30.0;32.0;21.0;0
org.apache.jmeter.protocol.http.control.gui.HttpTestSampleGui;1.0;1.0;1.0;1.0;9.0;0.0;7.0;1.0;1.0;6.0;0.0;0.0;0.0;9.0;2.0;9.0;27.0;0.0;2.0;0.0;7.0;137.0;18.0;98.0;23.0;49.0;21.0;42.0;57.0;23.0;34.0;2.0;2.0;2.0;1.0;4.0;1.0;55.0;0.21;10.0;10.0;10.0;9.0;0
org.apache.jmeter.protocol.http.control.gui.SoapSamplerGui;1.0;1.0;1.0;1.0;8.0;0.0;7.0;0.0;1.0;5.0;0.0;0.0;1.0;7.0;2.0;7.0;25.0;0.0;1.0;0.0;6.0;82.0;11.0;57.0;16.0;28.0;14.0;26.0;35.0;15.0;20.0;2.0;2.0;2.0;1.0;4.0;1.0;66.0;0.25;8.0;8.0;8.0;7.0;0
org.apache.jmeter.protocol.http.gui.AuthPanel;2.0;2.0;2.0;1.0;22.0;1.0;18.0;2.0;2.0;9.0;0.0;0.0;5.0;10.0;6.0;10.0;28.0;0.0;2.0;0.0;8.0;410.0;49.0;308.0;70.0;151.0;53.0;113.0;162.0;55.0;107.0;20.0;20.0;20.0;1.0;4.0;5.0;78.0;0.17;29.0;29.0;29.0;10.0;0
org.apache.jmeter.protocol.http.gui.CookiePanel;2.0;2.0;2.0;1.0;21.0;1.0;18.0;1.0;2.0;13.0;0.0;0.0;8.0;13.0;7.0;13.0;31.0;0.0;5.0;0.0;8.0;334.0;34.0;272.0;73.0;157.0;28.0;104.0;138.0;51.0;87.0;20.0;20.0;20.0;1.0;4.0;5.0;86.0;0.1;35.0;35.0;35.0;13.0;0
org.apache.jmeter.protocol.http.gui.HTTPArgumentsPanel;1.0;1.0;1.0;1.0;10.0;0.0;10.0;0.0;1.0;10.0;0.0;0.0;2.0;8.0;0.0;8.0;50.0;0.0;1.0;4.0;3.0;103.0;8.0;90.0;20.0;55.0;5.0;31.0;43.0;18.0;25.0;3.0;3.0;4.0;1.0;5.0;2.0;75.0;0.06;11.0;11.0;14.0;8.0;0
org.apache.jmeter.protocol.http.gui.HeaderPanel;2.0;2.0;2.0;1.0;20.0;1.0;16.0;2.0;3.0;8.0;0.0;0.0;5.0;12.0;6.0;12.0;30.0;0.0;2.0;0.0;10.0;516.0;56.0;395.0;84.0;210.0;65.0;170.0;230.0;75.0;155.0;20.0;20.0;20.0;1.0;4.0;5.0;84.0;0.16;32.0;32.0;32.0;12.0;0
org.apache.jmeter.protocol.http.modifier.AnchorModifier;4.0;4.0;4.0;1.0;30.0;0.0;29.0;0.0;3.0;13.0;0.0;0.0;2.0;6.0;0.0;6.0;39.0;0.0;3.0;0.0;3.0;291.0;11.0;265.0;56.0;163.0;18.0;85.0;116.0;44.0;72.0;8.0;8.0;10.0;4.0;2.0;3.0;50.0;0.07;26.0;26.0;28.0;11.0;0
org.apache.jmeter.protocol.http.modifier.ParamMask;1.0;1.0;1.0;1.0;11.0;0.0;5.0;5.0;2.0;1.0;0.0;0.0;0.0;17.0;7.0;17.0;50.0;0.0;0.0;0.0;17.0;226.0;22.0;101.0;27.0;45.0;103.0;44.0;63.0;27.0;36.0;2.0;2.0;2.0;1.0;2.0;1.0;86.0;1.02;18.0;18.0;18.0;17.0;0
org.apache.jmeter.protocol.http.modifier.ParamModifier;1.0;1.0;1.0;1.0;9.0;0.0;6.0;2.0;4.0;11.0;0.0;0.0;1.0;9.0;0.0;9.0;42.0;0.0;1.0;0.0;8.0;140.0;14.0;67.0;18.0;23.0;59.0;17.0;32.0;16.0;16.0;4.0;4.0;4.0;4.0;2.0;2.0;77.0;0.88;14.0;14.0;14.0;14.0;0
org.apache.jmeter.protocol.http.modifier.URLRewritingModifier;2.0;2.0;2.0;1.0;14.0;0.0;13.0;0.0;3.0;9.0;0.0;0.0;3.0;9.0;3.0;9.0;42.0;0.0;2.0;0.0;7.0;289.0;9.0;274.0;66.0;177.0;11.0;116.0;147.0;60.0;87.0;9.0;9.0;10.0;7.0;2.0;4.0;77.0;0.04;19.0;19.0;20.0;15.0;0
org.apache.jmeter.protocol.http.modifier.UserParameterModifier;1.0;1.0;1.0;1.0;9.0;0.0;6.0;3.0;4.0;12.0;0.0;0.0;2.0;10.0;1.0;10.0;45.0;0.0;0.0;0.0;10.0;141.0;10.0;75.0;25.0;29.0;57.0;22.0;37.0;22.0;15.0;4.0;4.0;4.0;1.0;3.0;2.0;80.0;0.76;14.0;14.0;14.0;10.0;0
org.apache.jmeter.protocol.http.modifier.UserParameterXMLContentHandler;1.0;1.0;1.0;1.0;7.0;0.0;6.0;0.0;2.0;0.0;0.0;0.0;0.0;12.0;5.0;12.0;12.0;0.0;0.0;0.0;12.0;132.0;21.0;82.0;28.0;21.0;29.0;15.0;34.0;18.0;16.0;5.0;5.0;5.0;1.0;1.0;1.0;81.0;0.35;18.0;18.0;18.0;12.0;0
org.apache.jmeter.protocol.http.modifier.UserParameterXMLErrorHandler;1.0;1.0;1.0;1.0;14.0;0.0;14.0;0.0;2.0;1.0;0.0;0.0;1.0;3.0;0.0;3.0;3.0;0.0;0.0;0.0;3.0;55.0;3.0;46.0;5.0;34.0;6.0;7.0;11.0;5.0;6.0;1.0;1.0;1.0;1.0;1.0;0.0;0.0;0.13;3.0;3.0;3.0;3.0;0
org.apache.jmeter.protocol.http.modifier.UserParameterXMLParser;1.0;1.0;1.0;1.0;32.0;5.0;15.0;13.0;1.0;3.0;0.0;0.0;0.0;1.0;0.0;1.0;1.0;0.0;0.0;0.0;1.0;44.0;6.0;18.0;9.0;9.0;21.0;9.0;11.0;6.0;5.0;1.0;1.0;1.0;1.0;1.0;0.0;0.0;1.17;1.0;1.0;1.0;1.0;0
org.apache.jmeter.protocol.http.modifier.UserSequence;1.0;1.0;1.0;1.0;15.0;1.0;9.0;4.0;2.0;1.0;0.0;0.0;1.0;3.0;2.0;3.0;3.0;0.0;0.0;0.0;3.0;74.0;9.0;35.0;8.0;14.0;30.0;11.0;17.0;8.0;9.0;3.0;3.0;3.0;1.0;1.0;1.0;44.0;0.86;5.0;5.0;5.0;3.0;0
org.apache.jmeter.protocol.http.modifier.gui.AnchorModifierGui;1.0;1.0;1.0;1.0;5.0;0.0;4.0;0.0;1.0;3.0;0.0;0.0;0.0;5.0;0.0;5.0;23.0;0.0;1.0;0.0;4.0;36.0;5.0;27.0;7.0;9.0;4.0;9.0;15.0;7.0;8.0;1.0;1.0;1.0;1.0;4.0;0.0;0.0;0.15;5.0;5.0;5.0;5.0;0
org.apache.jmeter.protocol.http.modifier.gui.ParamModifierGui;1.0;1.0;1.0;1.0;13.0;0.0;11.0;1.0;2.0;5.0;0.0;0.0;6.0;12.0;6.0;12.0;30.0;0.0;4.0;1.0;7.0;196.0;23.0;152.0;39.0;91.0;21.0;83.0;102.0;36.0;66.0;5.0;5.0;5.0;1.0;4.0;1.0;81.0;0.14;18.0;18.0;18.0;12.0;0
org.apache.jmeter.protocol.http.modifier.gui.URLRewritingModifierGui;1.0;1.0;1.0;1.0;10.0;1.0;8.0;0.0;1.0;5.0;0.0;0.0;1.0;6.0;3.0;6.0;24.0;0.0;1.0;0.0;5.0;86.0;13.0;60.0;14.0;35.0;13.0;28.0;35.0;13.0;22.0;1.0;1.0;1.0;1.0;4.0;0.0;58.0;0.22;6.0;6.0;6.0;6.0;0
org.apache.jmeter.protocol.http.modifier.gui.UserParameterModifierGui;1.0;1.0;1.0;1.0;8.0;0.0;7.0;0.0;1.0;3.0;0.0;0.0;0.0;9.0;1.0;9.0;27.0;0.0;2.0;0.0;7.0;100.0;14.0;66.0;19.0;35.0;20.0;36.0;46.0;18.0;28.0;1.0;1.0;1.0;1.0;4.0;0.0;66.0;0.3;9.0;9.0;9.0;9.0;0
org.apache.jmeter.protocol.http.parser.FormElement;1.0;1.0;1.0;1.0;8.0;0.0;3.0;4.0;1.0;0.0;0.0;0.0;0.0;9.0;4.0;9.0;9.0;0.0;0.0;0.0;9.0;98.0;9.0;42.0;14.0;8.0;47.0;12.0;22.0;14.0;8.0;1.0;1.0;1.0;1.0;1.0;0.0;77.0;1.12;9.0;9.0;9.0;9.0;0
org.apache.jmeter.protocol.http.parser.HtmlParser;4.0;4.0;4.0;1.0;35.0;2.0;30.0;3.0;2.0;6.0;0.0;12.0;4.0;1.0;0.0;13.0;13.0;0.0;5.0;0.0;8.0;539.0;50.0;429.0;74.0;242.0;61.0;129.0;189.0;57.0;132.0;16.0;16.0;17.0;9.0;1.0;5.0;82.0;0.14;54.0;54.0;64.0;21.0;0
org.apache.jmeter.protocol.http.proxy.Admin;5.0;5.0;5.0;3.0;42.0;2.0;33.0;7.0;1.0;2.0;0.0;0.0;1.0;2.0;7.0;2.0;2.0;1.0;0.0;0.0;1.0;119.0;12.0;79.0;13.0;44.0;30.0;31.0;41.0;12.0;29.0;8.0;8.0;8.0;5.0;2.0;4.0;31.0;0.38;10.0;10.0;10.0;6.0;0
org.apache.jmeter.protocol.http.proxy.Cache;2.0;2.0;2.0;1.0;20.0;2.0;15.0;2.0;1.0;1.0;0.0;0.0;1.0;10.0;4.0;10.0;10.0;0.0;2.0;0.0;8.0;287.0;43.0;166.0;40.0;89.0;79.0;81.0;104.0;39.0;65.0;6.0;6.0;6.0;4.0;1.0;3.0;62.0;0.48;25.0;25.0;26.0;15.0;0
org.apache.jmeter.protocol.http.proxy.Daemon;2.0;2.0;2.0;1.0;22.0;0.0;15.0;6.0;1.0;3.0;0.0;1.0;4.0;6.0;4.0;7.0;7.0;0.0;0.0;0.0;7.0;211.0;19.0;121.0;21.0;60.0;71.0;46.0;64.0;21.0;43.0;7.0;7.0;7.0;5.0;2.0;5.0;75.0;0.59;17.0;17.0;18.0;11.0;0
org.apache.jmeter.protocol.http.proxy.HttpReplyHdr;1.0;1.0;1.0;1.0;12.0;0.0;5.0;5.0;1.0;0.0;0.0;20.0;3.0;1.0;0.0;21.0;21.0;0.0;3.0;0.0;18.0;291.0;34.0;129.0;29.0;57.0;128.0;48.0;72.0;29.0;43.0;3.0;3.0;3.0;1.0;1.0;1.0;90.0;0.99;23.0;23.0;23.0;21.0;0
org.apache.jmeter.protocol.http.proxy.HttpRequestHdr;3.0;3.0;3.0;1.0;22.0;0.0;19.0;3.0;1.0;10.0;0.0;1.0;4.0;12.0;5.0;13.0;13.0;2.0;1.0;0.0;10.0;367.0;22.0;284.0;62.0;164.0;67.0;125.0;169.0;59.0;110.0;6.0;6.0;9.0;3.0;1.0;3.0;84.0;0.24;39.0;39.0;44.0;15.0;0
org.apache.jmeter.protocol.http.proxy.Proxy;2.0;2.0;2.0;1.0;24.0;0.0;17.0;6.0;1.0;8.0;0.0;0.0;1.0;6.0;3.0;6.0;6.0;2.0;2.0;0.0;2.0;177.0;13.0;110.0;22.0;57.0;55.0;39.0;51.0;17.0;34.0;5.0;5.0;5.0;1.0;2.0;1.0;58.0;0.5;13.0;13.0;13.0;6.0;0
org.apache.jmeter.protocol.http.proxy.ProxyControl;1.0;1.0;1.0;1.0;10.0;0.0;8.0;2.0;2.0;25.0;0.0;0.0;16.0;35.0;10.0;35.0;94.0;1.0;8.0;0.0;26.0;460.0;44.0;329.0;117.0;148.0;94.0;134.0;182.0;86.0;96.0;6.0;6.0;7.0;6.0;3.0;4.0;97.0;0.29;57.0;57.0;58.0;46.0;0
org.apache.jmeter.protocol.http.proxy.gui.ProxyControlGui;1.0;1.0;2.0;1.0;18.0;1.0;14.0;2.0;6.0;21.0;0.0;0.0;11.0;31.0;15.0;31.0;54.0;0.0;15.0;3.0;13.0;666.0;81.0;497.0;107.0;313.0;90.0;273.0;333.0;96.0;237.0;10.0;10.0;13.0;3.0;5.0;3.0;90.0;0.18;59.0;59.0;63.0;33.0;0
org.apache.jmeter.protocol.http.sampler.HTTPSampler;2.0;2.0;2.0;1.0;18.0;0.0;14.0;4.0;1.0;25.0;3.0;0.0;42.0;61.0;0.0;61.0;94.0;0.0;9.0;4.0;48.0;1452.0;110.0;1072.0;216.0;600.0;293.0;412.0;562.0;187.0;375.0;15.0;15.0;19.0;5.0;3.0;4.0;97.0;0.27;138.0;138.0;153.0;72.0;0
org.apache.jmeter.protocol.http.sampler.HTTPSamplerFull;4.0;4.0;4.0;1.0;47.0;1.0;36.0;10.0;1.0;4.0;0.0;3.0;2.0;6.0;1.0;9.0;9.0;0.0;0.0;7.0;2.0;616.0;30.0;429.0;61.0;269.0;157.0;190.0;241.0;53.0;188.0;13.0;13.0;14.0;7.0;1.0;3.0;55.0;0.37;42.0;42.0;43.0;15.0;0
org.apache.jmeter.protocol.http.sampler.PostWriter;1.0;1.0;2.0;1.0;21.0;0.0;17.0;2.0;1.0;5.0;0.0;0.0;3.0;7.0;0.0;7.0;7.0;0.0;5.0;0.0;2.0;202.0;14.0;131.0;37.0;74.0;58.0;48.0;62.0;24.0;38.0;3.0;3.0;4.0;1.0;1.0;2.0;71.0;0.44;13.0;13.0;15.0;7.0;0
org.apache.jmeter.protocol.http.sampler.SoapSampler;1.0;1.0;1.0;1.0;12.0;0.0;9.0;2.0;1.0;3.0;0.0;0.0;3.0;8.0;0.0;8.0;102.0;0.0;0.0;0.0;8.0;121.0;8.0;85.0;15.0;43.0;28.0;28.0;42.0;15.0;27.0;3.0;3.0;4.0;1.0;4.0;2.0;79.0;0.33;13.0;13.0;15.0;8.0;0
org.apache.jmeter.protocol.http.util.Base64Encoder;1.0;1.0;1.0;1.0;14.0;0.0;13.0;0.0;1.0;0.0;0.0;3.0;2.0;1.0;0.0;4.0;4.0;0.0;1.0;0.0;3.0;78.0;4.0;65.0;25.0;43.0;9.0;33.0;41.0;19.0;22.0;3.0;3.0;3.0;3.0;1.0;1.0;75.0;0.14;7.0;7.0;7.0;6.0;0
org.apache.jmeter.protocol.http.util.HTTPArgument;1.0;1.0;1.0;1.0;10.0;0.0;8.0;1.0;2.0;7.0;0.0;1.0;3.0;13.0;0.0;14.0;57.0;0.0;0.0;0.0;14.0;195.0;20.0;160.0;36.0;71.0;15.0;56.0;84.0;31.0;53.0;3.0;3.0;4.0;1.0;3.0;2.0;85.0;0.09;23.0;23.0;26.0;14.0;0
org.apache.jmeter.protocol.java.config.JavaConfig;1.0;1.0;1.0;1.0;11.0;0.0;4.0;6.0;2.0;4.0;0.0;0.0;0.0;7.0;0.0;7.0;42.0;0.0;0.0;0.0;7.0;88.0;7.0;33.0;9.0;9.0;48.0;8.0;16.0;9.0;7.0;1.0;1.0;1.0;1.0;3.0;0.0;0.0;1.45;7.0;7.0;7.0;7.0;0
org.apache.jmeter.protocol.java.config.gui.JavaConfigGui;1.0;1.0;2.0;1.0;19.0;1.0;14.0;4.0;2.0;14.0;0.0;0.0;2.0;10.0;3.0;10.0;28.0;0.0;2.0;1.0;7.0;241.0;31.0;148.0;35.0;87.0;62.0;59.0;79.0;32.0;47.0;8.0;8.0;9.0;1.0;4.0;6.0;74.0;0.42;19.0;19.0;20.0;10.0;0
org.apache.jmeter.protocol.java.control.gui.JavaTestSamplerGui;1.0;1.0;1.0;1.0;7.0;0.0;5.0;1.0;1.0;5.0;0.0;0.0;0.0;6.0;1.0;6.0;24.0;0.0;1.0;0.0;5.0;67.0;9.0;39.0;10.0;18.0;19.0;18.0;25.0;10.0;15.0;1.0;1.0;1.0;1.0;4.0;0.0;50.0;0.49;6.0;6.0;6.0;6.0;0
org.apache.jmeter.protocol.java.sampler.JavaSampler;1.0;1.0;1.0;1.0;13.0;0.0;8.0;5.0;2.0;10.0;0.0;0.0;4.0;14.0;2.0;14.0;47.0;0.0;3.0;0.0;11.0;280.0;23.0;135.0;29.0;66.0;122.0;47.0;72.0;28.0;44.0;4.0;4.0;4.0;1.0;3.0;3.0;79.0;0.9;20.0;20.0;20.0;14.0;0
org.apache.jmeter.protocol.java.test.SleepTest;1.0;1.0;1.0;1.0;19.0;0.0;8.0;10.0;2.0;3.0;0.0;0.0;2.0;9.0;2.0;9.0;13.0;0.0;4.0;0.0;5.0;230.0;20.0;89.0;23.0;45.0;121.0;38.0;52.0;21.0;31.0;3.0;3.0;3.0;1.0;2.0;2.0;77.0;1.36;13.0;13.0;13.0;9.0;0
org.apache.jmeter.protocol.jdbc.config.DbConfig;1.0;1.0;1.0;1.0;3.0;0.0;3.0;0.0;2.0;1.0;0.0;0.0;0.0;5.0;0.0;5.0;46.0;0.0;0.0;0.0;5.0;26.0;4.0;22.0;6.0;4.0;0.0;4.0;10.0;6.0;4.0;1.0;1.0;1.0;1.0;4.0;0.0;0.0;0.0;5.0;5.0;5.0;5.0;0
org.apache.jmeter.protocol.jdbc.config.PoolConfig;1.0;1.0;1.0;1.0;7.0;0.0;7.0;0.0;2.0;2.0;0.0;0.0;0.0;5.0;0.0;5.0;40.0;0.0;0.0;0.0;5.0;45.0;5.0;40.0;8.0;14.0;0.0;10.0;20.0;8.0;12.0;3.0;3.0;3.0;3.0;3.0;1.0;0.0;0.0;9.0;9.0;9.0;9.0;0
org.apache.jmeter.protocol.jdbc.config.SqlConfig;1.0;1.0;1.0;1.0;3.0;0.0;3.0;0.0;2.0;1.0;0.0;0.0;0.0;3.0;0.0;3.0;38.0;0.0;0.0;0.0;3.0;17.0;3.0;14.0;4.0;2.0;0.0;2.0;6.0;4.0;2.0;1.0;1.0;1.0;1.0;3.0;0.0;0.0;0.0;3.0;3.0;3.0;3.0;0
org.apache.jmeter.protocol.jdbc.config.gui.DbConfigGui;1.0;1.0;1.0;1.0;10.0;1.0;8.0;0.0;1.0;6.0;0.0;0.0;2.0;9.0;4.0;9.0;27.0;0.0;3.0;0.0;6.0;119.0;20.0;89.0;25.0;54.0;10.0;51.0;62.0;24.0;38.0;2.0;2.0;2.0;1.0;4.0;1.0;75.0;0.11;10.0;10.0;10.0;9.0;0
org.apache.jmeter.protocol.jdbc.config.gui.PoolConfigGui;1.0;1.0;1.0;1.0;13.0;0.0;11.0;0.0;2.0;6.0;0.0;0.0;4.0;11.0;3.0;11.0;29.0;0.0;3.0;0.0;8.0;174.0;22.0;140.0;29.0;81.0;12.0;56.0;75.0;27.0;48.0;7.0;7.0;7.0;1.0;4.0;3.0;77.0;0.09;18.0;18.0;18.0;11.0;0
org.apache.jmeter.protocol.jdbc.config.gui.SqlConfigGui;1.0;1.0;1.0;1.0;8.0;0.0;7.0;0.0;1.0;4.0;0.0;0.0;0.0;9.0;2.0;9.0;27.0;0.0;2.0;0.0;7.0;92.0;14.0;68.0;18.0;33.0;10.0;32.0;43.0;17.0;26.0;2.0;2.0;2.0;1.0;4.0;1.0;72.0;0.15;10.0;10.0;10.0;9.0;0
org.apache.jmeter.protocol.jdbc.control.gui.JdbcTestSampleGui;1.0;1.0;1.0;1.0;8.0;1.0;7.0;0.0;1.0;7.0;0.0;0.0;0.0;7.0;3.0;7.0;25.0;0.0;1.0;0.0;6.0;78.0;15.0;55.0;14.0;28.0;8.0;31.0;39.0;14.0;25.0;1.0;1.0;1.0;1.0;4.0;0.0;57.0;0.15;7.0;7.0;7.0;7.0;0
org.apache.jmeter.protocol.jdbc.sampler.JDBCSampler;1.0;1.0;1.0;1.0;13.0;0.0;11.0;1.0;2.0;11.0;0.0;0.0;6.0;16.0;2.0;16.0;49.0;0.0;3.0;0.0;13.0;261.0;36.0;195.0;43.0;96.0;30.0;71.0;104.0;43.0;61.0;8.0;8.0;8.0;1.0;3.0;4.0;91.0;0.15;31.0;31.0;31.0;16.0;0
org.apache.jmeter.protocol.jdbc.util.ConnectionObject;2.0;2.0;2.0;1.0;18.0;0.0;14.0;4.0;2.0;2.0;0.0;0.0;2.0;13.0;8.0;13.0;13.0;0.0;0.0;0.0;13.0;280.0;17.0;199.0;26.0;99.0;64.0;69.0;99.0;26.0;73.0;7.0;7.0;8.0;1.0;1.0;4.0;69.0;0.32;30.0;30.0;31.0;13.0;0
org.apache.jmeter.protocol.jdbc.util.DBConnectionManager;1.0;1.0;1.0;1.0;18.0;0.0;14.0;3.0;1.0;7.0;0.0;1.0;2.0;8.0;1.0;9.0;9.0;0.0;4.0;0.0;5.0;197.0;16.0;139.0;33.0;67.0;42.0;33.0;53.0;23.0;30.0;4.0;4.0;4.0;4.0;1.0;2.0;74.0;0.3;17.0;17.0;17.0;14.0;0
org.apache.jmeter.protocol.jdbc.util.DBKey;2.0;2.0;2.0;2.0;14.0;1.0;12.0;0.0;2.0;0.0;0.0;0.0;0.0;9.0;5.0;9.0;9.0;0.0;1.0;0.0;8.0;155.0;23.0;120.0;22.0;52.0;12.0;40.0;63.0;18.0;45.0;11.0;11.0;11.0;11.0;1.0;2.0;55.0;0.1;24.0;24.0;24.0;19.0;0
org.apache.jmeter.reporters.AbstractListenerElement;1.0;1.0;1.0;1.0;4.0;0.0;4.0;0.0;1.0;1.0;1.0;0.0;0.0;4.0;1.0;4.0;37.0;0.0;0.0;1.0;3.0;33.0;5.0;20.0;7.0;5.0;8.0;6.0;11.0;7.0;4.0;1.0;1.0;1.0;1.0;2.0;0.0;50.0;0.4;4.0;4.0;4.0;4.0;0
org.apache.jmeter.reporters.FileReporter;3.0;3.0;3.0;2.0;28.0;2.0;25.0;1.0;1.0;2.0;0.0;0.0;1.0;3.0;1.0;3.0;3.0;0.0;0.0;0.0;3.0;102.0;9.0;81.0;17.0;47.0;12.0;34.0;44.0;16.0;28.0;8.0;8.0;9.0;6.0;2.0;3.0;33.0;0.15;10.0;10.0;11.0;8.0;0
org.apache.jmeter.reporters.MailerResultCollector;1.0;1.0;1.0;1.0;5.0;0.0;4.0;0.0;2.0;5.0;0.0;0.0;2.0;4.0;0.0;4.0;72.0;0.0;0.0;0.0;4.0;45.0;6.0;27.0;10.0;9.0;12.0;9.0;14.0;7.0;7.0;1.0;1.0;1.0;1.0;4.0;0.0;62.0;0.44;4.0;4.0;4.0;4.0;0
org.apache.jmeter.reporters.ResultCollector;1.0;1.0;2.0;1.0;10.0;0.0;9.0;0.0;7.0;9.0;1.0;4.0;5.0;27.0;5.0;31.0;68.0;0.0;12.0;1.0;18.0;397.0;45.0;315.0;73.0;127.0;38.0;88.0;149.0;58.0;91.0;5.0;5.0;6.0;3.0;3.0;4.0;91.0;0.12;61.0;61.0;66.0;33.0;0
org.apache.jmeter.samplers.AbstractSampler;0.0;0.0;0.0;0.0;0.0;0.0;0.0;0.0;2.0;0.0;11.0;0.0;0.0;0.0;0.0;0.0;33.0;0.0;0.0;0.0;0.0;9.0;0.0;5.0;3.0;0.0;4.0;0.0;1.0;1.0;0.0;0.0;0.0;0.0;0.0;2.0;0.0;0.0;0.8;0.0;0.0;0.0;0.0;0
org.apache.jmeter.samplers.CycleEntry;1.0;1.0;1.0;1.0;3.0;0.0;3.0;0.0;1.0;0.0;0.0;0.0;0.0;1.0;0.0;1.0;11.0;0.0;0.0;0.0;1.0;5.0;0.0;5.0;2.0;0.0;0.0;0.0;2.0;2.0;0.0;1.0;1.0;1.0;1.0;2.0;0.0;0.0;0.0;1.0;1.0;1.0;1.0;0
org.apache.jmeter.samplers.Entry;1.0;1.0;1.0;1.0;7.0;0.0;6.0;0.0;1.0;3.0;1.0;0.0;1.0;10.0;3.0;10.0;10.0;0.0;1.0;0.0;9.0;94.0;10.0;74.0;16.0;24.0;10.0;20.0;35.0;16.0;19.0;3.0;3.0;3.0;1.0;1.0;2.0;77.0;0.14;14.0;14.0;14.0;10.0;0
org.apache.jmeter.samplers.RemoteListenerWrapper;2.0;2.0;2.0;1.0;11.0;0.0;11.0;0.0;5.0;5.0;0.0;0.0;1.0;11.0;3.0;11.0;44.0;0.0;1.0;0.0;10.0;159.0;10.0;131.0;22.0;59.0;23.0;40.0;65.0;20.0;45.0;4.0;4.0;4.0;1.0;2.0;3.0;45.0;0.18;24.0;24.0;24.0;11.0;0
org.apache.jmeter.samplers.RemoteSampleListenerImpl;1.0;1.0;1.0;1.0;7.0;0.0;6.0;0.0;4.0;2.0;0.0;0.0;0.0;11.0;2.0;11.0;11.0;0.0;0.0;0.0;11.0;102.0;11.0;79.0;16.0;21.0;12.0;14.0;35.0;14.0;21.0;3.0;3.0;3.0;1.0;2.0;1.0;59.0;0.15;20.0;20.0;20.0;11.0;0
org.apache.jmeter.samplers.RemoteSampleListenerWrapper;1.0;1.0;1.0;1.0;8.0;0.0;8.0;0.0;4.0;3.0;0.0;0.0;1.0;5.0;1.0;5.0;38.0;0.0;0.0;0.0;5.0;53.0;3.0;46.0;10.0;14.0;4.0;9.0;18.0;8.0;10.0;2.0;2.0;2.0;1.0;2.0;1.0;30.0;0.09;8.0;8.0;8.0;5.0;0
org.apache.jmeter.samplers.RemoteTestListenerWrapper;1.0;1.0;1.0;1.0;7.0;0.0;7.0;0.0;4.0;3.0;0.0;0.0;1.0;7.0;1.0;7.0;40.0;0.0;0.0;0.0;7.0;70.0;3.0;60.0;12.0;18.0;7.0;11.0;23.0;10.0;13.0;2.0;2.0;2.0;1.0;2.0;1.0;35.0;0.12;11.0;11.0;11.0;7.0;0
org.apache.jmeter.samplers.SampleEvent;1.0;1.0;1.0;1.0;4.0;0.0;4.0;0.0;2.0;1.0;0.0;0.0;0.0;4.0;2.0;4.0;4.0;0.0;0.0;0.0;4.0;32.0;4.0;21.0;7.0;4.0;7.0;6.0;11.0;7.0;4.0;1.0;1.0;1.0;1.0;1.0;0.0;50.0;0.33;4.0;4.0;4.0;4.0;0
org.apache.jmeter.samplers.SampleResult;1.0;1.0;1.0;1.0;8.0;0.0;5.0;2.0;2.0;3.0;1.0;2.0;6.0;53.0;23.0;55.0;55.0;0.0;2.0;2.0;51.0;642.0;74.0;381.0;102.0;160.0;195.0;147.0;224.0;101.0;123.0;3.0;3.0;3.0;1.0;1.0;1.0;96.0;0.51;71.0;71.0;72.0;55.0;0
org.apache.jmeter.samplers.gui.AbstractSamplerGui;1.0;1.0;1.0;1.0;14.0;0.0;4.0;10.0;1.0;1.0;12.0;0.0;0.0;2.0;0.0;2.0;18.0;0.0;0.0;0.0;2.0;33.0;2.0;11.0;3.0;2.0;20.0;2.0;5.0;3.0;2.0;1.0;1.0;1.0;1.0;3.0;0.0;0.0;1.82;2.0;2.0;2.0;2.0;0
org.apache.jmeter.save.SaveService;4.0;4.0;5.0;1.0;38.0;3.0;31.0;3.0;2.0;15.0;0.0;23.0;22.0;1.0;0.0;24.0;24.0;0.0;7.0;1.0;16.0;1169.0;148.0;830.0;165.0;480.0;192.0;306.0;428.0;130.0;298.0;20.0;20.0;22.0;3.0;1.0;4.0;85.0;0.23;117.0;117.0;124.0;28.0;0
org.apache.jmeter.save.old.BadHandlerException;1.0;1.0;1.0;1.0;3.0;0.0;3.0;0.0;1.0;0.0;0.0;0.0;0.0;3.0;1.0;3.0;3.0;0.0;0.0;0.0;3.0;25.0;3.0;14.0;5.0;2.0;8.0;3.0;7.0;5.0;2.0;1.0;1.0;1.0;1.0;2.0;0.0;33.0;0.57;3.0;3.0;3.0;3.0;0
org.apache.jmeter.save.old.JMeterNameSpaceHandler;2.0;2.0;2.0;1.0;9.0;1.0;8.0;0.0;2.0;4.0;0.0;0.0;2.0;2.0;4.0;2.0;2.0;0.0;0.0;0.0;2.0;53.0;4.0;41.0;14.0;27.0;8.0;16.0;23.0;10.0;13.0;3.0;3.0;3.0;1.0;1.0;1.0;83.0;0.2;4.0;4.0;4.0;2.0;0
org.apache.jmeter.save.old.handlers.AbstractConfigElementHandler;1.0;1.0;1.0;1.0;15.0;2.0;5.0;7.0;1.0;4.0;1.0;0.0;0.0;9.0;2.0;9.0;30.0;0.0;0.0;1.0;8.0;180.0;53.0;54.0;13.0;18.0;73.0;18.0;30.0;13.0;17.0;2.0;2.0;3.0;1.0;2.0;1.0;61.0;1.35;11.0;11.0;12.0;9.0;0
org.apache.jmeter.save.old.handlers.ArgumentsHandler;1.0;1.0;1.0;1.0;6.0;0.0;6.0;0.0;1.0;5.0;0.0;0.0;0.0;8.0;2.0;8.0;29.0;0.0;1.0;0.0;7.0;75.0;9.0;58.0;13.0;22.0;8.0;20.0;32.0;13.0;19.0;2.0;2.0;2.0;1.0;2.0;1.0;68.0;0.14;11.0;11.0;11.0;8.0;0
org.apache.jmeter.save.old.handlers.AssertionHandler;1.0;1.0;1.0;1.0;7.0;0.0;6.0;1.0;2.0;5.0;0.0;0.0;1.0;7.0;1.0;7.0;28.0;0.0;1.0;0.0;6.0;74.0;7.0;52.0;12.0;29.0;15.0;27.0;36.0;11.0;25.0;2.0;2.0;2.0;1.0;2.0;1.0;71.0;0.29;8.0;8.0;8.0;7.0;0
org.apache.jmeter.save.old.handlers.AuthManagerHandler;1.0;1.0;1.0;1.0;5.0;0.0;5.0;0.0;1.0;8.0;0.0;0.0;0.0;6.0;3.0;6.0;27.0;0.0;0.0;0.0;6.0;53.0;5.0;40.0;13.0;15.0;8.0;17.0;25.0;13.0;12.0;2.0;2.0;2.0;1.0;2.0;1.0;83.0;0.2;7.0;7.0;7.0;6.0;0
org.apache.jmeter.save.old.handlers.CookieManagerHandler;1.0;1.0;1.0;1.0;6.0;0.0;6.0;0.0;1.0;7.0;0.0;0.0;0.0;6.0;1.0;6.0;27.0;0.0;0.0;0.0;6.0;54.0;7.0;39.0;11.0;16.0;8.0;15.0;23.0;11.0;12.0;2.0;2.0;2.0;1.0;2.0;1.0;50.0;0.21;7.0;7.0;7.0;6.0;0
org.apache.jmeter.save.old.handlers.FilerHandler;1.0;1.0;1.0;1.0;4.0;0.0;4.0;0.0;1.0;4.0;0.0;0.0;0.0;5.0;1.0;5.0;26.0;0.0;0.0;0.0;5.0;39.0;6.0;25.0;7.0;6.0;8.0;7.0;13.0;7.0;6.0;1.0;1.0;1.0;1.0;2.0;0.0;60.0;0.32;5.0;5.0;5.0;5.0;0
org.apache.jmeter.save.old.handlers.FtpTestHandler;1.0;1.0;1.0;1.0;7.0;0.0;5.0;2.0;1.0;7.0;0.0;0.0;0.0;10.0;1.0;10.0;31.0;0.0;0.0;3.0;7.0;103.0;11.0;54.0;16.0;16.0;38.0;15.0;28.0;14.0;14.0;2.0;2.0;2.0;1.0;2.0;1.0;60.0;0.7;12.0;12.0;12.0;10.0;0
org.apache.jmeter.save.old.handlers.GenericControllerHandler;1.0;1.0;1.0;1.0;12.0;0.0;6.0;6.0;1.0;6.0;1.0;0.0;0.0;8.0;1.0;8.0;29.0;0.0;0.0;3.0;5.0;123.0;12.0;54.0;12.0;20.0;57.0;18.0;29.0;12.0;17.0;3.0;3.0;3.0;1.0;2.0;1.0;75.0;1.06;10.0;10.0;10.0;8.0;0
org.apache.jmeter.save.old.handlers.HeaderManagerHandler;1.0;1.0;1.0;1.0;6.0;0.0;6.0;0.0;1.0;7.0;0.0;0.0;0.0;6.0;1.0;6.0;27.0;0.0;0.0;0.0;6.0;56.0;7.0;41.0;12.0;18.0;8.0;16.0;24.0;12.0;12.0;2.0;2.0;2.0;1.0;2.0;1.0;50.0;0.2;7.0;7.0;7.0;6.0;0
org.apache.jmeter.save.old.handlers.HttpTestSampleHandler;1.0;1.0;1.0;1.0;11.0;0.0;5.0;5.0;1.0;7.0;0.0;0.0;0.0;8.0;1.0;8.0;29.0;0.0;0.0;2.0;6.0;108.0;9.0;47.0;12.0;12.0;52.0;10.0;21.0;11.0;10.0;3.0;3.0;3.0;1.0;2.0;2.0;62.0;1.11;11.0;11.0;11.0;8.0;0
org.apache.jmeter.save.old.handlers.JMeterComponentHandler;1.0;1.0;1.0;1.0;5.0;0.0;5.0;0.0;1.0;4.0;0.0;0.0;0.0;5.0;1.0;5.0;26.0;0.0;0.0;0.0;5.0;42.0;5.0;29.0;8.0;11.0;8.0;12.0;18.0;8.0;10.0;1.0;1.0;1.0;1.0;2.0;0.0;60.0;0.28;5.0;5.0;5.0;5.0;0
org.apache.jmeter.save.old.handlers.JMeterHandler;2.0;2.0;3.0;1.0;17.0;0.0;12.0;4.0;1.0;5.0;0.0;11.0;5.0;1.0;0.0;12.0;12.0;0.0;0.0;0.0;12.0;299.0;19.0;215.0;30.0;141.0;65.0;98.0;124.0;29.0;95.0;19.0;9.0;24.0;4.0;1.0;3.0;91.0;0.3;35.0;25.0;40.0;15.0;0
org.apache.jmeter.save.old.handlers.JdbcTestSampleHandler;1.0;1.0;1.0;1.0;10.0;0.0;5.0;5.0;1.0;6.0;0.0;0.0;1.0;15.0;1.0;15.0;36.0;0.0;3.0;4.0;8.0;191.0;17.0;92.0;25.0;27.0;82.0;20.0;43.0;22.0;21.0;4.0;4.0;4.0;1.0;2.0;1.0;76.0;0.89;22.0;22.0;22.0;15.0;0
org.apache.jmeter.save.old.handlers.LoopControlHandler;1.0;1.0;1.0;1.0;11.0;0.0;6.0;4.0;1.0;6.0;0.0;0.0;0.0;5.0;0.0;5.0;34.0;0.0;0.0;1.0;4.0;63.0;5.0;35.0;7.0;17.0;23.0;17.0;23.0;7.0;16.0;1.0;1.0;1.0;1.0;3.0;0.0;0.0;0.66;5.0;5.0;5.0;5.0;0
org.apache.jmeter.save.old.handlers.ParamMaskHandler;1.0;1.0;1.0;1.0;9.0;0.0;5.0;3.0;1.0;5.0;0.0;0.0;0.0;7.0;1.0;7.0;28.0;0.0;0.0;0.0;7.0;74.0;9.0;41.0;10.0;25.0;24.0;26.0;34.0;10.0;24.0;1.0;1.0;1.0;1.0;2.0;0.0;57.0;0.59;7.0;7.0;7.0;7.0;0
org.apache.jmeter.save.old.handlers.ProxyControlHandler;2.0;2.0;2.0;1.0;17.0;0.0;12.0;4.0;1.0;8.0;0.0;0.0;0.0;5.0;0.0;5.0;35.0;0.0;1.0;0.0;4.0;97.0;10.0;63.0;19.0;39.0;24.0;37.0;48.0;22.0;26.0;7.0;7.0;7.0;1.0;3.0;4.0;0.0;0.38;13.0;13.0;13.0;5.0;0
org.apache.jmeter.save.old.handlers.TestPlanHandler;1.0;1.0;1.0;1.0;9.0;0.0;3.0;6.0;1.0;2.0;0.0;0.0;0.0;5.0;0.0;5.0;26.0;0.0;0.0;0.0;5.0;56.0;5.0;20.0;6.0;2.0;31.0;2.0;8.0;6.0;2.0;1.0;1.0;1.0;1.0;2.0;0.0;0.0;1.55;5.0;5.0;5.0;5.0;0
org.apache.jmeter.save.old.handlers.ThreadGroupHandler;1.0;1.0;1.0;1.0;16.0;0.0;8.0;7.0;1.0;6.0;0.0;0.0;0.0;6.0;1.0;6.0;27.0;0.0;0.0;0.0;6.0;116.0;11.0;52.0;9.0;17.0;53.0;12.0;23.0;9.0;14.0;3.0;3.0;3.0;1.0;2.0;2.0;50.0;1.02;10.0;10.0;10.0;6.0;0
org.apache.jmeter.save.old.handlers.TimerHandler;1.0;1.0;1.0;1.0;8.0;0.0;8.0;0.0;1.0;5.0;0.0;0.0;0.0;7.0;1.0;7.0;28.0;0.0;0.0;0.0;7.0;77.0;6.0;63.0;10.0;29.0;8.0;25.0;36.0;10.0;26.0;2.0;2.0;2.0;1.0;2.0;1.0;42.0;0.13;10.0;10.0;10.0;7.0;0
org.apache.jmeter.save.old.xml.NoCurrentHandlerException;1.0;1.0;1.0;1.0;3.0;0.0;3.0;0.0;1.0;0.0;0.0;0.0;0.0;1.0;0.0;1.0;1.0;0.0;0.0;0.0;1.0;6.0;1.0;5.0;2.0;0.0;0.0;0.0;2.0;2.0;0.0;1.0;1.0;1.0;1.0;2.0;0.0;0.0;0.0;1.0;1.0;1.0;1.0;0
org.apache.jmeter.save.old.xml.TagHandler;1.0;1.0;1.0;1.0;8.0;0.0;8.0;0.0;2.0;1.0;16.0;0.0;1.0;21.0;5.0;21.0;21.0;0.0;1.0;8.0;12.0;222.0;23.0;181.0;37.0;71.0;18.0;53.0;83.0;37.0;46.0;5.0;5.0;5.0;1.0;1.0;3.0;87.0;0.1;38.0;38.0;38.0;21.0;0
org.apache.jmeter.save.old.xml.XmlHandler;2.0;2.0;2.0;1.0;18.0;0.0;12.0;5.0;1.0;5.0;0.0;0.0;1.0;15.0;5.0;15.0;15.0;0.0;4.0;2.0;9.0;305.0;17.0;203.0;39.0;97.0;85.0;65.0;100.0;38.0;62.0;5.0;5.0;5.0;3.0;2.0;2.0;77.0;0.42;34.0;34.0;36.0;17.0;0
org.apache.jmeter.swing.HtmlPane;1.0;1.0;1.0;1.0;11.0;0.0;11.0;0.0;1.0;1.0;0.0;0.0;1.0;2.0;0.0;2.0;2.0;0.0;0.0;0.0;2.0;31.0;2.0;26.0;5.0;10.0;3.0;6.0;12.0;6.0;6.0;1.0;1.0;1.0;1.0;2.0;0.0;100.0;0.12;2.0;2.0;2.0;2.0;0
org.apache.jmeter.testelement.AbstractTestElement;1.0;1.0;1.0;1.0;9.0;0.0;8.0;0.0;3.0;13.0;32.0;0.0;1.0;33.0;3.0;33.0;33.0;0.0;0.0;9.0;24.0;355.0;37.0;293.0;59.0;119.0;26.0;77.0;137.0;55.0;82.0;4.0;4.0;5.0;1.0;1.0;2.0;87.0;0.09;60.0;60.0;62.0;33.0;0
org.apache.jmeter.testelement.TestPlan;1.0;1.0;1.0;1.0;7.0;0.0;5.0;1.0;2.0;9.0;0.0;1.0;7.0;15.0;2.0;16.0;49.0;0.0;1.0;0.0;15.0;158.0;18.0;111.0;32.0;42.0;29.0;34.0;56.0;28.0;28.0;3.0;3.0;3.0;1.0;2.0;2.0;91.0;0.26;21.0;21.0;22.0;16.0;0
org.apache.jmeter.testelement.VariablesCollection;1.0;1.0;1.0;1.0;4.0;0.0;4.0;0.0;2.0;1.0;0.0;0.0;0.0;2.0;1.0;2.0;2.0;0.0;0.0;0.0;2.0;18.0;3.0;12.0;4.0;3.0;3.0;3.0;6.0;4.0;2.0;1.0;1.0;1.0;1.0;1.0;0.0;0.0;0.25;2.0;2.0;2.0;2.0;0
org.apache.jmeter.testelement.WorkBench;1.0;1.0;1.0;1.0;5.0;0.0;3.0;1.0;2.0;0.0;0.0;0.0;0.0;2.0;0.0;2.0;35.0;0.0;0.0;0.0;2.0;15.0;2.0;10.0;3.0;1.0;3.0;1.0;4.0;3.0;1.0;1.0;1.0;1.0;1.0;2.0;0.0;0.0;0.3;2.0;2.0;2.0;2.0;0
org.apache.jmeter.threads.JMeterThread;1.0;1.0;2.0;1.0;12.0;0.0;9.0;2.0;3.0;24.0;0.0;0.0;3.0;29.0;18.0;29.0;29.0;0.0;10.0;0.0;19.0;428.0;40.0;305.0;76.0;141.0;85.0;117.0;175.0;71.0;104.0;10.0;10.0;15.0;1.0;1.0;5.0;90.0;0.28;54.0;54.0;61.0;29.0;0
org.apache.jmeter.threads.JMeterVariables;1.0;1.0;1.0;1.0;4.0;0.0;4.0;0.0;1.0;0.0;0.0;0.0;0.0;11.0;2.0;11.0;11.0;0.0;0.0;0.0;11.0;71.0;12.0;52.0;16.0;15.0;7.0;14.0;27.0;16.0;11.0;2.0;2.0;2.0;1.0;1.0;1.0;63.0;0.13;12.0;12.0;12.0;11.0;0
org.apache.jmeter.threads.ListenerNotifier;2.0;2.0;2.0;1.0;23.0;1.0;13.0;9.0;1.0;3.0;0.0;0.0;2.0;8.0;3.0;8.0;8.0;0.0;3.0;0.0;5.0;247.0;24.0;113.0;23.0;55.0;110.0;38.0;60.0;22.0;38.0;8.0;8.0;9.0;3.0;1.0;3.0;72.0;0.97;20.0;20.0;21.0;10.0;0
org.apache.jmeter.threads.ReflectionThreadGroup;0.0;0.0;0.0;0.0;0.0;0.0;0.0;0.0;1.0;0.0;0.0;0.0;0.0;0.0;0.0;0.0;62.0;0.0;0.0;0.0;0.0;16.0;1.0;3.0;1.0;0.0;12.0;0.0;1.0;1.0;0.0;0.0;0.0;0.0;0.0;3.0;0.0;0.0;4.0;0.0;0.0;0.0;0.0;0
org.apache.jmeter.threads.SamplePackage;1.0;1.0;1.0;1.0;6.0;0.0;5.0;1.0;1.0;8.0;0.0;0.0;1.0;29.0;9.0;29.0;29.0;0.0;2.0;0.0;27.0;245.0;29.0;167.0;50.0;62.0;49.0;64.0;96.0;42.0;54.0;2.0;2.0;2.0;1.0;1.0;1.0;82.0;0.29;31.0;31.0;31.0;29.0;0
org.apache.jmeter.threads.TestCompiler;2.0;2.0;2.0;1.0;13.0;0.0;12.0;0.0;3.0;18.0;0.0;1.0;2.0;13.0;7.0;14.0;14.0;0.0;4.0;0.0;10.0;304.0;27.0;257.0;67.0;127.0;24.0;93.0;142.0;65.0;77.0;9.0;9.0;9.0;5.0;1.0;4.0;88.0;0.09;33.0;33.0;33.0;18.0;0
org.apache.jmeter.threads.ThreadGroup;1.0;1.0;1.0;1.0;8.0;0.0;4.0;4.0;4.0;11.0;1.0;0.0;15.0;29.0;3.0;29.0;62.0;0.0;0.0;0.0;29.0;423.0;45.0;220.0;59.0;84.0;159.0;64.0;108.0;57.0;51.0;2.0;2.0;2.0;1.0;2.0;1.0;95.0;0.72;30.0;30.0;30.0;29.0;0
org.apache.jmeter.threads.gui.ThreadGroupGui;1.0;1.0;1.0;1.0;15.0;1.0;12.0;1.0;2.0;15.0;0.0;0.0;2.0;19.0;12.0;19.0;35.0;0.0;8.0;0.0;11.0;348.0;51.0;257.0;59.0;172.0;41.0;143.0;169.0;56.0;113.0;3.0;3.0;3.0;3.0;3.0;2.0;85.0;0.16;25.0;25.0;26.0;21.0;0
org.apache.jmeter.timers.ConstantTimer;1.0;1.0;1.0;1.0;8.0;0.0;3.0;5.0;4.0;2.0;1.0;0.0;1.0;8.0;1.0;8.0;41.0;0.0;0.0;0.0;8.0;108.0;12.0;37.0;13.0;8.0;59.0;8.0;17.0;11.0;6.0;1.0;1.0;1.0;1.0;2.0;0.0;68.0;1.59;8.0;8.0;8.0;8.0;0
org.apache.jmeter.timers.GaussianRandomTimer;1.0;1.0;1.0;1.0;4.0;0.0;4.0;0.0;2.0;1.0;0.0;0.0;0.0;2.0;0.0;2.0;47.0;0.0;0.0;0.0;2.0;13.0;1.0;12.0;3.0;3.0;0.0;2.0;5.0;3.0;2.0;1.0;1.0;1.0;1.0;4.0;0.0;0.0;0.0;2.0;2.0;2.0;2.0;0
org.apache.jmeter.timers.RandomTimer;1.0;1.0;1.0;1.0;6.0;0.0;4.0;2.0;3.0;2.0;2.0;0.0;1.0;4.0;1.0;4.0;45.0;0.0;0.0;0.0;4.0;49.0;6.0;23.0;9.0;5.0;20.0;6.0;11.0;7.0;4.0;1.0;1.0;1.0;1.0;3.0;0.0;50.0;0.87;4.0;4.0;4.0;4.0;0
org.apache.jmeter.timers.UniformRandomTimer;1.0;1.0;1.0;1.0;4.0;0.0;4.0;0.0;2.0;1.0;0.0;0.0;0.0;2.0;0.0;2.0;47.0;0.0;0.0;0.0;2.0;14.0;2.0;12.0;3.0;3.0;0.0;2.0;5.0;3.0;2.0;1.0;1.0;1.0;1.0;4.0;0.0;0.0;0.0;2.0;2.0;2.0;2.0;0
org.apache.jmeter.timers.gui.AbstractTimerGui;1.0;1.0;1.0;1.0;14.0;0.0;4.0;10.0;1.0;1.0;4.0;0.0;0.0;2.0;0.0;2.0;18.0;0.0;0.0;0.0;2.0;31.0;1.0;10.0;3.0;2.0;20.0;2.0;5.0;3.0;2.0;1.0;1.0;1.0;1.0;3.0;0.0;0.0;2.0;2.0;2.0;2.0;2.0;0
org.apache.jmeter.timers.gui.ConstantTimerGui;1.0;1.0;1.0;1.0;10.0;0.0;5.0;3.0;1.0;4.0;0.0;1.0;2.0;7.0;1.0;8.0;26.0;0.0;1.0;0.0;7.0;109.0;12.0;53.0;15.0;25.0;44.0;26.0;35.0;15.0;20.0;1.0;1.0;1.0;1.0;4.0;0.0;70.0;0.83;8.0;8.0;8.0;8.0;0
org.apache.jmeter.timers.gui.GaussianRandomTimerGui;1.0;1.0;1.0;1.0;13.0;1.0;8.0;4.0;1.0;7.0;0.0;1.0;4.0;7.0;2.0;8.0;26.0;0.0;1.0;0.0;7.0;137.0;20.0;73.0;19.0;44.0;44.0;46.0;55.0;19.0;36.0;1.0;1.0;1.0;1.0;4.0;0.0;70.0;0.6;8.0;8.0;8.0;8.0;0
org.apache.jmeter.timers.gui.UniformRandomTimerGui;1.0;1.0;1.0;1.0;13.0;1.0;7.0;4.0;1.0;7.0;0.0;1.0;4.0;7.0;2.0;8.0;26.0;0.0;1.0;0.0;7.0;138.0;21.0;72.0;19.0;43.0;47.0;45.0;54.0;19.0;35.0;1.0;1.0;1.0;1.0;4.0;0.0;70.0;0.65;8.0;8.0;8.0;8.0;0
org.apache.jmeter.util.ColorHelper;2.0;2.0;2.0;1.0;20.0;0.0;13.0;6.0;1.0;0.0;0.0;1.0;0.0;1.0;0.0;2.0;2.0;0.0;1.0;0.0;1.0;51.0;1.0;30.0;8.0;15.0;20.0;12.0;18.0;8.0;10.0;4.0;4.0;4.0;1.0;1.0;1.0;0.0;0.67;5.0;5.0;5.0;2.0;0
org.apache.jmeter.util.JMeterUtils;2.0;2.0;2.0;1.0;20.0;0.0;14.0;5.0;2.0;6.0;0.0;44.0;22.0;1.0;1.0;45.0;45.0;0.0;2.0;0.0;43.0;1005.0;31.0;704.0;147.0;378.0;276.0;233.0;334.0;131.0;203.0;9.0;9.0;9.0;7.0;1.0;4.0;97.0;0.39;105.0;105.0;112.0;54.0;0
org.apache.jmeter.util.JsseSSLManager;5.0;5.0;5.0;1.0;39.0;0.0;33.0;5.0;1.0;4.0;0.0;0.0;1.0;4.0;3.0;4.0;12.0;0.0;1.0;1.0;2.0;231.0;7.0;171.0;35.0;88.0;53.0;56.0;78.0;27.0;51.0;11.0;11.0;11.0;1.0;2.0;2.0;56.0;0.31;20.0;20.0;20.0;4.0;0
org.apache.jmeter.util.SSLManager;3.0;3.0;3.0;1.0;28.0;2.0;23.0;3.0;1.0;4.0;1.0;3.0;5.0;5.0;3.0;8.0;8.0;0.0;0.0;4.0;4.0;323.0;29.0;207.0;31.0;114.0;87.0;63.0;90.0;26.0;64.0;9.0;9.0;10.0;4.0;1.0;4.0;79.0;0.42;26.0;26.0;27.0;11.0;0
org.apache.jmeter.util.StringUtilities;1.0;1.0;1.0;1.0;10.0;0.0;8.0;1.0;1.0;0.0;0.0;1.0;0.0;1.0;0.0;2.0;2.0;0.0;1.0;0.0;1.0;66.0;6.0;54.0;20.0;28.0;8.0;21.0;30.0;20.0;10.0;2.0;2.0;2.0;1.0;1.0;1.0;0.0;0.15;3.0;3.0;3.0;2.0;0
org.apache.jmeter.util.keystore.DefaultKeyStore;2.0;2.0;2.0;1.0;10.0;1.0;9.0;0.0;1.0;0.0;0.0;0.0;0.0;5.0;4.0;5.0;10.0;0.0;0.0;0.0;5.0;71.0;10.0;55.0;14.0;23.0;6.0;24.0;35.0;15.0;20.0;6.0;6.0;6.0;3.0;2.0;3.0;60.0;0.11;10.0;10.0;10.0;7.0;0
org.apache.jmeter.util.keystore.JmeterKeyStore;1.0;1.0;1.0;1.0;7.0;0.0;5.0;1.0;1.0;0.0;2.0;1.0;0.0;4.0;0.0;5.0;5.0;0.0;0.0;0.0;5.0;48.0;6.0;27.0;13.0;10.0;15.0;10.0;14.0;10.0;4.0;3.0;3.0;3.0;3.0;1.0;2.0;0.0;0.56;7.0;7.0;7.0;7.0;0
org.apache.jmeter.util.keystore.PKCS12KeyStore;2.0;2.0;2.0;1.0;15.0;2.0;11.0;1.0;1.0;0.0;0.0;0.0;0.0;5.0;3.0;5.0;10.0;0.0;0.0;0.0;5.0;99.0;17.0;64.0;18.0;28.0;18.0;26.0;39.0;17.0;22.0;7.0;7.0;9.0;4.0;2.0;3.0;60.0;0.28;12.0;12.0;14.0;8.0;0
org.apache.jmeter.visualizers.AssertionVisualizer;1.0;1.0;2.0;1.0;14.0;1.0;12.0;0.0;2.0;3.0;0.0;0.0;0.0;6.0;1.0;6.0;37.0;0.0;2.0;0.0;4.0;103.0;16.0;79.0;18.0;43.0;8.0;37.0;50.0;18.0;32.0;5.0;5.0;6.0;1.0;4.0;4.0;50.0;0.1;11.0;11.0;12.0;6.0;0
org.apache.jmeter.visualizers.BarVisualizer;1.0;1.0;1.0;1.0;7.0;0.0;6.0;0.0;3.0;2.0;0.0;0.0;1.0;7.0;2.0;7.0;7.0;0.0;0.0;0.0;7.0;150.0;31.0;110.0;31.0;54.0;9.0;61.0;79.0;31.0;48.0;1.0;1.0;1.0;1.0;2.0;0.0;61.0;0.08;7.0;7.0;7.0;7.0;0
org.apache.jmeter.visualizers.Graph;1.0;1.0;1.0;1.0;11.0;0.0;8.0;2.0;4.0;4.0;0.0;0.0;2.0;18.0;6.0;18.0;18.0;0.0;2.0;0.0;16.0;250.0;32.0;174.0;49.0;82.0;44.0;54.0;83.0;39.0;44.0;7.0;7.0;7.0;1.0;2.0;2.0;88.0;0.25;25.0;25.0;25.0;18.0;0
org.apache.jmeter.visualizers.GraphAccum;2.0;2.0;2.0;1.0;23.0;1.0;16.0;5.0;3.0;5.0;0.0;0.0;3.0;16.0;5.0;16.0;16.0;0.0;2.0;0.0;14.0;430.0;45.0;279.0;55.0;168.0;106.0;124.0;161.0;49.0;112.0;16.0;16.0;16.0;1.0;2.0;3.0;81.0;0.38;33.0;33.0;33.0;16.0;0
org.apache.jmeter.visualizers.GraphAccumModel;1.0;1.0;1.0;1.0;13.0;0.0;8.0;4.0;3.0;3.0;0.0;0.0;1.0;11.0;10.0;11.0;11.0;0.0;0.0;2.0;9.0;177.0;15.0;102.0;26.0;48.0;60.0;46.0;63.0;26.0;37.0;3.0;3.0;3.0;1.0;1.0;2.0;80.0;0.59;16.0;16.0;16.0;11.0;0
org.apache.jmeter.visualizers.GraphAccumVisualizer;1.0;1.0;1.0;1.0;13.0;1.0;8.0;3.0;4.0;5.0;0.0;0.0;1.0;10.0;3.0;10.0;41.0;0.0;1.0;0.0;9.0;161.0;23.0;95.0;29.0;57.0;43.0;55.0;66.0;25.0;41.0;1.0;1.0;1.0;1.0;4.0;0.0;57.0;0.45;10.0;10.0;10.0;10.0;0
org.apache.jmeter.visualizers.GraphModel;1.0;1.0;1.0;1.0;11.0;0.0;8.0;3.0;3.0;5.0;1.0;0.0;0.0;20.0;10.0;20.0;20.0;0.0;0.0;3.0;17.0;274.0;27.0;173.0;41.0;79.0;74.0;64.0;95.0;39.0;56.0;7.0;7.0;7.0;1.0;1.0;2.0;83.0;0.43;29.0;29.0;29.0;20.0;0
org.apache.jmeter.visualizers.GraphVisualizer;1.0;1.0;1.0;1.0;19.0;1.0;11.0;6.0;5.0;6.0;0.0;0.0;0.0;21.0;16.0;21.0;52.0;0.0;12.0;0.0;9.0;467.0;51.0;268.0;65.0;172.0;148.0;148.0;175.0;54.0;121.0;6.0;6.0;6.0;1.0;4.0;1.0;84.0;0.55;30.0;30.0;30.0;21.0;0
org.apache.jmeter.visualizers.MailerVisualizer;1.0;1.0;1.0;1.0;17.0;1.0;12.0;2.0;3.0;7.0;0.0;0.0;1.0;14.0;9.0;14.0;45.0;0.0;1.0;0.0;13.0;306.0;48.0;191.0;34.0;124.0;67.0;124.0;143.0;33.0;110.0;2.0;2.0;2.0;1.0;4.0;1.0;82.0;0.35;18.0;18.0;18.0;14.0;0
org.apache.jmeter.visualizers.RunningSample;2.0;2.0;2.0;1.0;13.0;0.0;8.0;4.0;1.0;1.0;0.0;0.0;2.0;21.0;9.0;21.0;21.0;0.0;2.0;0.0;19.0;338.0;44.0;194.0;45.0;98.0;105.0;92.0;135.0;45.0;90.0;6.0;6.0;6.0;3.0;1.0;1.0;77.0;0.54;42.0;42.0;42.0;25.0;0
org.apache.jmeter.visualizers.Spline3;3.0;3.0;3.0;1.0;23.0;0.0;17.0;4.0;1.0;1.0;0.0;0.0;3.0;16.0;9.0;16.0;16.0;0.0;0.0;4.0;12.0;473.0;30.0;302.0;49.0;156.0;145.0;154.0;212.0;52.0;160.0;14.0;14.0;15.0;1.0;1.0;3.0;80.0;0.48;57.0;57.0;59.0;16.0;0
org.apache.jmeter.visualizers.SplineModel;1.0;1.0;1.0;1.0;7.0;0.0;6.0;0.0;2.0;5.0;0.0;0.0;0.0;19.0;15.0;19.0;19.0;0.0;0.0;0.0;19.0;198.0;37.0;149.0;42.0;65.0;13.0;65.0;94.0;45.0;49.0;8.0;8.0;8.0;1.0;1.0;3.0;88.0;0.09;28.0;28.0;28.0;19.0;0
org.apache.jmeter.visualizers.SplineVisualizer;1.0;1.0;1.0;1.0;12.0;1.0;10.0;0.0;4.0;6.0;0.0;0.0;0.0;15.0;17.0;15.0;46.0;0.0;0.0;0.0;15.0;313.0;56.0;232.0;62.0;151.0;29.0;139.0;167.0;62.0;105.0;3.0;3.0;3.0;1.0;4.0;2.0;89.0;0.12;19.0;19.0;19.0;15.0;0
org.apache.jmeter.visualizers.SplineVisualizer.SplineGraph;2.0;2.0;2.0;1.0;20.0;2.0;16.0;3.0;1.0;4.0;0.0;0.0;0.0;3.0;5.0;3.0;3.0;0.0;0.0;0.0;3.0;76.0;10.0;56.0;14.0;37.0;14.0;31.0;38.0;16.0;22.0;4.0;4.0;5.0;1.0;2.0;1.0;53.0;0.25;6.0;6.0;7.0;3.0;0
org.apache.jmeter.visualizers.StatVisualizer;1.0;1.0;1.0;1.0;8.0;0.0;6.0;1.0;3.0;6.0;0.0;0.0;1.0;7.0;4.0;7.0;38.0;0.0;1.0;0.0;6.0;222.0;32.0;157.0;43.0;79.0;33.0;59.0;81.0;32.0;49.0;1.0;1.0;1.0;1.0;4.0;0.0;71.0;0.21;7.0;7.0;7.0;7.0;0
org.apache.jmeter.visualizers.StatVisualizerModel;1.0;1.0;1.0;1.0;9.0;0.0;6.0;2.0;2.0;5.0;0.0;0.0;0.0;14.0;5.0;14.0;14.0;0.0;0.0;2.0;12.0;234.0;33.0;155.0;37.0;73.0;46.0;73.0;98.0;36.0;62.0;3.0;3.0;3.0;3.0;1.0;2.0;71.0;0.3;19.0;19.0;19.0;18.0;0
org.apache.jmeter.visualizers.TableDataModel;2.0;1.0;2.0;1.0;10.0;0.0;8.0;1.0;2.0;6.0;0.0;0.0;1.0;15.0;1.0;15.0;35.0;0.0;0.0;0.0;15.0;186.0;23.0;131.0;25.0;54.0;32.0;33.0;62.0;20.0;42.0;9.0;9.0;13.0;9.0;2.0;2.0;86.0;0.24;31.0;28.0;35.0;27.0;0
org.apache.jmeter.visualizers.TableVisualizer;1.0;1.0;1.0;1.0;16.0;1.0;13.0;1.0;3.0;6.0;0.0;0.0;0.0;9.0;7.0;9.0;40.0;0.0;1.0;1.0;7.0;177.0;24.0;130.0;35.0;94.0;23.0;93.0;103.0;29.0;74.0;1.0;1.0;1.0;1.0;4.0;0.0;61.0;0.18;9.0;9.0;9.0;9.0;0
org.apache.jmeter.visualizers.TreeVisualizer;1.0;1.0;1.0;1.0;12.0;0.0;8.0;4.0;3.0;2.0;0.0;0.0;1.0;7.0;11.0;7.0;7.0;0.0;0.0;1.0;6.0;172.0;25.0;74.0;23.0;40.0;73.0;51.0;58.0;23.0;35.0;3.0;3.0;3.0;1.0;2.0;1.0;78.0;0.99;9.0;9.0;9.0;7.0;0
org.apache.jmeter.visualizers.ViewResultsFullVisualizer;2.0;2.0;3.0;1.0;27.0;3.0;21.0;3.0;4.0;4.0;0.0;0.0;8.0;18.0;11.0;18.0;49.0;0.0;6.0;4.0;8.0;575.0;82.0;436.0;92.0;267.0;63.0;201.0;254.0;79.0;175.0;18.0;16.0;20.0;3.0;4.0;6.0;84.0;0.14;52.0;50.0;57.0;20.0;0
org.apache.jmeter.visualizers.WindowedVisualizer;1.0;1.0;1.0;1.0;17.0;3.0;13.0;0.0;2.0;2.0;0.0;0.0;0.0;6.0;6.0;6.0;6.0;0.0;0.0;0.0;6.0;260.0;51.0;196.0;48.0;109.0;13.0;112.0;139.0;49.0;90.0;3.0;3.0;3.0;1.0;2.0;1.0;61.0;0.07;8.0;8.0;8.0;6.0;0
org.apache.jmeter.visualizers.WindowedVisualizer.Graph;1.0;1.0;1.0;1.0;7.0;0.0;7.0;0.0;2.0;0.0;0.0;0.0;0.0;13.0;9.0;13.0;13.0;0.0;0.0;0.0;13.0;128.0;23.0;105.0;27.0;51.0;0.0;50.0;70.0;28.0;42.0;4.0;4.0;4.0;1.0;2.0;2.0;76.0;0.0;19.0;19.0;19.0;13.0;0
org.apache.jmeter.visualizers.gui.AbstractVisualizer;1.0;1.0;1.0;1.0;13.0;0.0;6.0;7.0;4.0;8.0;9.0;0.0;1.0;15.0;3.0;15.0;31.0;0.0;0.0;6.0;9.0;301.0;23.0;101.0;25.0;41.0;177.0;38.0;57.0;23.0;34.0;2.0;2.0;2.0;1.0;3.0;1.0;76.0;1.75;18.0;18.0;18.0;15.0;0
org.apache.jorphan.collections.Data;2.0;2.0;2.0;1.0;18.0;0.0;13.0;4.0;2.0;2.0;0.0;0.0;1.0;35.0;4.0;35.0;35.0;0.0;2.0;0.0;33.0;706.0;51.0;477.0;84.0;223.0;179.0;182.0;272.0;91.0;181.0;9.0;9.0;11.0;3.0;1.0;4.0;66.0;0.38;89.0;89.0;94.0;39.0;0
org.apache.jorphan.collections.HashTree;1.0;1.0;1.0;1.0;13.0;0.0;6.0;6.0;3.0;2.0;2.0;0.0;0.0;65.0;1.0;65.0;65.0;2.0;1.0;6.0;56.0;1026.0;74.0;511.0;119.0;198.0;441.0;160.0;269.0;118.0;151.0;7.0;7.0;7.0;7.0;1.0;4.0;58.0;0.86;96.0;96.0;97.0;74.0;0
org.apache.jorphan.collections.ListedHashTree;1.0;1.0;1.0;1.0;7.0;0.0;7.0;0.0;3.0;0.0;0.0;0.0;0.0;23.0;1.0;23.0;88.0;2.0;0.0;0.0;21.0;228.0;25.0;191.0;40.0;80.0;12.0;69.0;109.0;40.0;69.0;7.0;7.0;10.0;1.0;2.0;3.0;39.0;0.06;36.0;36.0;39.0;23.0;0
org.apache.jorphan.collections.SortedHashTree;1.0;1.0;1.0;1.0;5.0;0.0;5.0;0.0;2.0;0.0;0.0;0.0;0.0;8.0;0.0;8.0;73.0;0.0;0.0;0.0;8.0;56.0;8.0;47.0;11.0;16.0;1.0;16.0;27.0;12.0;15.0;2.0;2.0;2.0;1.0;2.0;1.0;0.0;0.02;10.0;10.0;10.0;8.0;0
org.apache.jorphan.gui.ComponentUtil;1.0;1.0;1.0;1.0;18.0;0.0;11.0;6.0;1.0;0.0;0.0;3.0;0.0;1.0;0.0;4.0;4.0;0.0;1.0;0.0;3.0;85.0;5.0;48.0;12.0;25.0;32.0;15.0;22.0;8.0;14.0;3.0;3.0;3.0;3.0;1.0;1.0;0.0;0.67;6.0;6.0;6.0;6.0;0
org.apache.jorphan.gui.JLabeledChoice;1.0;1.0;1.0;1.0;10.0;0.0;6.0;3.0;2.0;2.0;0.0;0.0;0.0;18.0;5.0;18.0;18.0;0.0;2.0;0.0;16.0;246.0;26.0;156.0;32.0;69.0;65.0;68.0;99.0;36.0;63.0;2.0;2.0;2.0;1.0;2.0;1.0;72.0;0.42;22.0;22.0;22.0;18.0;0
org.apache.jorphan.gui.JLabeledPasswordField;1.0;1.0;1.0;1.0;6.0;0.0;4.0;2.0;1.0;0.0;0.0;0.0;0.0;3.0;0.0;3.0;19.0;0.0;0.0;1.0;2.0;23.0;3.0;14.0;4.0;3.0;6.0;3.0;7.0;4.0;3.0;1.0;1.0;1.0;1.0;3.0;0.0;0.0;0.43;3.0;3.0;3.0;3.0;0
org.apache.jorphan.gui.JLabeledTextArea;1.0;1.0;1.0;1.0;10.0;0.0;5.0;4.0;3.0;0.0;0.0;0.0;0.0;14.0;4.0;14.0;14.0;0.0;2.0;0.0;12.0;179.0;18.0;87.0;23.0;33.0;74.0;34.0;52.0;22.0;30.0;2.0;2.0;2.0;1.0;2.0;1.0;69.0;0.85;17.0;17.0;17.0;14.0;0
org.apache.jorphan.gui.JLabeledTextField;1.0;1.0;1.0;1.0;9.0;0.0;5.0;3.0;3.0;0.0;1.0;0.0;0.0;16.0;4.0;16.0;16.0;0.0;1.0;2.0;13.0;184.0;19.0;91.0;25.0;32.0;74.0;34.0;53.0;24.0;29.0;2.0;2.0;2.0;1.0;2.0;1.0;71.0;0.81;18.0;18.0;18.0;16.0;0
org.apache.jorphan.gui.layout.VerticalLayout;2.0;2.0;2.0;1.0;15.0;0.0;10.0;4.0;3.0;0.0;0.0;0.0;6.0;11.0;3.0;11.0;11.0;0.0;1.0;0.0;10.0;240.0;19.0;132.0;36.0;66.0;90.0;56.0;80.0;39.0;41.0;8.0;8.0;8.0;1.0;1.0;3.0;80.0;0.68;22.0;22.0;22.0;11.0;0
org.apache.jorphan.io.TextFile;1.0;1.0;1.0;1.0;15.0;0.0;10.0;5.0;1.0;1.0;0.0;0.0;1.0;8.0;1.0;8.0;8.0;0.0;0.0;0.0;8.0;148.0;9.0;88.0;17.0;39.0;51.0;27.0;42.0;17.0;25.0;5.0;5.0;5.0;1.0;2.0;3.0;62.0;0.58;14.0;14.0;14.0;8.0;0
org.apache.jorphan.logging.LoggingManager;1.0;1.0;1.0;1.0;10.0;0.0;8.0;2.0;1.0;1.0;0.0;14.0;8.0;1.0;0.0;15.0;15.0;0.0;4.0;0.0;11.0;206.0;17.0;135.0;35.0;64.0;57.0;49.0;73.0;34.0;39.0;4.0;4.0;4.0;1.0;1.0;2.0;88.0;0.42;23.0;23.0;24.0;15.0;0
org.apache.jorphan.reflect.ClassFinder;3.0;3.0;3.0;1.0;28.0;0.0;20.0;7.0;1.0;1.0;0.0;17.0;1.0;1.0;0.0;18.0;18.0;0.0;16.0;0.0;2.0;540.0;15.0;377.0;79.0;194.0;151.0;145.0;206.0;63.0;143.0;9.0;9.0;9.0;5.0;1.0;4.0;88.0;0.4;62.0;62.0;69.0;27.0;0