DY
290
43
AvgCyclomatic;AvgCyclomaticModified;AvgCyclomaticStrict;AvgEssential;AvgLine;AvgLineBlank;AvgLineCode;AvgLineComment;CountClassBase;CountClassCoupled;CountClassDerived;CountDeclClassMethod;CountDeclClassVariable;CountDeclInstanceMethod;CountDeclInstanceVariable;CountDeclMethod;CountDeclMethodAll;CountDeclMethodDefault;CountDeclMethodPrivate;CountDeclMethodProtected;CountDeclMethodPublic;CountLine;CountLineBlank;CountLineCode;CountLineCodeDecl;CountLineCodeExe;CountLineComment;CountSemicolon;CountStmt;CountStmtDecl;CountStmtExe;MaxCyclomatic;MaxCyclomaticModified;MaxCyclomaticStrict;MaxEssential;MaxInheritanceTree;MaxNesting;PercentLackOfCohesion;RatioCommentToCode;SumCyclomatic;SumCyclomaticModified;SumCyclomaticStrict;SumEssential
org.apache.jmeter.JMeter;5.0;5.0;6.0;1.0;35.0;1.0;30.0;6.0;2.0;39.0;0.0;3.0;30.0;17.0;3.0;20.0;20.0;0.0;14.0;0.0;6.0;952.0;84.0;766.0;186.0;609.0;226.0;405.0;523.0;171.0;352.0;30.0;23.0;30.0;10.0;1.0;6.0;92.0;0.3;119.0;112.0;128.0;31.0;0
org.apache.jmeter.NewDriver;1.0;1.0;2.0;1.0;13.0;0.0;8.0;7.0;1.0;1.0;0.0;5.0;6.0;1.0;9.0;6.0;6.0;0.0;1.0;0.0;5.0;182.0;20.0;115.0;34.0;81.0;77.0;59.0;82.0;34.0;48.0;4.0;4.0;6.0;1.0;1.0;2.0;91.0;0.67;11.0;11.0;14.0;6.0;0
org.apache.jmeter.ProxyAuthenticator;2.0;1.0;2.0;2.0;15.0;0.0;7.0;8.0;1.0;0.0;0.0;0.0;0.0;2.0;2.0;2.0;2.0;0.0;0.0;1.0;1.0;47.0;3.0;20.0;6.0;10.0;24.0;8.0;12.0;5.0;7.0;3.0;2.0;3.0;3.0;2.0;1.0;0.0;1.2;4.0;3.0;4.0;4.0;0
org.apache.jmeter.assertions.AssertionResult;1.0;1.0;1.0;1.0;9.0;0.0;3.0;5.0;2.0;0.0;1.0;0.0;2.0;12.0;4.0;12.0;12.0;0.0;0.0;0.0;12.0;143.0;17.0;52.0;21.0;20.0;76.0;24.0;37.0;19.0;18.0;2.0;2.0;2.0;1.0;1.0;0.0;77.0;1.46;13.0;13.0;13.0;12.0;0
org.apache.jmeter.assertions.DurationAssertion;2.0;2.0;2.0;1.0;15.0;0.0;10.0;6.0;3.0;3.0;0.0;0.0;2.0;2.0;0.0;2.0;66.0;0.0;1.0;0.0;1.0;45.0;4.0;24.0;11.0;16.0;19.0;12.0;17.0;10.0;7.0;3.0;3.0;3.0;1.0;4.0;2.0;75.0;0.79;4.0;4.0;4.0;2.0;0
org.apache.jmeter.assertions.ResponseAssertion;2.0;2.0;2.0;1.0;10.0;0.0;8.0;1.0;3.0;12.0;0.0;2.0;23.0;36.0;0.0;38.0;102.0;0.0;7.0;0.0;31.0;486.0;78.0;343.0;97.0;227.0;81.0;182.0;257.0;94.0;163.0;23.0;23.0;24.0;6.0;4.0;4.0;94.0;0.24;84.0;77.0;87.0;47.0;0
org.apache.jmeter.assertions.SizeAssertion;3.0;2.0;3.0;1.0;19.0;0.0;13.0;7.0;3.0;7.0;0.0;0.0;9.0;6.0;0.0;6.0;70.0;0.0;1.0;0.0;5.0;149.0;17.0;92.0;26.0;71.0;50.0;56.0;69.0;26.0;43.0;8.0;4.0;8.0;3.0;4.0;2.0;81.0;0.54;18.0;13.0;18.0;8.0;0
org.apache.jmeter.assertions.gui.AbstractAssertionGui;1.0;1.0;1.0;1.0;12.0;0.0;3.0;9.0;1.0;1.0;10.0;0.0;1.0;1.0;0.0;1.0;28.0;0.0;0.0;0.0;1.0;25.0;2.0;5.0;3.0;2.0;18.0;2.0;4.0;3.0;1.0;1.0;1.0;1.0;1.0;4.0;0.0;100.0;3.6;1.0;1.0;1.0;1.0;0
org.apache.jmeter.assertions.gui.AssertionGui;2.0;2.0;2.0;1.0;23.0;3.0;16.0;5.0;1.0;13.0;0.0;0.0;2.0;11.0;15.0;11.0;39.0;0.0;5.0;0.0;6.0;377.0;66.0;224.0;49.0;163.0;107.0;153.0;190.0;48.0;142.0;11.0;11.0;11.0;1.0;5.0;2.0;73.0;0.48;30.0;30.0;30.0;11.0;0
org.apache.jmeter.assertions.gui.DurationAssertionGui;1.0;1.0;1.0;1.0;8.0;0.0;6.0;1.0;1.0;5.0;0.0;0.0;1.0;8.0;1.0;8.0;36.0;0.0;1.0;0.0;7.0;89.0;17.0;60.0;21.0;36.0;16.0;34.0;45.0;18.0;27.0;2.0;2.0;2.0;1.0;5.0;1.0;75.0;0.27;10.0;10.0;10.0;8.0;0
org.apache.jmeter.assertions.gui.SizeAssertionGui;1.0;1.0;1.0;1.0;11.0;0.0;9.0;2.0;3.0;4.0;0.0;0.0;1.0;14.0;8.0;14.0;42.0;0.0;3.0;0.0;11.0;192.0;28.0;145.0;36.0;103.0;32.0;89.0;115.0;33.0;82.0;7.0;7.0;7.0;1.0;5.0;3.0;77.0;0.22;25.0;25.0;25.0;14.0;0
org.apache.jmeter.config.Argument;1.0;1.0;1.0;1.0;9.0;0.0;3.0;5.0;2.0;1.0;1.0;0.0;4.0;11.0;0.0;11.0;61.0;0.0;0.0;0.0;11.0;135.0;15.0;50.0;19.0;21.0;73.0;19.0;33.0;16.0;17.0;3.0;3.0;4.0;3.0;2.0;1.0;75.0;1.46;13.0;13.0;14.0;13.0;0
org.apache.jmeter.config.Arguments;1.0;1.0;1.0;1.0;11.0;0.0;5.0;6.0;2.0;5.0;0.0;0.0;2.0;17.0;0.0;17.0;71.0;0.0;0.0;0.0;17.0;229.0;20.0;104.0;35.0;54.0;108.0;41.0;71.0;33.0;38.0;4.0;4.0;4.0;1.0;3.0;2.0;88.0;1.04;29.0;29.0;29.0;17.0;0
org.apache.jmeter.config.ConfigTestElement;1.0;1.0;1.0;1.0;4.0;0.0;3.0;1.0;3.0;0.0;19.0;0.0;3.0;4.0;0.0;4.0;54.0;0.0;0.0;0.0;4.0;31.0;6.0;19.0;9.0;7.0;6.0;6.0;12.0;8.0;4.0;2.0;2.0;2.0;1.0;2.0;1.0;100.0;0.32;5.0;5.0;5.0;4.0;0
org.apache.jmeter.config.ExtensionsFileFilter;1.0;1.0;1.0;1.0;12.0;0.0;6.0;5.0;1.0;0.0;0.0;0.0;0.0;7.0;2.0;7.0;7.0;0.0;1.0;0.0;6.0;121.0;9.0;49.0;12.0;17.0;63.0;13.0;24.0;12.0;12.0;3.0;3.0;3.0;3.0;2.0;1.0;64.0;1.29;10.0;10.0;11.0;9.0;0
org.apache.jmeter.config.LoginConfig;1.0;1.0;1.0;1.0;7.0;0.0;2.0;4.0;2.0;1.0;1.0;0.0;1.0;6.0;0.0;6.0;60.0;0.0;0.0;0.0;6.0;55.0;6.0;22.0;9.0;6.0;28.0;6.0;13.0;8.0;5.0;1.0;1.0;1.0;1.0;3.0;0.0;100.0;1.27;6.0;6.0;6.0;6.0;0
org.apache.jmeter.config.gui.AbstractConfigGui;1.0;1.0;1.0;1.0;13.0;0.0;3.0;10.0;1.0;1.0;20.0;0.0;1.0;2.0;0.0;2.0;23.0;0.0;0.0;0.0;2.0;36.0;2.0;9.0;4.0;3.0;25.0;3.0;6.0;4.0;2.0;1.0;1.0;1.0;1.0;3.0;0.0;100.0;2.78;2.0;2.0;2.0;2.0;0
org.apache.jmeter.config.gui.AbstractModifierGui;1.0;1.0;1.0;1.0;4.0;0.0;4.0;0.0;1.0;1.0;0.0;0.0;0.0;2.0;0.0;2.0;23.0;0.0;0.0;0.0;2.0;13.0;3.0;10.0;3.0;2.0;0.0;2.0;5.0;3.0;2.0;1.0;1.0;1.0;1.0;3.0;0.0;0.0;0.0;2.0;2.0;2.0;2.0;0
org.apache.jmeter.config.gui.AbstractResponseBasedModifierGui;1.0;1.0;1.0;1.0;4.0;0.0;4.0;0.0;1.0;1.0;0.0;0.0;0.0;2.0;0.0;2.0;23.0;0.0;0.0;0.0;2.0;12.0;2.0;10.0;3.0;2.0;0.0;2.0;5.0;3.0;2.0;1.0;1.0;1.0;1.0;3.0;0.0;0.0;0.0;2.0;2.0;2.0;2.0;0
org.apache.jmeter.config.gui.ArgumentsPanel;1.0;1.0;1.0;1.0;12.0;0.0;7.0;4.0;2.0;9.0;1.0;1.0;5.0;26.0;7.0;27.0;50.0;0.0;3.0;12.0;12.0;415.0;55.0;220.0;60.0;136.0;156.0;114.0;160.0;56.0;104.0;5.0;5.0;5.0;1.0;4.0;3.0;87.0;0.71;45.0;45.0;45.0;27.0;0
org.apache.jmeter.config.gui.LoginConfigGui;1.0;1.0;1.0;1.0;10.0;0.0;5.0;4.0;1.0;5.0;0.0;0.0;1.0;10.0;3.0;10.0;33.0;0.0;3.0;0.0;7.0;134.0;16.0;66.0;24.0;41.0;57.0;40.0;52.0;22.0;30.0;2.0;2.0;2.0;1.0;4.0;1.0;75.0;0.86;11.0;11.0;11.0;10.0;0
org.apache.jmeter.control.GenericController;1.0;1.0;1.0;1.0;9.0;0.0;5.0;4.0;3.0;5.0;16.0;0.0;2.0;26.0;6.0;26.0;76.0;0.0;1.0;18.0;7.0;302.0;33.0;151.0;44.0;76.0;122.0;64.0;105.0;42.0;63.0;6.0;6.0;6.0;1.0;2.0;3.0;89.0;0.81;40.0;40.0;41.0;26.0;0
org.apache.jmeter.control.InterleaveControl;1.0;1.0;1.0;1.0;8.0;0.0;5.0;2.0;2.0;3.0;1.0;0.0;4.0;13.0;4.0;13.0;89.0;0.0;0.0;8.0;5.0;148.0;20.0;94.0;31.0;50.0;35.0;43.0;65.0;23.0;42.0;3.0;3.0;4.0;1.0;3.0;1.0;81.0;0.37;21.0;21.0;22.0;13.0;0
org.apache.jmeter.control.LoopController;1.0;1.0;1.0;1.0;5.0;0.0;4.0;1.0;2.0;6.0;0.0;0.0;3.0;15.0;1.0;15.0;91.0;0.0;3.0;5.0;7.0;130.0;19.0;78.0;26.0;38.0;35.0;31.0;52.0;22.0;30.0;3.0;3.0;3.0;1.0;3.0;2.0;83.0;0.45;20.0;20.0;21.0;15.0;0
org.apache.jmeter.control.ModifyController;1.0;1.0;1.0;1.0;11.0;0.0;6.0;4.0;3.0;5.0;0.0;0.0;0.0;5.0;2.0;5.0;81.0;0.0;0.0;1.0;4.0;74.0;5.0;38.0;11.0;11.0;31.0;8.0;18.0;10.0;8.0;5.0;5.0;5.0;1.0;3.0;3.0;80.0;0.82;9.0;9.0;9.0;5.0;0
org.apache.jmeter.control.NoEntryException;1.0;1.0;1.0;1.0;2.0;0.0;2.0;0.0;1.0;0.0;0.0;0.0;0.0;1.0;0.0;1.0;1.0;0.0;0.0;0.0;1.0;3.0;0.0;3.0;2.0;0.0;0.0;0.0;2.0;2.0;0.0;1.0;1.0;1.0;1.0;2.0;0.0;0.0;0.0;1.0;1.0;1.0;1.0;0
org.apache.jmeter.control.OnceOnlyController;1.0;1.0;1.0;1.0;7.0;0.0;4.0;2.0;3.0;4.0;0.0;0.0;1.0;3.0;0.0;3.0;79.0;0.0;0.0;1.0;2.0;32.0;4.0;18.0;7.0;7.0;10.0;5.0;11.0;6.0;5.0;3.0;3.0;3.0;1.0;3.0;1.0;100.0;0.56;5.0;5.0;5.0;3.0;0
org.apache.jmeter.control.RandomController;1.0;1.0;1.0;1.0;6.0;0.0;4.0;2.0;2.0;0.0;0.0;0.0;2.0;3.0;0.0;3.0;92.0;0.0;0.0;2.0;1.0;30.0;5.0;19.0;8.0;8.0;6.0;6.0;11.0;6.0;5.0;2.0;2.0;2.0;1.0;4.0;1.0;66.0;0.32;4.0;4.0;4.0;3.0;0
org.apache.jmeter.control.gui.AbstractControllerGui;1.0;1.0;1.0;1.0;13.0;0.0;3.0;10.0;1.0;1.0;15.0;0.0;1.0;2.0;0.0;2.0;23.0;0.0;0.0;0.0;2.0;35.0;2.0;9.0;4.0;3.0;24.0;3.0;6.0;4.0;2.0;1.0;1.0;1.0;1.0;3.0;0.0;100.0;2.67;2.0;2.0;2.0;2.0;0
org.apache.jmeter.control.gui.InterleaveControlGui;1.0;1.0;1.0;1.0;6.0;0.0;5.0;1.0;1.0;4.0;0.0;0.0;1.0;7.0;1.0;7.0;30.0;0.0;1.0;0.0;6.0;62.0;10.0;44.0;13.0;23.0;10.0;20.0;30.0;11.0;19.0;2.0;2.0;2.0;1.0;4.0;1.0;71.0;0.23;9.0;9.0;9.0;7.0;0
org.apache.jmeter.control.gui.LogicControllerGui;1.0;1.0;1.0;1.0;5.0;0.0;3.0;1.0;1.0;2.0;4.0;0.0;1.0;5.0;0.0;5.0;28.0;0.0;1.0;0.0;4.0;39.0;5.0;22.0;8.0;10.0;13.0;10.0;16.0;8.0;8.0;1.0;1.0;1.0;1.0;4.0;0.0;100.0;0.59;5.0;5.0;5.0;5.0;0
org.apache.jmeter.control.gui.LoopControlPanel;1.0;1.0;1.0;1.0;14.0;0.0;8.0;6.0;2.0;4.0;0.0;0.0;3.0;12.0;3.0;12.0;35.0;0.0;4.0;0.0;8.0;228.0;27.0;109.0;26.0;72.0;102.0;60.0;80.0;24.0;56.0;3.0;3.0;3.0;1.0;4.0;2.0;79.0;0.94;19.0;19.0;19.0;12.0;0
org.apache.jmeter.control.gui.ModifyControllerGui;1.0;1.0;1.0;1.0;12.0;0.0;7.0;4.0;1.0;6.0;0.0;0.0;0.0;8.0;1.0;8.0;31.0;0.0;1.0;0.0;7.0;116.0;12.0;61.0;17.0;33.0;43.0;30.0;39.0;17.0;22.0;1.0;1.0;1.0;1.0;4.0;0.0;100.0;0.7;8.0;8.0;8.0;8.0;0
org.apache.jmeter.control.gui.OnceOnlyControllerGui;1.0;1.0;1.0;1.0;4.0;0.0;3.0;1.0;1.0;3.0;0.0;0.0;1.0;5.0;0.0;5.0;28.0;0.0;1.0;0.0;4.0;32.0;5.0;22.0;8.0;10.0;6.0;10.0;16.0;8.0;8.0;1.0;1.0;1.0;1.0;4.0;0.0;100.0;0.27;5.0;5.0;5.0;5.0;0
org.apache.jmeter.control.gui.RandomControlGui;1.0;1.0;1.0;1.0;6.0;0.0;5.0;1.0;1.0;5.0;0.0;0.0;1.0;7.0;1.0;7.0;30.0;0.0;1.0;0.0;6.0;61.0;9.0;44.0;13.0;23.0;10.0;20.0;30.0;11.0;19.0;2.0;2.0;2.0;1.0;4.0;1.0;71.0;0.23;9.0;9.0;9.0;7.0;0
org.apache.jmeter.control.gui.TestPlanGui;1.0;1.0;1.0;1.0;13.0;0.0;8.0;4.0;1.0;10.0;0.0;0.0;1.0;9.0;4.0;9.0;30.0;0.0;1.0;0.0;8.0;152.0;18.0;87.0;25.0;58.0;54.0;59.0;72.0;23.0;49.0;3.0;3.0;3.0;1.0;3.0;2.0;55.0;0.62;12.0;12.0;12.0;9.0;0
org.apache.jmeter.control.gui.WorkBenchGui;1.0;1.0;1.0;1.0;9.0;0.0;6.0;3.0;1.0;5.0;0.0;0.0;1.0;7.0;0.0;7.0;28.0;0.0;1.0;0.0;6.0;85.0;8.0;46.0;13.0;30.0;33.0;18.0;26.0;12.0;14.0;1.0;1.0;1.0;1.0;3.0;0.0;100.0;0.72;7.0;7.0;7.0;7.0;0
org.apache.jmeter.ejb.jndi.config.JndiConfig;1.0;1.0;1.0;1.0;5.0;0.0;5.0;0.0;2.0;3.0;0.0;0.0;17.0;9.0;1.0;9.0;9.0;0.0;0.0;0.0;9.0;110.0;12.0;91.0;46.0;53.0;7.0;35.0;48.0;30.0;18.0;2.0;2.0;2.0;1.0;2.0;1.0;96.0;0.08;12.0;12.0;12.0;9.0;0
org.apache.jmeter.ejb.jndi.config.LookupConfig;1.0;1.0;1.0;1.0;5.0;0.0;5.0;0.0;2.0;3.0;0.0;0.0;2.0;7.0;0.0;7.0;7.0;0.0;0.0;0.0;7.0;58.0;8.0;43.0;13.0;15.0;7.0;12.0;22.0;12.0;10.0;2.0;2.0;2.0;1.0;2.0;1.0;71.0;0.16;9.0;9.0;9.0;7.0;0
org.apache.jmeter.ejb.jndi.config.MethodConfig;1.0;1.0;1.0;1.0;5.0;0.0;5.0;0.0;2.0;3.0;0.0;0.0;18.0;31.0;4.0;31.0;31.0;0.0;0.0;0.0;31.0;264.0;34.0;203.0;73.0;79.0;27.0;69.0;109.0;63.0;46.0;2.0;2.0;2.0;1.0;2.0;1.0;95.0;0.13;39.0;39.0;39.0;31.0;0
org.apache.jmeter.ejb.jndi.config.MethodConfigUserObject;4.0;4.0;4.0;1.0;19.0;0.0;19.0;0.0;1.0;1.0;0.0;0.0;10.0;4.0;2.0;4.0;4.0;0.0;0.0;0.0;4.0;111.0;6.0;94.0;20.0;50.0;11.0;32.0;49.0;18.0;31.0;13.0;13.0;14.0;1.0;1.0;3.0;68.0;0.12;16.0;16.0;17.0;4.0;0
org.apache.jmeter.ejb.jndi.config.MethodConfigUserObjectException;1.0;1.0;1.0;1.0;4.0;0.0;4.0;0.0;1.0;0.0;0.0;0.0;1.0;1.0;0.0;1.0;1.0;0.0;0.0;0.0;1.0;18.0;1.0;9.0;4.0;3.0;8.0;2.0;4.0;3.0;1.0;1.0;1.0;1.0;1.0;2.0;0.0;100.0;0.89;1.0;1.0;1.0;1.0;0
org.apache.jmeter.ejb.jndi.config.gui.JndiConfigGui;2.0;2.0;2.0;1.0;12.0;0.0;11.0;0.0;3.0;3.0;0.0;0.0;1.0;9.0;4.0;9.0;9.0;0.0;0.0;2.0;7.0;138.0;18.0;111.0;24.0;57.0;9.0;54.0;73.0;26.0;47.0;5.0;5.0;5.0;3.0;2.0;2.0;73.0;0.08;18.0;18.0;18.0;11.0;0
org.apache.jmeter.ejb.jndi.config.gui.LookupConfigGui;1.0;1.0;1.0;1.0;11.0;0.0;9.0;0.0;3.0;3.0;0.0;0.0;1.0;9.0;4.0;9.0;9.0;0.0;0.0;2.0;7.0;126.0;19.0;96.0;27.0;53.0;11.0;48.0;61.0;24.0;37.0;2.0;2.0;2.0;1.0;2.0;1.0;64.0;0.11;12.0;12.0;12.0;9.0;0
org.apache.jmeter.ejb.jndi.config.gui.MethodConfigDialog;1.0;1.0;1.0;1.0;52.0;2.0;48.0;2.0;1.0;1.0;0.0;0.0;1.0;2.0;4.0;2.0;2.0;0.0;0.0;0.0;2.0;124.0;7.0;106.0;16.0;67.0;11.0;42.0;53.0;17.0;36.0;1.0;1.0;1.0;1.0;2.0;0.0;60.0;0.1;2.0;2.0;2.0;2.0;0
org.apache.jmeter.ejb.jndi.config.gui.MethodConfigGui;3.0;3.0;3.0;1.0;35.0;0.0;28.0;6.0;4.0;6.0;0.0;0.0;4.0;22.0;20.0;22.0;22.0;0.0;0.0;13.0;9.0;817.0;0.0;659.0;142.0;412.0;158.0;360.0;445.0;139.0;306.0;17.0;17.0;21.0;1.0;2.0;4.0;85.0;0.24;68.0;68.0;73.0;22.0;0
org.apache.jmeter.ejb.jndi.control.JndiTestSample;1.0;1.0;1.0;1.0;6.0;0.0;5.0;0.0;2.0;7.0;0.0;0.0;2.0;10.0;1.0;10.0;10.0;0.0;0.0;1.0;9.0;89.0;12.0;64.0;18.0;26.0;13.0;26.0;38.0;16.0;22.0;2.0;2.0;2.0;1.0;2.0;1.0;73.0;0.2;11.0;11.0;11.0;10.0;0
org.apache.jmeter.ejb.jndi.control.gui.JndiTestSampleGui;1.0;1.0;1.0;1.0;8.0;1.0;6.0;0.0;2.0;3.0;0.0;0.0;0.0;4.0;3.0;4.0;4.0;0.0;0.0;1.0;3.0;52.0;10.0;33.0;10.0;15.0;9.0;17.0;22.0;10.0;12.0;1.0;1.0;1.0;1.0;2.0;0.0;58.0;0.27;4.0;4.0;4.0;4.0;0
org.apache.jmeter.ejb.jndi.sampler.JNDISampler;11.0;11.0;15.0;1.0;116.0;1.0;89.0;25.0;2.0;3.0;0.0;0.0;3.0;4.0;0.0;4.0;4.0;0.0;0.0;2.0;2.0;483.0;13.0;362.0;73.0;253.0;108.0;201.0;242.0;74.0;168.0;34.0;34.0;50.0;3.0;1.0;5.0;75.0;0.3;44.0;44.0;60.0;6.0;0
org.apache.jmeter.engine.ClientJMeterEngine;2.0;2.0;2.0;1.0;11.0;0.0;10.0;2.0;3.0;11.0;0.0;1.0;2.0;8.0;4.0;9.0;9.0;0.0;1.0;0.0;8.0;130.0;14.0;100.0;26.0;63.0;21.0;50.0;71.0;25.0;46.0;4.0;4.0;4.0;1.0;1.0;3.0;61.0;0.21;18.0;18.0;18.0;9.0;0
org.apache.jmeter.engine.ConvertListeners;3.0;3.0;4.0;2.0;15.0;0.0;12.0;3.0;2.0;12.0;0.0;0.0;1.0;3.0;0.0;3.0;3.0;0.0;0.0;0.0;3.0;59.0;4.0;39.0;11.0;25.0;17.0;15.0;27.0;11.0;16.0;9.0;9.0;10.0;4.0;1.0;4.0;66.0;0.44;11.0;11.0;12.0;6.0;0
org.apache.jmeter.engine.JMeterEngineException;1.0;1.0;1.0;1.0;3.0;0.0;3.0;0.0;2.0;0.0;0.0;0.0;1.0;2.0;0.0;2.0;2.0;0.0;0.0;0.0;2.0;11.0;2.0;9.0;4.0;3.0;0.0;3.0;6.0;4.0;2.0;1.0;1.0;1.0;1.0;2.0;0.0;100.0;0.0;2.0;2.0;2.0;2.0;0
org.apache.jmeter.engine.LagDetector;1.0;1.0;1.0;1.0;8.0;0.0;5.0;3.0;1.0;0.0;0.0;0.0;2.0;5.0;4.0;5.0;5.0;0.0;0.0;0.0;5.0;66.0;10.0;35.0;13.0;17.0;21.0;18.0;26.0;13.0;13.0;3.0;3.0;3.0;1.0;2.0;2.0;66.0;0.6;7.0;7.0;7.0;5.0;0
org.apache.jmeter.engine.PreCompiler;2.0;2.0;2.0;1.0;10.0;0.0;9.0;0.0;2.0;11.0;0.0;0.0;1.0;5.0;2.0;5.0;5.0;0.0;0.0;0.0;5.0;71.0;8.0;52.0;12.0;29.0;13.0;22.0;35.0;12.0;23.0;8.0;8.0;9.0;1.0;1.0;2.0;53.0;0.25;12.0;12.0;13.0;5.0;0
org.apache.jmeter.engine.RemoteJMeterEngineImpl;1.0;1.0;1.0;1.0;8.0;0.0;7.0;1.0;2.0;6.0;0.0;1.0;6.0;8.0;1.0;9.0;9.0;0.0;2.0;0.0;7.0;116.0;15.0;88.0;27.0;55.0;20.0;45.0;62.0;23.0;39.0;7.0;7.0;7.0;1.0;2.0;2.0;74.0;0.23;16.0;16.0;16.0;9.0;0
org.apache.jmeter.engine.StandardJMeterEngine;3.0;3.0;3.0;1.0;14.0;0.0;13.0;1.0;4.0;24.0;0.0;6.0;8.0;21.0;7.0;27.0;27.0;0.0;10.0;0.0;17.0;542.0;60.0;441.0;111.0;296.0;71.0;219.0;322.0;109.0;213.0;16.0;16.0;20.0;5.0;1.0;4.0;90.0;0.16;83.0;83.0;89.0;31.0;0
org.apache.jmeter.engine.TreeCloner;1.0;1.0;1.0;1.0;6.0;0.0;4.0;1.0;2.0;4.0;0.0;0.0;0.0;6.0;3.0;6.0;6.0;0.0;0.0;0.0;6.0;50.0;10.0;30.0;10.0;14.0;11.0;12.0;20.0;10.0;10.0;2.0;2.0;4.0;1.0;1.0;1.0;61.0;0.37;7.0;7.0;9.0;6.0;0
org.apache.jmeter.exceptions.IllegalUserActionException;1.0;1.0;1.0;1.0;4.0;0.0;3.0;1.0;1.0;0.0;0.0;0.0;1.0;2.0;0.0;2.0;2.0;0.0;0.0;0.0;2.0;16.0;2.0;9.0;5.0;3.0;6.0;3.0;6.0;4.0;2.0;1.0;1.0;1.0;1.0;2.0;0.0;100.0;0.67;2.0;2.0;2.0;2.0;0
org.apache.jmeter.functions.AbstractFunction;1.0;1.0;1.0;1.0;12.0;0.0;6.0;5.0;2.0;6.0;29.0;0.0;0.0;8.0;0.0;8.0;8.0;0.0;0.0;4.0;4.0;107.0;8.0;52.0;18.0;28.0;47.0;14.0;23.0;15.0;8.0;3.0;3.0;4.0;1.0;1.0;1.0;0.0;0.9;12.0;12.0;13.0;8.0;0
org.apache.jmeter.functions.CompoundFunction;2.0;2.0;2.0;1.0;15.0;0.0;15.0;0.0;2.0;7.0;0.0;0.0;5.0;16.0;10.0;16.0;16.0;0.0;4.0;0.0;12.0;485.0;32.0;438.0;74.0;265.0;15.0;170.0;226.0;66.0;160.0;16.0;16.0;18.0;1.0;1.0;5.0;88.0;0.03;42.0;42.0;46.0;16.0;0
org.apache.jmeter.functions.InvalidVariableException;1.0;1.0;1.0;1.0;2.0;0.0;2.0;0.0;1.0;0.0;0.0;0.0;1.0;2.0;0.0;2.0;2.0;0.0;0.0;0.0;2.0;10.0;2.0;8.0;4.0;2.0;0.0;2.0;5.0;4.0;1.0;1.0;1.0;1.0;1.0;2.0;0.0;100.0;0.0;2.0;2.0;2.0;2.0;0
org.apache.jmeter.functions.IterationCounter;1.0;1.0;1.0;1.0;10.0;1.0;8.0;1.0;1.0;6.0;0.0;0.0;2.0;6.0;3.0;6.0;14.0;0.0;1.0;0.0;5.0;86.0;19.0;62.0;22.0;33.0;12.0;29.0;41.0;18.0;23.0;4.0;4.0;5.0;1.0;2.0;1.0;73.0;0.19;9.0;9.0;10.0;6.0;0
org.apache.jmeter.functions.RegexFunction;4.0;4.0;4.0;1.0;21.0;1.0;19.0;1.0;1.0;7.0;0.0;0.0;9.0;9.0;2.0;9.0;17.0;0.0;4.0;0.0;5.0;242.0;34.0;197.0;57.0;136.0;34.0;98.0;141.0;52.0;89.0;24.0;24.0;25.0;9.0;2.0;3.0;86.0;0.17;43.0;43.0;44.0;17.0;0
org.apache.jmeter.functions.ThreadNumber;1.0;1.0;1.0;1.0;4.0;0.0;3.0;1.0;1.0;3.0;0.0;0.0;2.0;4.0;0.0;4.0;12.0;0.0;0.0;0.0;4.0;32.0;6.0;19.0;10.0;6.0;9.0;6.0;11.0;7.0;4.0;1.0;1.0;1.0;1.0;2.0;0.0;75.0;0.47;4.0;4.0;4.0;4.0;0
org.apache.jmeter.functions.UnknownFunction;1.0;1.0;1.0;1.0;6.0;0.0;4.0;1.0;2.0;4.0;0.0;0.0;1.0;8.0;2.0;8.0;8.0;0.0;1.0;0.0;7.0;70.0;11.0;38.0;15.0;12.0;21.0;12.0;22.0;13.0;9.0;2.0;2.0;3.0;1.0;1.0;1.0;75.0;0.55;9.0;9.0;10.0;8.0;0
org.apache.jmeter.functions.gui.FunctionHelper;3.0;3.0;3.0;1.0;17.0;0.0;17.0;1.0;3.0;13.0;0.0;0.0;1.0;5.0;5.0;5.0;5.0;0.0;2.0;0.0;3.0;116.0;11.0;104.0;35.0;77.0;9.0;67.0;82.0;34.0;48.0;6.0;6.0;6.0;1.0;2.0;3.0;60.0;0.09;16.0;16.0;16.0;5.0;0
org.apache.jmeter.gui.AbstractJMeterGuiComponent;1.0;1.0;1.0;1.0;11.0;0.0;4.0;6.0;3.0;9.0;16.0;0.0;2.0;21.0;3.0;21.0;21.0;0.0;2.0;7.0;12.0;289.0;27.0;110.0;37.0;57.0;154.0;55.0;80.0;33.0;47.0;2.0;2.0;2.0;1.0;2.0;1.0;86.0;1.4;24.0;24.0;24.0;21.0;0
org.apache.jmeter.gui.GuiFactory;1.0;1.0;1.0;1.0;1.0;0.0;1.0;0.0;1.0;0.0;0.0;0.0;2.0;1.0;0.0;1.0;1.0;0.0;1.0;0.0;0.0;16.0;3.0;6.0;4.0;2.0;7.0;2.0;4.0;4.0;0.0;1.0;1.0;1.0;1.0;1.0;0.0;100.0;1.17;1.0;1.0;1.0;1.0;0
org.apache.jmeter.gui.GuiPackage;1.0;1.0;1.0;1.0;14.0;0.0;7.0;7.0;2.0;16.0;0.0;6.0;2.0;31.0;10.0;37.0;37.0;0.0;2.0;0.0;35.0;619.0;54.0;278.0;70.0;171.0;295.0;140.0;199.0;70.0;129.0;6.0;6.0;6.0;5.0;1.0;3.0;89.0;1.06;60.0;60.0;61.0;41.0;0
org.apache.jmeter.gui.JMeterFileFilter;1.0;1.0;2.0;1.0;14.0;0.0;4.0;8.0;2.0;0.0;0.0;0.0;0.0;5.0;2.0;5.0;5.0;0.0;0.0;0.0;5.0;90.0;8.0;30.0;10.0;11.0;53.0;12.0;21.0;9.0;12.0;4.0;4.0;4.0;4.0;2.0;2.0;50.0;1.77;8.0;8.0;10.0;8.0;0
org.apache.jmeter.gui.JMeterJListModel;1.0;1.0;1.0;1.0;5.0;0.0;5.0;0.0;1.0;0.0;0.0;0.0;0.0;8.0;1.0;8.0;8.0;0.0;0.0;0.0;8.0;61.0;8.0;45.0;10.0;16.0;8.0;15.0;26.0;10.0;16.0;2.0;2.0;3.0;1.0;2.0;1.0;0.0;0.18;10.0;10.0;11.0;8.0;0
org.apache.jmeter.gui.ListDialog;1.0;1.0;1.0;1.0;13.0;0.0;9.0;4.0;3.0;1.0;0.0;0.0;0.0;13.0;8.0;13.0;13.0;0.0;2.0;0.0;11.0;218.0;26.0;128.0;25.0;73.0;64.0;79.0;95.0;26.0;69.0;2.0;2.0;3.0;1.0;2.0;1.0;82.0;0.5;16.0;16.0;18.0;13.0;0
org.apache.jmeter.gui.MainFrame;1.0;1.0;1.0;1.0;13.0;0.0;7.0;5.0;3.0;9.0;0.0;0.0;3.0;29.0;13.0;29.0;29.0;0.0;6.0;0.0;23.0;487.0;64.0;234.0;68.0;142.0;204.0;133.0;181.0;69.0;112.0;5.0;5.0;5.0;5.0;2.0;4.0;90.0;0.87;37.0;37.0;37.0;33.0;0
org.apache.jmeter.gui.NamePanel;1.0;1.0;1.0;1.0;5.0;0.0;4.0;1.0;2.0;4.0;0.0;0.0;1.0;13.0;2.0;13.0;13.0;0.0;1.0;0.0;12.0;101.0;17.0;60.0;20.0;28.0;27.0;28.0;43.0;18.0;25.0;2.0;2.0;2.0;1.0;2.0;1.0;89.0;0.45;14.0;14.0;14.0;13.0;0
org.apache.jmeter.gui.action.AboutCommand;1.0;1.0;1.0;1.0;20.0;0.0;14.0;5.0;2.0;3.0;0.0;0.0;2.0;3.0;1.0;3.0;3.0;1.0;0.0;0.0;2.0;80.0;7.0;51.0;18.0;36.0;22.0;33.0;40.0;18.0;22.0;2.0;2.0;2.0;1.0;1.0;1.0;77.0;0.43;5.0;5.0;5.0;3.0;0
org.apache.jmeter.gui.action.ActionRouter;3.0;3.0;3.0;1.0;16.0;0.0;12.0;3.0;2.0;7.0;0.0;1.0;2.0;14.0;3.0;15.0;15.0;0.0;3.0;2.0;10.0;273.0;20.0;200.0;52.0;126.0;53.0;88.0;139.0;53.0;86.0;10.0;10.0;10.0;4.0;1.0;6.0;77.0;0.27;52.0;52.0;54.0;21.0;0
org.apache.jmeter.gui.action.AddParent;1.0;1.0;1.0;1.0;6.0;0.0;6.0;0.0;2.0;7.0;0.0;0.0;2.0;5.0;0.0;5.0;5.0;0.0;1.0;1.0;3.0;50.0;8.0;39.0;18.0;23.0;3.0;22.0;30.0;18.0;12.0;2.0;2.0;2.0;1.0;1.0;1.0;80.0;0.08;7.0;7.0;7.0;5.0;0
org.apache.jmeter.gui.action.AddToTree;2.0;2.0;2.0;1.0;13.0;0.0;10.0;3.0;2.0;9.0;0.0;0.0;2.0;3.0;1.0;3.0;3.0;0.0;0.0;0.0;3.0;54.0;6.0;40.0;14.0;24.0;10.0;20.0;27.0;13.0;14.0;5.0;5.0;5.0;1.0;1.0;2.0;77.0;0.25;7.0;7.0;7.0;3.0;0
org.apache.jmeter.gui.action.Analyze;1.0;1.0;1.0;1.0;5.0;0.0;5.0;0.0;2.0;4.0;0.0;0.0;1.0;3.0;0.0;3.0;3.0;0.0;0.0;0.0;3.0;26.0;4.0;22.0;8.0;10.0;1.0;7.0;13.0;7.0;6.0;3.0;3.0;3.0;1.0;1.0;2.0;66.0;0.05;5.0;5.0;5.0;3.0;0
org.apache.jmeter.gui.action.ChangeLanguage;2.0;2.0;2.0;1.0;13.0;0.0;9.0;3.0;2.0;4.0;0.0;0.0;2.0;2.0;0.0;2.0;2.0;0.0;0.0;0.0;2.0;40.0;5.0;26.0;9.0;15.0;9.0;12.0;17.0;8.0;9.0;3.0;3.0;3.0;1.0;1.0;1.0;50.0;0.35;4.0;4.0;4.0;2.0;0
org.apache.jmeter.gui.action.CheckDirty;2.0;2.0;2.0;1.0;12.0;0.0;9.0;3.0;3.0;11.0;0.0;0.0;2.0;7.0;4.0;7.0;7.0;0.0;0.0;0.0;7.0;124.0;13.0;85.0;24.0;55.0;26.0;43.0;63.0;22.0;41.0;7.0;7.0;7.0;1.0;2.0;4.0;73.0;0.31;19.0;19.0;19.0;7.0;0
org.apache.jmeter.gui.action.Clear;3.0;3.0;3.0;1.0;11.0;0.0;11.0;0.0;2.0;7.0;0.0;0.0;2.0;3.0;0.0;3.0;3.0;0.0;0.0;0.0;3.0;54.0;5.0;43.0;15.0;28.0;6.0;20.0;30.0;14.0;16.0;7.0;7.0;7.0;1.0;1.0;4.0;66.0;0.14;9.0;9.0;9.0;3.0;0
org.apache.jmeter.gui.action.CreateFunctionDialog;1.0;1.0;1.0;1.0;4.0;0.0;3.0;1.0;1.0;2.0;0.0;0.0;1.0;3.0;1.0;3.0;3.0;0.0;0.0;0.0;3.0;26.0;4.0;19.0;9.0;6.0;3.0;7.0;11.0;6.0;5.0;1.0;1.0;1.0;1.0;2.0;0.0;50.0;0.16;3.0;3.0;3.0;3.0;0
org.apache.jmeter.gui.action.DragNDrop;3.0;3.0;4.0;1.0;14.0;0.0;12.0;1.0;1.0;9.0;0.0;1.0;1.0;3.0;0.0;4.0;4.0;0.0;2.0;0.0;2.0;71.0;6.0;59.0;19.0;37.0;7.0;34.0;49.0;20.0;29.0;9.0;9.0;13.0;1.0;2.0;3.0;75.0;0.12;14.0;14.0;18.0;4.0;0
org.apache.jmeter.gui.action.EditCommand;1.0;1.0;1.0;1.0;6.0;0.0;5.0;1.0;2.0;6.0;0.0;0.0;1.0;3.0;0.0;3.0;3.0;0.0;0.0;0.0;3.0;33.0;4.0;23.0;7.0;12.0;6.0;10.0;15.0;6.0;9.0;2.0;2.0;2.0;1.0;1.0;1.0;66.0;0.26;4.0;4.0;4.0;3.0;0
org.apache.jmeter.gui.action.EnableComponent;2.0;2.0;2.0;1.0;9.0;0.0;6.0;2.0;2.0;6.0;0.0;0.0;2.0;3.0;0.0;3.0;3.0;0.0;1.0;0.0;2.0;43.0;6.0;28.0;9.0;16.0;9.0;15.0;22.0;9.0;13.0;3.0;3.0;3.0;1.0;1.0;1.0;66.0;0.32;6.0;6.0;6.0;3.0;0
org.apache.jmeter.gui.action.ExitCommand;2.0;2.0;2.0;1.0;12.0;0.0;8.0;5.0;2.0;4.0;0.0;0.0;1.0;3.0;0.0;3.0;3.0;0.0;0.0;0.0;3.0;49.0;5.0;30.0;8.0;17.0;16.0;9.0;17.0;6.0;11.0;5.0;5.0;5.0;1.0;1.0;3.0;66.0;0.53;7.0;7.0;7.0;3.0;0
org.apache.jmeter.gui.action.GlobalMouseListener;1.0;1.0;1.0;1.0;3.0;0.0;3.0;0.0;1.0;1.0;0.0;0.0;1.0;1.0;0.0;1.0;1.0;0.0;0.0;0.0;1.0;10.0;1.0;6.0;3.0;2.0;3.0;2.0;4.0;3.0;1.0;1.0;1.0;1.0;1.0;2.0;0.0;0.0;0.5;1.0;1.0;1.0;1.0;0
org.apache.jmeter.gui.action.Help;2.0;2.0;2.0;1.0;14.0;0.0;11.0;3.0;2.0;8.0;0.0;0.0;9.0;3.0;0.0;3.0;3.0;0.0;1.0;0.0;2.0;86.0;13.0;62.0;17.0;43.0;19.0;35.0;44.0;15.0;29.0;3.0;3.0;3.0;1.0;1.0;2.0;70.0;0.31;7.0;7.0;7.0;3.0;0
org.apache.jmeter.gui.action.Load;4.0;4.0;5.0;1.0;22.0;1.0;19.0;2.0;2.0;18.0;1.0;3.0;3.0;3.0;0.0;6.0;6.0;1.0;0.0;0.0;5.0;154.0;15.0;126.0;30.0;89.0;19.0;64.0;90.0;30.0;60.0;11.0;11.0;12.0;5.0;1.0;3.0;83.0;0.15;28.0;28.0;32.0;10.0;0
org.apache.jmeter.gui.action.LookAndFeelCommand;2.0;2.0;2.0;2.0;11.0;0.0;9.0;3.0;2.0;3.0;1.0;2.0;2.0;3.0;1.0;5.0;5.0;0.0;2.0;0.0;3.0;89.0;9.0;65.0;15.0;42.0;20.0;28.0;42.0;14.0;28.0;5.0;5.0;5.0;4.0;1.0;1.0;86.0;0.31;14.0;14.0;14.0;10.0;0
org.apache.jmeter.gui.action.New;1.0;1.0;1.0;1.0;18.0;0.0;13.0;4.0;2.0;7.0;0.0;0.0;1.0;3.0;0.0;3.0;3.0;0.0;0.0;0.0;3.0;75.0;6.0;47.0;9.0;28.0;22.0;11.0;17.0;7.0;10.0;3.0;3.0;3.0;1.0;1.0;2.0;66.0;0.47;5.0;5.0;5.0;3.0;0
org.apache.jmeter.gui.action.RemoteStart;3.0;3.0;3.0;1.0;16.0;0.0;11.0;4.0;1.0;11.0;0.0;0.0;5.0;8.0;1.0;8.0;8.0;0.0;5.0;0.0;3.0;161.0;15.0;113.0;36.0;80.0;38.0;60.0;85.0;33.0;52.0;12.0;12.0;12.0;3.0;2.0;2.0;81.0;0.34;24.0;24.0;24.0;10.0;0
org.apache.jmeter.gui.action.Remove;1.0;1.0;1.0;1.0;9.0;0.0;6.0;2.0;2.0;7.0;0.0;1.0;1.0;3.0;0.0;4.0;4.0;0.0;1.0;0.0;3.0;51.0;6.0;33.0;13.0;18.0;13.0;17.0;24.0;12.0;12.0;2.0;2.0;2.0;1.0;1.0;1.0;75.0;0.39;6.0;6.0;6.0;4.0;0
org.apache.jmeter.gui.action.SSLManagerCommand;2.0;2.0;2.0;1.0;13.0;1.0;8.0;4.0;2.0;4.0;0.0;0.0;1.0;3.0;2.0;3.0;3.0;0.0;1.0;0.0;2.0;101.0;9.0;45.0;15.0;22.0;51.0;18.0;28.0;12.0;16.0;3.0;3.0;3.0;1.0;1.0;2.0;77.0;1.13;6.0;6.0;6.0;3.0;0
org.apache.jmeter.gui.action.Save;4.0;4.0;5.0;2.0;24.0;0.0;20.0;4.0;2.0;14.0;0.0;0.0;3.0;4.0;0.0;4.0;4.0;1.0;0.0;0.0;3.0;121.0;10.0;92.0;21.0;66.0;28.0;40.0;59.0;18.0;41.0;14.0;14.0;16.0;7.0;1.0;3.0;66.0;0.3;18.0;18.0;20.0;10.0;0
org.apache.jmeter.gui.action.Start;2.0;2.0;2.0;1.0;12.0;0.0;10.0;2.0;1.0;13.0;0.0;0.0;2.0;4.0;1.0;4.0;4.0;0.0;1.0;0.0;3.0;70.0;7.0;55.0;14.0;36.0;8.0;27.0;38.0;11.0;27.0;6.0;6.0;6.0;1.0;2.0;2.0;58.0;0.15;10.0;10.0;10.0;4.0;0
org.apache.jmeter.gui.tree.JMeterCellRenderer;3.0;3.0;3.0;1.0;14.0;0.0;13.0;1.0;1.0;1.0;0.0;0.0;1.0;2.0;0.0;2.0;2.0;0.0;0.0;0.0;2.0;37.0;2.0;30.0;8.0;17.0;6.0;10.0;17.0;6.0;11.0;5.0;5.0;5.0;1.0;2.0;3.0;100.0;0.2;6.0;6.0;6.0;2.0;0
org.apache.jmeter.gui.tree.JMeterTreeListener;1.0;1.0;1.0;1.0;8.0;0.0;6.0;1.0;5.0;12.0;0.0;0.0;1.0;28.0;7.0;28.0;28.0;0.0;6.0;0.0;22.0;272.0;37.0;191.0;49.0;105.0;50.0;91.0;143.0;52.0;91.0;5.0;5.0;5.0;3.0;1.0;3.0;87.0;0.26;51.0;51.0;55.0;32.0;0
org.apache.jmeter.gui.tree.JMeterTreeModel;2.0;2.0;2.0;1.0;12.0;0.0;8.0;3.0;1.0;15.0;0.0;0.0;1.0;15.0;0.0;15.0;15.0;0.0;3.0;0.0;12.0;206.0;19.0;135.0;39.0;87.0;55.0;67.0;98.0;37.0;61.0;5.0;5.0;6.0;4.0;2.0;2.0;100.0;0.41;30.0;30.0;32.0;18.0;0
org.apache.jmeter.gui.tree.JMeterTreeNode;1.0;1.0;1.0;1.0;5.0;0.0;5.0;0.0;2.0;9.0;0.0;0.0;2.0;15.0;1.0;15.0;15.0;0.0;0.0;0.0;15.0;114.0;17.0;90.0;26.0;48.0;8.0;36.0;59.0;23.0;36.0;6.0;6.0;6.0;6.0;2.0;5.0;86.0;0.09;22.0;22.0;22.0;20.0;0
org.apache.jmeter.gui.util.ButtonPanel;2.0;1.0;2.0;1.0;23.0;0.0;21.0;3.0;1.0;1.0;0.0;0.0;6.0;3.0;5.0;3.0;3.0;0.0;1.0;0.0;2.0;91.0;9.0;74.0;14.0;64.0;13.0;59.0;64.0;14.0;50.0;6.0;2.0;6.0;1.0;2.0;1.0;54.0;0.18;8.0;4.0;8.0;3.0;0
org.apache.jmeter.gui.util.FileDialoger;2.0;2.0;3.0;1.0;17.0;0.0;10.0;6.0;1.0;2.0;0.0;5.0;2.0;1.0;0.0;6.0;6.0;0.0;2.0;0.0;4.0;119.0;11.0;68.0;17.0;43.0;44.0;33.0;51.0;18.0;33.0;7.0;7.0;7.0;1.0;1.0;2.0;58.0;0.65;17.0;17.0;18.0;6.0;0
org.apache.jmeter.gui.util.FilePanel;1.0;1.0;1.0;1.0;7.0;0.0;5.0;1.0;2.0;2.0;0.0;0.0;2.0;13.0;6.0;13.0;17.0;0.0;2.0;0.0;11.0;130.0;21.0;84.0;24.0;48.0;29.0;43.0;62.0;24.0;38.0;4.0;4.0;6.0;1.0;3.0;2.0;80.0;0.35;18.0;18.0;20.0;13.0;0
org.apache.jmeter.gui.util.FocusRequester;1.0;1.0;1.0;1.0;5.0;0.0;5.0;0.0;2.0;1.0;0.0;0.0;1.0;2.0;1.0;2.0;2.0;0.0;0.0;0.0;2.0;18.0;3.0;15.0;5.0;7.0;1.0;6.0;10.0;5.0;5.0;2.0;2.0;2.0;1.0;1.0;1.0;25.0;0.07;3.0;3.0;3.0;2.0;0
org.apache.jmeter.gui.util.JMeterColor;1.0;1.0;1.0;1.0;3.0;0.0;3.0;0.0;1.0;0.0;0.0;0.0;4.0;2.0;0.0;2.0;2.0;0.0;0.0;0.0;2.0;17.0;5.0;12.0;7.0;6.0;0.0;6.0;9.0;7.0;2.0;1.0;1.0;1.0;1.0;2.0;0.0;100.0;0.0;2.0;2.0;2.0;2.0;0
org.apache.jmeter.gui.util.JMeterMenuBar;2.0;2.0;2.0;1.0;16.0;1.0;11.0;4.0;2.0;10.0;0.0;10.0;2.0;21.0;33.0;31.0;31.0;1.0;15.0;0.0;15.0;634.0;107.0;420.0;108.0;273.0;163.0;274.0;351.0;114.0;237.0;8.0;8.0;9.0;8.0;2.0;3.0;93.0;0.39;74.0;74.0;79.0;38.0;0
org.apache.jmeter.gui.util.MenuFactory;2.0;2.0;2.0;1.0;11.0;0.0;9.0;2.0;1.0;22.0;0.0;38.0;27.0;1.0;1.0;39.0;39.0;11.0;6.0;0.0;22.0;605.0;66.0;450.0;109.0;304.0;130.0;225.0;319.0;103.0;216.0;21.0;21.0;23.0;11.0;1.0;4.0;96.0;0.29;88.0;88.0;91.0;63.0;0
org.apache.jmeter.gui.util.MenuInfo;1.0;1.0;1.0;1.0;4.0;0.0;4.0;0.0;1.0;1.0;0.0;0.0;0.0;4.0;3.0;4.0;4.0;0.0;0.0;0.0;4.0;34.0;7.0;24.0;8.0;10.0;3.0;12.0;18.0;8.0;10.0;2.0;2.0;2.0;1.0;1.0;1.0;25.0;0.12;5.0;5.0;5.0;4.0;0
org.apache.jmeter.gui.util.NumberFieldErrorListener;2.0;2.0;2.0;1.0;10.0;0.0;10.0;1.0;1.0;2.0;0.0;1.0;1.0;1.0;0.0;2.0;2.0;0.0;0.0;0.0;2.0;28.0;3.0;25.0;7.0;16.0;2.0;9.0;15.0;6.0;9.0;4.0;4.0;4.0;1.0;2.0;1.0;50.0;0.08;5.0;5.0;5.0;2.0;0
org.apache.jmeter.gui.util.PowerTableModel;3.0;3.0;3.0;2.0;9.0;0.0;8.0;1.0;1.0;2.0;0.0;0.0;2.0;22.0;2.0;22.0;22.0;0.0;2.0;0.0;20.0;251.0;25.0;201.0;51.0;126.0;25.0;78.0;121.0;46.0;75.0;38.0;38.0;38.0;38.0;2.0;2.0;77.0;0.12;69.0;69.0;69.0;59.0;0
org.apache.jmeter.gui.util.TextAreaCellRenderer;2.0;2.0;2.0;1.0;9.0;0.0;8.0;1.0;2.0;1.0;0.0;0.0;0.0;2.0;1.0;2.0;2.0;0.0;0.0;0.0;2.0;25.0;3.0;20.0;6.0;10.0;2.0;8.0;13.0;4.0;9.0;3.0;3.0;4.0;1.0;1.0;1.0;0.0;0.1;4.0;4.0;5.0;2.0;0
org.apache.jmeter.gui.util.TextAreaTableCellEditor;1.0;1.0;1.0;1.0;9.0;0.0;4.0;4.0;3.0;1.0;0.0;0.0;1.0;11.0;3.0;11.0;11.0;0.0;0.0;0.0;11.0;285.0;36.0;101.0;36.0;42.0;148.0;39.0;66.0;34.0;32.0;1.0;1.0;1.0;1.0;2.0;0.0;65.0;1.47;11.0;11.0;11.0;11.0;0
org.apache.jmeter.junit.JMeterTest;2.0;2.0;3.0;1.0;15.0;0.0;14.0;1.0;1.0;16.0;0.0;9.0;8.0;21.0;4.0;30.0;36.0;0.0;10.0;0.0;20.0;589.0;52.0;450.0;139.0;316.0;111.0;264.0;348.0;140.0;208.0;15.0;15.0;15.0;4.0;3.0;5.0;92.0;0.25;85.0;85.0;93.0;41.0;0
org.apache.jmeter.junit.protocol.http.config.HttpConfigSuite;1.0;1.0;1.0;1.0;4.0;0.0;3.0;1.0;1.0;0.0;0.0;1.0;0.0;1.0;0.0;2.0;2.0;0.0;1.0;0.0;1.0;15.0;1.0;7.0;4.0;2.0;7.0;2.0;5.0;4.0;1.0;1.0;1.0;1.0;1.0;1.0;0.0;0.0;1.0;2.0;2.0;2.0;2.0;0
org.apache.jmeter.junit.protocol.http.parser.HtmlParserTester;1.0;1.0;1.0;1.0;14.0;0.0;13.0;2.0;1.0;10.0;0.0;0.0;0.0;14.0;2.0;14.0;20.0;0.0;2.0;0.0;12.0;231.0;15.0;199.0;77.0;169.0;36.0;155.0;170.0;67.0;103.0;1.0;1.0;2.0;1.0;3.0;0.0;21.0;0.18;14.0;14.0;15.0;14.0;0
org.apache.jmeter.modifiers.CounterConfig;1.0;1.0;1.0;1.0;4.0;0.0;4.0;0.0;4.0;7.0;0.0;0.0;7.0;23.0;2.0;23.0;73.0;0.0;3.0;0.0;20.0;163.0;32.0;117.0;40.0;60.0;20.0;49.0;80.0;40.0;40.0;4.0;4.0;5.0;4.0;2.0;2.0;89.0;0.17;30.0;30.0;33.0;26.0;0
org.apache.jmeter.modifiers.UserParameters;1.0;1.0;1.0;1.0;7.0;0.0;5.0;2.0;4.0;8.0;0.0;0.0;5.0;15.0;1.0;15.0;65.0;0.0;3.0;1.0;11.0;152.0;20.0;86.0;31.0;43.0;55.0;34.0;59.0;29.0;30.0;4.0;4.0;5.0;1.0;2.0;2.0;85.0;0.64;23.0;23.0;24.0;15.0;0
org.apache.jmeter.modifiers.gui.CounterConfigGui;1.0;1.0;1.0;1.0;11.0;0.0;8.0;3.0;1.0;5.0;0.0;0.0;1.0;7.0;6.0;7.0;30.0;0.0;1.0;0.0;6.0;93.0;12.0;69.0;16.0;46.0;24.0;47.0;56.0;14.0;42.0;2.0;2.0;2.0;1.0;4.0;1.0;51.0;0.35;8.0;8.0;8.0;7.0;0
org.apache.jmeter.modifiers.gui.UserParametersGui;1.0;1.0;1.0;1.0;13.0;0.0;11.0;2.0;1.0;15.0;0.0;0.0;5.0;11.0;8.0;11.0;34.0;0.0;4.0;1.0;6.0;292.0;45.0;221.0;63.0;152.0;39.0;127.0;167.0;59.0;108.0;5.0;5.0;5.0;1.0;4.0;2.0;83.0;0.18;17.0;17.0;17.0;11.0;0
org.apache.jmeter.protocol.ftp.config.FtpConfig;1.0;1.0;1.0;1.0;6.0;0.0;5.0;1.0;2.0;1.0;0.0;0.0;0.0;7.0;0.0;7.0;61.0;0.0;0.0;0.0;7.0;52.0;5.0;40.0;8.0;12.0;8.0;7.0;16.0;8.0;8.0;2.0;2.0;5.0;1.0;3.0;1.0;0.0;0.2;8.0;8.0;11.0;7.0;0
org.apache.jmeter.protocol.ftp.config.gui.FtpConfigGui;1.0;1.0;1.0;1.0;11.0;1.0;9.0;1.0;1.0;6.0;0.0;0.0;1.0;14.0;10.0;14.0;37.0;0.0;7.0;0.0;7.0;203.0;45.0;147.0;44.0;104.0;27.0;110.0;127.0;42.0;85.0;2.0;2.0;2.0;1.0;4.0;1.0;75.0;0.18;16.0;16.0;16.0;14.0;0
org.apache.jmeter.protocol.ftp.control.gui.FtpTestSamplerGui;1.0;1.0;1.0;1.0;7.0;0.0;5.0;1.0;1.0;6.0;0.0;0.0;1.0;7.0;2.0;7.0;30.0;0.0;1.0;0.0;6.0;69.0;15.0;46.0;15.0;26.0;10.0;28.0;36.0;13.0;23.0;1.0;1.0;1.0;1.0;4.0;0.0;61.0;0.22;7.0;7.0;7.0;7.0;0
org.apache.jmeter.protocol.ftp.sampler.FTPSampler;2.0;2.0;2.0;1.0;11.0;0.0;11.0;1.0;2.0;4.0;0.0;0.0;10.0;17.0;1.0;17.0;67.0;0.0;1.0;0.0;16.0;253.0;31.0;205.0;50.0;145.0;40.0;109.0;149.0;50.0;99.0;20.0;20.0;21.0;1.0;3.0;7.0;92.0;0.2;41.0;41.0;42.0;17.0;0
org.apache.jmeter.protocol.ftp.sampler.FtpClient;2.0;2.0;2.0;1.0;16.0;0.0;11.0;4.0;1.0;2.0;0.0;3.0;3.0;7.0;4.0;10.0;10.0;0.0;0.0;0.0;10.0;289.0;29.0;185.0;62.0;130.0;75.0;115.0;147.0;62.0;85.0;7.0;7.0;7.0;1.0;1.0;3.0;77.0;0.41;20.0;20.0;20.0;10.0;0
org.apache.jmeter.protocol.http.config.MultipartUrlConfig;1.0;1.0;1.0;1.0;9.0;0.0;7.0;3.0;2.0;5.0;0.0;0.0;1.0;10.0;3.0;10.0;10.0;0.0;2.0;0.0;8.0;141.0;16.0;81.0;34.0;46.0;55.0;42.0;60.0;34.0;26.0;7.0;7.0;9.0;1.0;1.0;4.0;82.0;0.68;17.0;17.0;19.0;10.0;0
org.apache.jmeter.protocol.http.config.gui.HttpDefaultsGui;1.0;1.0;1.0;1.0;7.0;0.0;5.0;1.0;1.0;7.0;0.0;0.0;1.0;8.0;2.0;8.0;31.0;0.0;1.0;0.0;7.0;79.0;14.0;54.0;18.0;30.0;14.0;30.0;40.0;15.0;25.0;2.0;2.0;2.0;1.0;4.0;1.0;66.0;0.26;9.0;9.0;9.0;8.0;0
org.apache.jmeter.protocol.http.config.gui.MultipartUrlConfigGui;1.0;1.0;1.0;1.0;7.0;0.0;5.0;1.0;1.0;3.0;0.0;0.0;1.0;7.0;1.0;7.0;28.0;0.0;2.0;0.0;5.0;71.0;13.0;48.0;15.0;28.0;13.0;28.0;36.0;12.0;24.0;1.0;1.0;1.0;1.0;3.0;0.0;71.0;0.27;7.0;7.0;7.0;7.0;0
org.apache.jmeter.protocol.http.config.gui.UrlConfigGui;1.0;1.0;1.0;1.0;17.0;2.0;13.0;3.0;2.0;15.0;1.0;0.0;1.0;21.0;18.0;21.0;21.0;0.0;9.0;5.0;7.0;435.0;87.0;306.0;80.0;232.0;76.0;232.0;266.0;80.0;186.0;5.0;5.0;5.0;1.0;2.0;2.0;80.0;0.25;33.0;33.0;33.0;21.0;0
org.apache.jmeter.protocol.http.control.AuthManager;1.0;1.0;2.0;1.0;9.0;0.0;7.0;1.0;2.0;9.0;0.0;1.0;10.0;20.0;0.0;21.0;75.0;1.0;0.0;0.0;20.0;248.0;33.0;175.0;64.0;107.0;50.0;84.0;124.0;57.0;67.0;9.0;9.0;14.0;4.0;3.0;4.0;96.0;0.29;40.0;40.0;47.0;27.0;0
org.apache.jmeter.protocol.http.control.Authorization;1.0;1.0;1.0;1.0;3.0;0.0;3.0;0.0;2.0;2.0;0.0;0.0;7.0;16.0;0.0;16.0;66.0;1.0;0.0;0.0;15.0;92.0;23.0;61.0;25.0;26.0;14.0;26.0;43.0;24.0;19.0;1.0;1.0;1.0;1.0;2.0;0.0;90.0;0.23;16.0;16.0;16.0;16.0;0
org.apache.jmeter.protocol.http.control.Cookie;1.0;1.0;1.0;1.0;7.0;0.0;3.0;3.0;2.0;4.0;0.0;0.0;11.0;23.0;0.0;23.0;73.0;0.0;0.0;0.0;23.0;219.0;35.0;100.0;39.0;49.0;92.0;49.0;73.0;36.0;37.0;1.0;1.0;1.0;1.0;2.0;0.0;91.0;0.92;23.0;23.0;23.0;23.0;0
org.apache.jmeter.protocol.http.control.CookieManager;2.0;2.0;2.0;1.0;12.0;0.0;10.0;2.0;3.0;12.0;0.0;0.0;12.0;29.0;2.0;29.0;83.0;0.0;5.0;0.0;24.0;451.0;48.0;326.0;110.0;215.0;102.0;151.0;218.0;100.0;118.0;12.0;12.0;13.0;4.0;3.0;4.0;92.0;0.31;69.0;69.0;76.0;34.0;0
org.apache.jmeter.protocol.http.control.Header;1.0;1.0;1.0;1.0;5.0;0.0;3.0;2.0;2.0;1.0;0.0;0.0;3.0;9.0;0.0;9.0;59.0;0.0;0.0;0.0;9.0;74.0;12.0;36.0;16.0;13.0;29.0;13.0;23.0;13.0;10.0;1.0;1.0;1.0;1.0;2.0;0.0;85.0;0.81;9.0;9.0;9.0;9.0;0
org.apache.jmeter.protocol.http.control.HeaderManager;2.0;2.0;2.0;1.0;10.0;0.0;7.0;3.0;2.0;4.0;0.0;0.0;4.0;18.0;1.0;18.0;72.0;0.0;0.0;0.0;18.0;281.0;31.0;147.0;46.0;86.0;111.0;72.0;109.0;48.0;61.0;8.0;8.0;9.0;4.0;3.0;5.0;91.0;0.76;36.0;36.0;38.0;26.0;0
org.apache.jmeter.protocol.http.control.gui.HttpTestSampleGui;1.0;1.0;1.0;1.0;11.0;0.0;7.0;4.0;1.0;8.0;2.0;0.0;1.0;9.0;5.0;9.0;32.0;0.0;1.0;1.0;7.0;133.0;20.0;80.0;24.0;51.0;43.0;53.0;64.0;21.0;43.0;2.0;2.0;2.0;1.0;4.0;1.0;62.0;0.54;10.0;10.0;10.0;9.0;0
org.apache.jmeter.protocol.http.control.gui.SoapSamplerGui;1.0;1.0;1.0;1.0;14.0;1.0;11.0;3.0;1.0;7.0;0.0;0.0;1.0;8.0;6.0;8.0;31.0;0.0;1.0;0.0;7.0;135.0;18.0;100.0;25.0;72.0;27.0;74.0;85.0;23.0;62.0;2.0;2.0;2.0;1.0;4.0;1.0;57.0;0.27;9.0;9.0;9.0;8.0;0
org.apache.jmeter.protocol.http.gui.AuthPanel;2.0;2.0;2.0;1.0;17.0;1.0;13.0;3.0;2.0;10.0;0.0;0.0;6.0;11.0;6.0;11.0;34.0;0.0;3.0;0.0;8.0;361.0;58.0;255.0;69.0;167.0;61.0;136.0;184.0;60.0;124.0;18.0;18.0;18.0;1.0;4.0;5.0;77.0;0.24;30.0;30.0;30.0;11.0;0
org.apache.jmeter.protocol.http.gui.CookiePanel;2.0;2.0;2.0;1.0;16.0;1.0;13.0;2.0;2.0;14.0;0.0;0.0;8.0;14.0;9.0;14.0;37.0;0.0;6.0;0.0;8.0;309.0;49.0;219.0;70.0;156.0;61.0;122.0;159.0;56.0;103.0;19.0;19.0;19.0;1.0;4.0;5.0;83.0;0.28;36.0;36.0;36.0;14.0;0
org.apache.jmeter.protocol.http.gui.HTTPArgumentsPanel;1.0;1.0;1.0;1.0;7.0;0.0;7.0;1.0;1.0;12.0;0.0;1.0;3.0;7.0;0.0;8.0;58.0;0.0;0.0;4.0;4.0;89.0;11.0;73.0;25.0;46.0;17.0;29.0;41.0;19.0;22.0;3.0;3.0;4.0;1.0;5.0;2.0;83.0;0.23;11.0;11.0;14.0;8.0;0
org.apache.jmeter.protocol.http.gui.HeaderPanel;2.0;2.0;2.0;1.0;16.0;1.0;12.0;2.0;2.0;9.0;0.0;0.0;6.0;11.0;7.0;11.0;34.0;0.0;3.0;0.0;8.0;304.0;55.0;211.0;62.0;130.0;50.0;110.0;156.0;54.0;102.0;18.0;18.0;18.0;1.0;4.0;5.0;76.0;0.24;29.0;29.0;29.0;11.0;0
org.apache.jmeter.protocol.http.modifier.AnchorModifier;5.0;5.0;5.0;2.0;24.0;0.0;24.0;2.0;3.0;15.0;0.0;0.0;3.0;7.0;0.0;7.0;57.0;0.0;4.0;0.0;3.0;188.0;10.0;174.0;50.0;123.0;16.0;93.0;131.0;49.0;82.0;8.0;8.0;10.0;4.0;2.0;3.0;66.0;0.09;37.0;37.0;39.0;14.0;0
org.apache.jmeter.protocol.http.modifier.ParamMask;1.0;1.0;1.0;1.0;10.0;0.0;4.0;5.0;2.0;1.0;0.0;0.0;1.0;17.0;7.0;17.0;67.0;0.0;0.0;0.0;17.0;223.0;29.0;84.0;29.0;46.0;110.0;45.0;64.0;28.0;36.0;2.0;2.0;2.0;1.0;2.0;1.0;88.0;1.31;18.0;18.0;18.0;17.0;0
org.apache.jmeter.protocol.http.modifier.ParamModifier;1.0;1.0;1.0;1.0;7.0;0.0;5.0;2.0;4.0;10.0;0.0;0.0;2.0;9.0;0.0;9.0;59.0;0.0;1.0;0.0;8.0;126.0;15.0;49.0;17.0;24.0;62.0;18.0;33.0;17.0;16.0;4.0;4.0;4.0;4.0;2.0;2.0;88.0;1.27;14.0;14.0;14.0;14.0;0
org.apache.jmeter.protocol.http.modifier.URLRewritingModifier;2.0;2.0;2.0;1.0;11.0;0.0;9.0;2.0;3.0;8.0;0.0;0.0;7.0;13.0;6.0;13.0;63.0;0.0;2.0;0.0;11.0;189.0;35.0;141.0;39.0;90.0;41.0;58.0;89.0;40.0;49.0;16.0;16.0;21.0;10.0;2.0;4.0;86.0;0.29;30.0;30.0;35.0;22.0;0
org.apache.jmeter.protocol.http.modifier.UserParameterModifier;1.0;1.0;1.0;1.0;8.0;0.0;4.0;3.0;4.0;11.0;0.0;0.0;3.0;10.0;1.0;10.0;64.0;0.0;0.0;0.0;10.0;122.0;15.0;54.0;24.0;27.0;55.0;23.0;38.0;23.0;15.0;4.0;4.0;4.0;1.0;3.0;2.0;85.0;1.02;14.0;14.0;14.0;10.0;0
org.apache.jmeter.protocol.http.modifier.UserParameterXMLContentHandler;1.0;1.0;1.0;1.0;4.0;0.0;3.0;0.0;2.0;0.0;0.0;0.0;0.0;12.0;5.0;12.0;12.0;0.0;0.0;0.0;12.0;105.0;23.0;53.0;18.0;21.0;29.0;15.0;34.0;18.0;16.0;5.0;5.0;5.0;1.0;1.0;1.0;81.0;0.55;18.0;18.0;18.0;12.0;0
org.apache.jmeter.protocol.http.modifier.UserParameterXMLErrorHandler;1.0;1.0;1.0;1.0;5.0;0.0;5.0;0.0;2.0;1.0;0.0;0.0;1.0;3.0;0.0;3.0;3.0;0.0;0.0;0.0;3.0;25.0;3.0;18.0;5.0;10.0;4.0;7.0;11.0;5.0;6.0;1.0;1.0;1.0;1.0;1.0;0.0;0.0;0.22;3.0;3.0;3.0;3.0;0
org.apache.jmeter.protocol.http.modifier.UserParameterXMLParser;1.0;1.0;1.0;1.0;29.0;5.0;11.0;14.0;1.0;3.0;0.0;0.0;0.0;1.0;0.0;1.0;1.0;0.0;0.0;0.0;1.0;39.0;6.0;13.0;6.0;9.0;21.0;9.0;11.0;6.0;5.0;1.0;1.0;1.0;1.0;1.0;0.0;0.0;1.62;1.0;1.0;1.0;1.0;0
org.apache.jmeter.protocol.http.modifier.UserSequence;1.0;1.0;1.0;1.0;12.0;1.0;6.0;5.0;2.0;1.0;0.0;0.0;2.0;3.0;2.0;3.0;3.0;0.0;0.0;0.0;3.0;66.0;11.0;25.0;9.0;12.0;30.0;12.0;18.0;9.0;9.0;3.0;3.0;3.0;1.0;1.0;1.0;58.0;1.2;5.0;5.0;5.0;3.0;0
org.apache.jmeter.protocol.http.modifier.gui.AnchorModifierGui;1.0;1.0;1.0;1.0;5.0;0.0;3.0;1.0;1.0;2.0;0.0;0.0;1.0;5.0;0.0;5.0;28.0;0.0;1.0;0.0;4.0;33.0;6.0;22.0;8.0;10.0;6.0;10.0;16.0;8.0;8.0;1.0;1.0;1.0;1.0;4.0;0.0;100.0;0.27;5.0;5.0;5.0;5.0;0
org.apache.jmeter.protocol.http.modifier.gui.ParamModifierGui;1.0;1.0;1.0;1.0;11.0;0.0;8.0;2.0;2.0;5.0;0.0;0.0;8.0;13.0;6.0;13.0;36.0;0.0;5.0;0.0;8.0;200.0;39.0;134.0;41.0;95.0;42.0;92.0;112.0;39.0;73.0;5.0;5.0;5.0;1.0;4.0;1.0;80.0;0.31;19.0;19.0;19.0;13.0;0
org.apache.jmeter.protocol.http.modifier.gui.URLRewritingModifierGui;1.0;1.0;1.0;1.0;11.0;1.0;7.0;3.0;1.0;5.0;0.0;0.0;1.0;7.0;5.0;7.0;30.0;0.0;1.0;0.0;6.0;101.0;22.0;65.0;20.0;42.0;21.0;47.0;55.0;18.0;37.0;1.0;1.0;1.0;1.0;4.0;0.0;52.0;0.32;7.0;7.0;7.0;7.0;0
org.apache.jmeter.protocol.http.modifier.gui.UserParameterModifierGui;1.0;1.0;1.0;1.0;7.0;0.0;5.0;1.0;1.0;3.0;0.0;0.0;1.0;10.0;1.0;10.0;33.0;0.0;2.0;0.0;8.0;103.0;16.0;63.0;23.0;38.0;28.0;39.0;50.0;20.0;30.0;1.0;1.0;1.0;1.0;4.0;0.0;80.0;0.44;10.0;10.0;10.0;10.0;0
org.apache.jmeter.protocol.http.parser.FormElement;1.0;1.0;1.0;1.0;8.0;0.0;3.0;4.0;1.0;0.0;0.0;0.0;0.0;9.0;4.0;9.0;9.0;0.0;0.0;0.0;9.0;98.0;9.0;42.0;14.0;8.0;47.0;12.0;22.0;14.0;8.0;1.0;1.0;1.0;1.0;1.0;0.0;77.0;1.12;9.0;9.0;9.0;9.0;0
org.apache.jmeter.protocol.http.parser.HtmlParser;4.0;4.0;4.0;1.0;35.0;2.0;30.0;3.0;2.0;7.0;0.0;12.0;4.0;1.0;0.0;13.0;13.0;0.0;5.0;0.0;8.0;539.0;50.0;429.0;74.0;242.0;61.0;129.0;189.0;57.0;132.0;16.0;16.0;17.0;9.0;1.0;5.0;82.0;0.14;54.0;54.0;64.0;21.0;0
org.apache.jmeter.protocol.http.proxy.Admin;5.0;5.0;5.0;3.0;42.0;2.0;33.0;7.0;1.0;2.0;0.0;0.0;1.0;2.0;7.0;2.0;2.0;1.0;0.0;0.0;1.0;119.0;12.0;79.0;13.0;44.0;30.0;31.0;41.0;12.0;29.0;8.0;8.0;8.0;5.0;2.0;4.0;31.0;0.38;10.0;10.0;10.0;6.0;0
org.apache.jmeter.protocol.http.proxy.Cache;2.0;2.0;2.0;1.0;20.0;2.0;15.0;2.0;1.0;1.0;0.0;0.0;1.0;10.0;4.0;10.0;10.0;0.0;2.0;0.0;8.0;287.0;43.0;166.0;40.0;89.0;79.0;81.0;104.0;39.0;65.0;6.0;6.0;6.0;4.0;1.0;3.0;62.0;0.48;25.0;25.0;26.0;15.0;0
org.apache.jmeter.protocol.http.proxy.Daemon;2.0;2.0;2.0;1.0;21.0;0.0;10.0;10.0;1.0;4.0;0.0;0.0;2.0;4.0;5.0;4.0;4.0;0.0;0.0;0.0;4.0;125.0;14.0;52.0;17.0;32.0;59.0;30.0;39.0;16.0;23.0;5.0;5.0;5.0;4.0;2.0;4.0;57.0;1.13;8.0;8.0;8.0;7.0;0
org.apache.jmeter.protocol.http.proxy.HttpReplyHdr;1.0;1.0;1.0;1.0;10.0;0.0;4.0;5.0;1.0;0.0;0.0;21.0;3.0;1.0;0.0;22.0;22.0;0.0;3.0;0.0;19.0;272.0;34.0;100.0;30.0;52.0;138.0;49.0;74.0;30.0;44.0;3.0;3.0;3.0;1.0;1.0;1.0;90.0;1.38;24.0;24.0;24.0;22.0;0
org.apache.jmeter.protocol.http.proxy.HttpRequestHdr;4.0;4.0;4.0;1.0;21.0;0.0;16.0;5.0;1.0;18.0;0.0;0.0;11.0;20.0;10.0;20.0;20.0;0.0;13.0;0.0;7.0;558.0;50.0;374.0;88.0;257.0;170.0;181.0;267.0;81.0;186.0;28.0;28.0;31.0;3.0;1.0;4.0;90.0;0.45;81.0;81.0;91.0;22.0;0
org.apache.jmeter.protocol.http.proxy.Proxy;4.0;4.0;5.0;2.0;32.0;0.0;23.0;10.0;1.0;17.0;0.0;0.0;17.0;13.0;9.0;13.0;13.0;1.0;10.0;0.0;2.0;522.0;45.0;349.0;91.0;256.0;166.0;196.0;253.0;84.0;169.0;19.0;19.0;21.0;8.0;2.0;4.0;89.0;0.48;62.0;62.0;71.0;28.0;0
org.apache.jmeter.protocol.http.proxy.ProxyControl;2.0;2.0;2.0;1.0;11.0;0.0;8.0;2.0;1.0;34.0;0.0;0.0;31.0;65.0;10.0;65.0;141.0;2.0;16.0;0.0;47.0;917.0;131.0;603.0;184.0;371.0;219.0;294.0;439.0;185.0;254.0;16.0;16.0;19.0;9.0;3.0;6.0;97.0;0.36;149.0;149.0;164.0;97.0;0
org.apache.jmeter.protocol.http.proxy.gui.ProxyControlGui;1.0;1.0;2.0;1.0;17.0;1.0;14.0;2.0;6.0;20.0;0.0;0.0;14.0;32.0;24.0;32.0;60.0;0.0;18.0;3.0;11.0;730.0;123.0;514.0;122.0;399.0;153.0;380.0;442.0;120.0;322.0;10.0;10.0;10.0;3.0;5.0;3.0;90.0;0.3;63.0;63.0;64.0;34.0;0
org.apache.jmeter.protocol.http.sampler.HTTPSampler;4.0;4.0;5.0;1.0;34.0;2.0;20.0;12.0;2.0;16.0;1.0;0.0;5.0;16.0;2.0;16.0;170.0;0.0;7.0;7.0;2.0;591.0;58.0;351.0;72.0;247.0;214.0;186.0;261.0;72.0;189.0;23.0;23.0;24.0;7.0;4.0;4.0;89.0;0.61;77.0;77.0;84.0;26.0;0
org.apache.jmeter.protocol.http.sampler.HTTPSamplerFull;4.0;4.0;4.0;1.0;47.0;1.0;36.0;10.0;1.0;6.0;0.0;3.0;2.0;6.0;1.0;9.0;9.0;0.0;0.0;7.0;2.0;616.0;30.0;429.0;61.0;269.0;157.0;190.0;241.0;53.0;188.0;13.0;13.0;14.0;7.0;1.0;3.0;55.0;0.37;42.0;42.0;43.0;15.0;0
org.apache.jmeter.protocol.http.sampler.PostWriter;2.0;2.0;3.0;1.0;28.0;1.0;17.0;10.0;1.0;10.0;1.0;0.0;5.0;13.0;3.0;13.0;13.0;0.0;8.0;1.0;4.0;412.0;43.0;237.0;65.0;168.0;151.0;144.0;181.0;62.0;119.0;17.0;17.0;24.0;4.0;1.0;5.0;79.0;0.64;36.0;36.0;46.0;16.0;0
org.apache.jmeter.protocol.http.sampler.SoapSampler;2.0;2.0;2.0;1.0;18.0;2.0;13.0;3.0;2.0;7.0;0.0;0.0;11.0;15.0;0.0;15.0;188.0;0.0;1.0;2.0;12.0;319.0;55.0;223.0;56.0;159.0;68.0;126.0;167.0;62.0;105.0;11.0;11.0;12.0;1.0;5.0;4.0;90.0;0.3;30.0;30.0;32.0;15.0;0
org.apache.jmeter.protocol.http.util.Base64Encoder;1.0;1.0;1.0;1.0;11.0;0.0;10.0;1.0;1.0;0.0;0.0;3.0;2.0;1.0;0.0;4.0;4.0;0.0;1.0;0.0;3.0;63.0;5.0;49.0;20.0;36.0;10.0;33.0;41.0;19.0;22.0;3.0;3.0;3.0;3.0;1.0;1.0;75.0;0.2;7.0;7.0;7.0;6.0;0
org.apache.jmeter.protocol.http.util.HTTPArgument;1.0;1.0;1.0;1.0;8.0;0.0;5.0;3.0;2.0;7.0;0.0;1.0;5.0;16.0;0.0;17.0;78.0;0.0;0.0;0.0;17.0;181.0;23.0;107.0;28.0;60.0;51.0;44.0;72.0;27.0;45.0;3.0;3.0;4.0;1.0;3.0;2.0;91.0;0.48;27.0;27.0;30.0;17.0;0
org.apache.jmeter.protocol.java.config.JavaConfig;1.0;1.0;1.0;1.0;10.0;0.0;3.0;7.0;2.0;4.0;0.0;0.0;1.0;7.0;0.0;7.0;61.0;0.0;0.0;0.0;7.0;93.0;8.0;25.0;10.0;9.0;60.0;9.0;17.0;10.0;7.0;1.0;1.0;1.0;1.0;3.0;0.0;100.0;2.4;7.0;7.0;7.0;7.0;0
org.apache.jmeter.protocol.java.config.gui.JavaConfigGui;1.0;1.0;2.0;1.0;16.0;1.0;9.0;5.0;2.0;14.0;0.0;0.0;2.0;10.0;3.0;10.0;33.0;0.0;3.0;0.0;7.0;196.0;31.0;106.0;34.0;72.0;63.0;58.0;78.0;32.0;46.0;8.0;8.0;9.0;1.0;4.0;6.0;76.0;0.59;19.0;19.0;20.0;10.0;0
org.apache.jmeter.protocol.java.control.gui.JavaTestSamplerGui;1.0;1.0;1.0;1.0;6.0;0.0;4.0;1.0;1.0;4.0;0.0;0.0;1.0;6.0;1.0;6.0;29.0;0.0;1.0;0.0;5.0;59.0;10.0;34.0;12.0;19.0;16.0;19.0;26.0;11.0;15.0;1.0;1.0;1.0;1.0;4.0;0.0;75.0;0.47;6.0;6.0;6.0;6.0;0
org.apache.jmeter.protocol.java.sampler.JavaSampler;1.0;1.0;1.0;1.0;11.0;0.0;6.0;5.0;2.0;10.0;0.0;0.0;5.0;14.0;2.0;14.0;64.0;0.0;3.0;0.0;11.0;252.0;27.0;109.0;32.0;66.0;118.0;54.0;80.0;31.0;49.0;4.0;4.0;4.0;1.0;3.0;3.0;82.0;1.08;21.0;21.0;22.0;14.0;0
org.apache.jmeter.protocol.java.test.SleepTest;1.0;1.0;2.0;1.0;20.0;1.0;8.0;10.0;2.0;3.0;0.0;0.0;3.0;7.0;2.0;7.0;11.0;0.0;2.0;0.0;5.0;197.0;19.0;72.0;23.0;46.0;106.0;40.0;53.0;20.0;33.0;5.0;5.0;6.0;1.0;2.0;2.0;77.0;1.47;13.0;13.0;14.0;7.0;0
org.apache.jmeter.protocol.jdbc.config.DbConfig;1.0;1.0;1.0;1.0;3.0;0.0;3.0;0.0;2.0;1.0;0.0;0.0;0.0;5.0;0.0;5.0;65.0;0.0;0.0;0.0;5.0;26.0;4.0;22.0;6.0;4.0;0.0;4.0;10.0;6.0;4.0;1.0;1.0;1.0;1.0;4.0;0.0;0.0;0.0;5.0;5.0;5.0;5.0;0
org.apache.jmeter.protocol.jdbc.config.PoolConfig;1.0;1.0;1.0;1.0;7.0;0.0;7.0;0.0;2.0;2.0;0.0;0.0;0.0;5.0;0.0;5.0;59.0;0.0;0.0;0.0;5.0;45.0;5.0;40.0;8.0;14.0;0.0;10.0;20.0;8.0;12.0;3.0;3.0;3.0;3.0;3.0;1.0;0.0;0.0;9.0;9.0;9.0;9.0;0
org.apache.jmeter.protocol.jdbc.config.SqlConfig;1.0;1.0;1.0;1.0;3.0;0.0;3.0;0.0;2.0;1.0;0.0;0.0;0.0;3.0;0.0;3.0;57.0;0.0;0.0;0.0;3.0;17.0;3.0;14.0;4.0;2.0;0.0;2.0;6.0;4.0;2.0;1.0;1.0;1.0;1.0;3.0;0.0;0.0;0.0;3.0;3.0;3.0;3.0;0
org.apache.jmeter.protocol.jdbc.config.gui.DbConfigGui;1.0;1.0;1.0;1.0;10.0;1.0;8.0;0.0;1.0;6.0;0.0;0.0;2.0;9.0;4.0;9.0;32.0;0.0;3.0;0.0;6.0;118.0;20.0;89.0;25.0;54.0;9.0;51.0;62.0;24.0;38.0;2.0;2.0;2.0;1.0;4.0;1.0;75.0;0.1;10.0;10.0;10.0;9.0;0
org.apache.jmeter.protocol.jdbc.config.gui.PoolConfigGui;1.0;1.0;1.0;1.0;13.0;0.0;11.0;0.0;2.0;6.0;0.0;0.0;4.0;11.0;3.0;11.0;34.0;0.0;3.0;0.0;8.0;173.0;22.0;140.0;29.0;81.0;11.0;56.0;75.0;27.0;48.0;7.0;7.0;7.0;1.0;4.0;3.0;77.0;0.08;18.0;18.0;18.0;11.0;0
org.apache.jmeter.protocol.jdbc.config.gui.SqlConfigGui;1.0;1.0;1.0;1.0;6.0;0.0;5.0;0.0;1.0;4.0;0.0;0.0;0.0;9.0;2.0;9.0;32.0;0.0;2.0;0.0;7.0;79.0;15.0;54.0;17.0;31.0;10.0;32.0;43.0;17.0;26.0;2.0;2.0;2.0;1.0;4.0;1.0;72.0;0.19;10.0;10.0;10.0;9.0;0
org.apache.jmeter.protocol.jdbc.control.gui.JdbcTestSampleGui;1.0;1.0;1.0;1.0;8.0;1.0;7.0;0.0;1.0;6.0;0.0;0.0;0.0;7.0;3.0;7.0;30.0;0.0;1.0;0.0;6.0;77.0;15.0;55.0;14.0;28.0;7.0;31.0;39.0;14.0;25.0;1.0;1.0;1.0;1.0;4.0;0.0;57.0;0.13;7.0;7.0;7.0;7.0;0
org.apache.jmeter.protocol.jdbc.sampler.JDBCSampler;3.0;3.0;3.0;1.0;16.0;0.0;13.0;2.0;2.0;8.0;0.0;5.0;21.0;21.0;7.0;26.0;76.0;0.0;8.0;0.0;18.0;542.0;59.0;419.0;114.0;305.0;99.0;236.0;323.0;120.0;203.0;15.0;15.0;17.0;1.0;3.0;4.0;94.0;0.24;79.0;79.0;84.0;26.0;0
org.apache.jmeter.protocol.jdbc.util.ConnectionObject;2.0;2.0;2.0;1.0;18.0;0.0;14.0;4.0;2.0;2.0;0.0;0.0;2.0;13.0;8.0;13.0;13.0;0.0;0.0;0.0;13.0;280.0;17.0;199.0;26.0;99.0;64.0;69.0;99.0;26.0;73.0;7.0;7.0;8.0;1.0;1.0;4.0;69.0;0.32;30.0;30.0;31.0;13.0;0
org.apache.jmeter.protocol.jdbc.util.DBConnectionManager;2.0;2.0;2.0;1.0;19.0;0.0;15.0;3.0;1.0;7.0;0.0;1.0;2.0;8.0;1.0;9.0;9.0;0.0;4.0;0.0;5.0;207.0;16.0;149.0;33.0;77.0;42.0;40.0;60.0;23.0;37.0;5.0;5.0;5.0;4.0;1.0;2.0;70.0;0.28;20.0;20.0;20.0;14.0;0
org.apache.jmeter.protocol.jdbc.util.DBKey;2.0;2.0;2.0;2.0;13.0;1.0;11.0;0.0;2.0;0.0;0.0;0.0;0.0;10.0;5.0;10.0;10.0;0.0;1.0;0.0;9.0;160.0;25.0;121.0;23.0;53.0;15.0;42.0;65.0;19.0;46.0;11.0;11.0;11.0;11.0;1.0;2.0;58.0;0.12;24.0;24.0;24.0;20.0;0
org.apache.jmeter.reporters.AbstractListenerElement;1.0;1.0;1.0;1.0;4.0;0.0;4.0;0.0;1.0;1.0;1.0;0.0;1.0;4.0;1.0;4.0;54.0;0.0;0.0;1.0;3.0;31.0;6.0;21.0;9.0;8.0;5.0;8.0;14.0;8.0;6.0;2.0;2.0;2.0;1.0;2.0;1.0;62.0;0.24;5.0;5.0;5.0;4.0;0
org.apache.jmeter.reporters.FileReporter;3.0;3.0;4.0;2.0;23.0;2.0;19.0;1.0;1.0;2.0;0.0;0.0;2.0;3.0;1.0;3.0;3.0;0.0;0.0;0.0;3.0;333.0;53.0;234.0;80.0;181.0;46.0;182.0;220.0;94.0;126.0;9.0;9.0;10.0;6.0;2.0;4.0;55.0;0.2;11.0;11.0;12.0;8.0;0
org.apache.jmeter.reporters.MailerResultCollector;1.0;1.0;1.0;1.0;4.0;0.0;3.0;1.0;2.0;4.0;0.0;0.0;2.0;4.0;0.0;4.0;91.0;0.0;0.0;0.0;4.0;28.0;5.0;21.0;9.0;9.0;5.0;9.0;14.0;7.0;7.0;1.0;1.0;1.0;1.0;4.0;0.0;62.0;0.24;4.0;4.0;4.0;4.0;0
org.apache.jmeter.reporters.ResultCollector;2.0;2.0;2.0;1.0;12.0;0.0;9.0;2.0;7.0;17.0;1.0;5.0;16.0;28.0;4.0;33.0;87.0;0.0;8.0;1.0;24.0;525.0;61.0;360.0;91.0;232.0;133.0;162.0;244.0;86.0;158.0;11.0;11.0;11.0;7.0;3.0;5.0;93.0;0.37;81.0;81.0;89.0;39.0;0
org.apache.jmeter.samplers.AbstractSampler;0.0;0.0;0.0;0.0;0.0;0.0;0.0;0.0;2.0;0.0;21.0;0.0;1.0;0.0;0.0;0.0;50.0;0.0;0.0;0.0;0.0;4.0;1.0;3.0;2.0;1.0;0.0;1.0;2.0;2.0;0.0;0.0;0.0;0.0;0.0;2.0;0.0;0.0;0.0;0.0;0.0;0.0;0.0;0
org.apache.jmeter.samplers.CycleEntry;1.0;1.0;1.0;1.0;3.0;0.0;3.0;0.0;1.0;0.0;0.0;0.0;0.0;1.0;0.0;1.0;10.0;0.0;0.0;0.0;1.0;5.0;0.0;5.0;2.0;0.0;0.0;0.0;2.0;2.0;0.0;1.0;1.0;1.0;1.0;2.0;0.0;0.0;0.0;1.0;1.0;1.0;1.0;0
org.apache.jmeter.samplers.Entry;1.0;1.0;1.0;1.0;4.0;0.0;4.0;0.0;1.0;2.0;1.0;0.0;0.0;9.0;3.0;9.0;9.0;0.0;1.0;0.0;8.0;61.0;12.0;43.0;14.0;17.0;6.0;16.0;29.0;14.0;15.0;3.0;3.0;3.0;1.0;1.0;2.0;70.0;0.14;12.0;12.0;12.0;9.0;0
org.apache.jmeter.samplers.RemoteListenerWrapper;1.0;1.0;1.0;1.0;6.0;0.0;6.0;0.0;5.0;6.0;0.0;0.0;2.0;10.0;2.0;10.0;60.0;0.0;0.0;0.0;10.0;103.0;15.0;70.0;16.0;37.0;20.0;27.0;46.0;15.0;31.0;4.0;4.0;4.0;1.0;2.0;2.0;62.0;0.29;18.0;18.0;18.0;10.0;0
org.apache.jmeter.samplers.RemoteSampleListenerImpl;2.0;2.0;2.0;1.0;7.0;0.0;6.0;1.0;4.0;2.0;0.0;0.0;1.0;10.0;2.0;10.0;10.0;0.0;0.0;0.0;10.0;98.0;13.0;68.0;17.0;31.0;17.0;19.0;42.0;16.0;26.0;3.0;3.0;3.0;1.0;2.0;2.0;66.0;0.25;22.0;22.0;22.0;10.0;0
org.apache.jmeter.samplers.RemoteSampleListenerWrapper;1.0;1.0;1.0;1.0;5.0;0.0;5.0;0.0;4.0;3.0;0.0;0.0;2.0;5.0;1.0;5.0;55.0;0.0;0.0;0.0;5.0;41.0;7.0;31.0;10.0;15.0;6.0;10.0;19.0;9.0;10.0;2.0;2.0;2.0;1.0;2.0;1.0;53.0;0.19;8.0;8.0;8.0;5.0;0
org.apache.jmeter.samplers.RemoteTestListenerWrapper;1.0;1.0;1.0;1.0;6.0;0.0;5.0;1.0;4.0;3.0;0.0;0.0;2.0;7.0;1.0;7.0;57.0;0.0;0.0;0.0;7.0;58.0;10.0;41.0;11.0;21.0;11.0;14.0;26.0;11.0;15.0;2.0;2.0;2.0;1.0;2.0;1.0;47.0;0.27;11.0;11.0;11.0;7.0;0
org.apache.jmeter.samplers.SampleEvent;1.0;1.0;1.0;1.0;6.0;0.0;4.0;2.0;2.0;5.0;0.0;2.0;6.0;9.0;6.0;11.0;11.0;0.0;1.0;0.0;10.0;134.0;23.0;76.0;25.0;39.0;37.0;42.0;58.0;25.0;33.0;2.0;2.0;2.0;1.0;1.0;1.0;81.0;0.49;13.0;13.0;13.0;11.0;0
org.apache.jmeter.samplers.SampleResult;1.0;1.0;1.0;1.0;7.0;0.0;4.0;3.0;2.0;5.0;2.0;5.0;16.0;97.0;34.0;102.0;102.0;0.0;4.0;4.0;94.0;1123.0;152.0;531.0;174.0;281.0;487.0;246.0;378.0;165.0;213.0;6.0;6.0;6.0;3.0;1.0;3.0;96.0;0.92;135.0;135.0;137.0;104.0;0
org.apache.jmeter.samplers.gui.AbstractSamplerGui;1.0;1.0;1.0;1.0;13.0;0.0;3.0;10.0;1.0;1.0;22.0;0.0;1.0;2.0;0.0;2.0;23.0;0.0;0.0;0.0;2.0;35.0;2.0;9.0;4.0;3.0;24.0;3.0;6.0;4.0;2.0;1.0;1.0;1.0;1.0;3.0;0.0;100.0;2.67;2.0;2.0;2.0;2.0;0
org.apache.jmeter.save.SaveService;2.0;2.0;2.0;1.0;12.0;0.0;9.0;4.0;1.0;10.0;0.0;26.0;25.0;0.0;0.0;26.0;26.0;3.0;9.0;0.0;14.0;518.0;50.0;311.0;96.0;209.0;185.0;150.0;209.0;85.0;124.0;15.0;15.0;16.0;5.0;1.0;6.0;94.0;0.59;59.0;59.0;62.0;32.0;0
org.apache.jmeter.save.old.BadHandlerException;1.0;1.0;1.0;1.0;3.0;0.0;3.0;0.0;1.0;0.0;0.0;0.0;0.0;3.0;1.0;3.0;3.0;0.0;0.0;0.0;3.0;25.0;3.0;14.0;5.0;2.0;8.0;3.0;7.0;5.0;2.0;1.0;1.0;1.0;1.0;2.0;0.0;33.0;0.57;3.0;3.0;3.0;3.0;0
org.apache.jmeter.save.old.JMeterNameSpaceHandler;2.0;2.0;2.0;1.0;9.0;1.0;8.0;0.0;2.0;4.0;0.0;0.0;2.0;2.0;4.0;2.0;2.0;0.0;0.0;0.0;2.0;53.0;4.0;41.0;14.0;27.0;8.0;16.0;23.0;10.0;13.0;3.0;3.0;3.0;1.0;1.0;1.0;83.0;0.2;4.0;4.0;4.0;2.0;0
org.apache.jmeter.save.old.handlers.AbstractConfigElementHandler;1.0;1.0;1.0;1.0;15.0;2.0;5.0;7.0;1.0;4.0;1.0;0.0;0.0;9.0;2.0;9.0;30.0;0.0;0.0;1.0;8.0;180.0;53.0;54.0;13.0;18.0;73.0;18.0;30.0;13.0;17.0;2.0;2.0;3.0;1.0;2.0;1.0;61.0;1.35;11.0;11.0;12.0;9.0;0
org.apache.jmeter.save.old.handlers.ArgumentsHandler;1.0;1.0;1.0;1.0;6.0;0.0;6.0;0.0;1.0;6.0;0.0;0.0;0.0;8.0;2.0;8.0;29.0;0.0;1.0;0.0;7.0;75.0;9.0;58.0;13.0;22.0;8.0;20.0;32.0;13.0;19.0;2.0;2.0;2.0;1.0;2.0;1.0;68.0;0.14;11.0;11.0;11.0;8.0;0
org.apache.jmeter.save.old.handlers.AssertionHandler;1.0;1.0;1.0;1.0;7.0;0.0;6.0;1.0;2.0;5.0;0.0;0.0;1.0;7.0;1.0;7.0;28.0;0.0;1.0;0.0;6.0;74.0;7.0;52.0;12.0;29.0;15.0;27.0;36.0;11.0;25.0;2.0;2.0;2.0;1.0;2.0;1.0;71.0;0.29;8.0;8.0;8.0;7.0;0
org.apache.jmeter.save.old.handlers.AuthManagerHandler;1.0;1.0;1.0;1.0;5.0;0.0;5.0;0.0;1.0;8.0;0.0;0.0;0.0;6.0;3.0;6.0;27.0;0.0;0.0;0.0;6.0;53.0;5.0;40.0;13.0;15.0;8.0;17.0;25.0;13.0;12.0;2.0;2.0;2.0;1.0;2.0;1.0;83.0;0.2;7.0;7.0;7.0;6.0;0
org.apache.jmeter.save.old.handlers.CookieManagerHandler;1.0;1.0;1.0;1.0;6.0;0.0;6.0;0.0;1.0;7.0;0.0;0.0;0.0;6.0;1.0;6.0;27.0;0.0;0.0;0.0;6.0;54.0;7.0;39.0;11.0;16.0;8.0;15.0;23.0;11.0;12.0;2.0;2.0;2.0;1.0;2.0;1.0;50.0;0.21;7.0;7.0;7.0;6.0;0
org.apache.jmeter.save.old.handlers.FilerHandler;1.0;1.0;1.0;1.0;4.0;0.0;4.0;0.0;1.0;4.0;0.0;0.0;0.0;5.0;1.0;5.0;26.0;0.0;0.0;0.0;5.0;39.0;6.0;25.0;7.0;6.0;8.0;7.0;13.0;7.0;6.0;1.0;1.0;1.0;1.0;2.0;0.0;60.0;0.32;5.0;5.0;5.0;5.0;0
org.apache.jmeter.save.old.handlers.FtpTestHandler;1.0;1.0;1.0;1.0;7.0;0.0;5.0;2.0;1.0;7.0;0.0;0.0;0.0;10.0;1.0;10.0;31.0;0.0;0.0;3.0;7.0;103.0;11.0;54.0;16.0;16.0;38.0;15.0;28.0;14.0;14.0;2.0;2.0;2.0;1.0;2.0;1.0;60.0;0.7;12.0;12.0;12.0;10.0;0
org.apache.jmeter.save.old.handlers.GenericControllerHandler;1.0;1.0;1.0;1.0;12.0;0.0;6.0;6.0;1.0;6.0;1.0;0.0;0.0;8.0;1.0;8.0;29.0;0.0;0.0;3.0;5.0;123.0;12.0;54.0;12.0;20.0;57.0;18.0;29.0;12.0;17.0;3.0;3.0;3.0;1.0;2.0;1.0;75.0;1.06;10.0;10.0;10.0;8.0;0
org.apache.jmeter.save.old.handlers.HeaderManagerHandler;1.0;1.0;1.0;1.0;6.0;0.0;6.0;0.0;1.0;7.0;0.0;0.0;0.0;6.0;1.0;6.0;27.0;0.0;0.0;0.0;6.0;56.0;7.0;41.0;12.0;18.0;8.0;16.0;24.0;12.0;12.0;2.0;2.0;2.0;1.0;2.0;1.0;50.0;0.2;7.0;7.0;7.0;6.0;0
org.apache.jmeter.save.old.handlers.HttpTestSampleHandler;1.0;1.0;1.0;1.0;11.0;0.0;5.0;5.0;1.0;8.0;0.0;0.0;0.0;8.0;1.0;8.0;29.0;0.0;0.0;2.0;6.0;108.0;9.0;47.0;12.0;12.0;52.0;10.0;21.0;11.0;10.0;3.0;3.0;3.0;1.0;2.0;2.0;62.0;1.11;11.0;11.0;11.0;8.0;0
org.apache.jmeter.save.old.handlers.JMeterComponentHandler;1.0;1.0;1.0;1.0;5.0;0.0;5.0;0.0;1.0;4.0;0.0;0.0;0.0;5.0;1.0;5.0;26.0;0.0;0.0;0.0;5.0;42.0;5.0;29.0;8.0;11.0;8.0;12.0;18.0;8.0;10.0;1.0;1.0;1.0;1.0;2.0;0.0;60.0;0.28;5.0;5.0;5.0;5.0;0
org.apache.jmeter.save.old.handlers.JMeterHandler;2.0;2.0;3.0;1.0;17.0;0.0;12.0;4.0;1.0;6.0;0.0;11.0;5.0;1.0;0.0;12.0;12.0;0.0;0.0;0.0;12.0;299.0;19.0;215.0;30.0;141.0;65.0;98.0;124.0;29.0;95.0;19.0;9.0;24.0;4.0;1.0;3.0;91.0;0.3;35.0;25.0;40.0;15.0;0
org.apache.jmeter.save.old.handlers.JdbcTestSampleHandler;1.0;1.0;1.0;1.0;10.0;0.0;5.0;5.0;1.0;6.0;0.0;0.0;1.0;15.0;1.0;15.0;36.0;0.0;3.0;4.0;8.0;191.0;17.0;92.0;25.0;27.0;82.0;20.0;43.0;22.0;21.0;4.0;4.0;4.0;1.0;2.0;1.0;76.0;0.89;22.0;22.0;22.0;15.0;0
org.apache.jmeter.save.old.handlers.LoopControlHandler;1.0;1.0;1.0;1.0;11.0;0.0;6.0;4.0;1.0;6.0;0.0;0.0;0.0;5.0;0.0;5.0;34.0;0.0;0.0;1.0;4.0;63.0;5.0;35.0;7.0;17.0;23.0;17.0;23.0;7.0;16.0;1.0;1.0;1.0;1.0;3.0;0.0;0.0;0.66;5.0;5.0;5.0;5.0;0
org.apache.jmeter.save.old.handlers.ParamMaskHandler;1.0;1.0;1.0;1.0;9.0;0.0;5.0;3.0;1.0;5.0;0.0;0.0;0.0;7.0;1.0;7.0;28.0;0.0;0.0;0.0;7.0;74.0;9.0;41.0;10.0;25.0;24.0;26.0;34.0;10.0;24.0;1.0;1.0;1.0;1.0;2.0;0.0;57.0;0.59;7.0;7.0;7.0;7.0;0
org.apache.jmeter.save.old.handlers.ProxyControlHandler;2.0;2.0;2.0;1.0;17.0;0.0;12.0;4.0;1.0;8.0;0.0;0.0;0.0;5.0;0.0;5.0;35.0;0.0;1.0;0.0;4.0;97.0;10.0;63.0;19.0;39.0;24.0;37.0;48.0;22.0;26.0;7.0;7.0;7.0;1.0;3.0;4.0;0.0;0.38;13.0;13.0;13.0;5.0;0
org.apache.jmeter.save.old.handlers.TestPlanHandler;1.0;1.0;1.0;1.0;9.0;0.0;3.0;6.0;1.0;2.0;0.0;0.0;0.0;5.0;0.0;5.0;26.0;0.0;0.0;0.0;5.0;56.0;5.0;20.0;6.0;2.0;31.0;2.0;8.0;6.0;2.0;1.0;1.0;1.0;1.0;2.0;0.0;0.0;1.55;5.0;5.0;5.0;5.0;0
org.apache.jmeter.save.old.handlers.ThreadGroupHandler;1.0;1.0;1.0;1.0;16.0;0.0;8.0;7.0;1.0;7.0;0.0;0.0;0.0;6.0;1.0;6.0;27.0;0.0;0.0;0.0;6.0;116.0;11.0;52.0;9.0;17.0;53.0;12.0;23.0;9.0;14.0;3.0;3.0;3.0;1.0;2.0;2.0;50.0;1.02;10.0;10.0;10.0;6.0;0
org.apache.jmeter.save.old.handlers.TimerHandler;1.0;1.0;1.0;1.0;8.0;0.0;8.0;0.0;1.0;5.0;0.0;0.0;0.0;7.0;1.0;7.0;28.0;0.0;0.0;0.0;7.0;77.0;6.0;63.0;10.0;29.0;8.0;25.0;36.0;10.0;26.0;2.0;2.0;2.0;1.0;2.0;1.0;42.0;0.13;10.0;10.0;10.0;7.0;0
org.apache.jmeter.save.old.xml.NoCurrentHandlerException;1.0;1.0;1.0;1.0;3.0;0.0;3.0;0.0;1.0;0.0;0.0;0.0;0.0;1.0;0.0;1.0;1.0;0.0;0.0;0.0;1.0;6.0;1.0;5.0;2.0;0.0;0.0;0.0;2.0;2.0;0.0;1.0;1.0;1.0;1.0;2.0;0.0;0.0;0.0;1.0;1.0;1.0;1.0;0
org.apache.jmeter.save.old.xml.TagHandler;1.0;1.0;1.0;1.0;8.0;0.0;8.0;0.0;2.0;1.0;16.0;0.0;1.0;21.0;5.0;21.0;21.0;0.0;1.0;8.0;12.0;222.0;23.0;181.0;37.0;71.0;18.0;53.0;83.0;37.0;46.0;5.0;5.0;5.0;1.0;1.0;3.0;87.0;0.1;38.0;38.0;38.0;21.0;0
org.apache.jmeter.save.old.xml.XmlHandler;2.0;2.0;2.0;1.0;18.0;0.0;12.0;5.0;1.0;5.0;0.0;0.0;1.0;15.0;5.0;15.0;15.0;0.0;4.0;2.0;9.0;305.0;17.0;203.0;39.0;97.0;85.0;65.0;100.0;38.0;62.0;5.0;5.0;5.0;3.0;2.0;2.0;77.0;0.42;34.0;34.0;36.0;17.0;0
org.apache.jmeter.swing.HtmlPane;1.0;1.0;1.0;1.0;8.0;0.0;8.0;0.0;1.0;1.0;0.0;0.0;2.0;2.0;0.0;2.0;2.0;0.0;0.0;0.0;2.0;27.0;3.0;21.0;7.0;11.0;3.0;7.0;13.0;7.0;6.0;1.0;1.0;1.0;1.0;2.0;0.0;100.0;0.14;2.0;2.0;2.0;2.0;0
org.apache.jmeter.testelement.AbstractTestElement;1.0;1.0;1.0;1.0;7.0;0.0;5.0;2.0;3.0;15.0;50.0;0.0;2.0;50.0;5.0;50.0;50.0;0.0;0.0;8.0;42.0;471.0;60.0;292.0;82.0;153.0;121.0;107.0;192.0;78.0;114.0;4.0;4.0;5.0;3.0;1.0;2.0;94.0;0.41;89.0;89.0;92.0;52.0;0
org.apache.jmeter.testelement.TestPlan;1.0;1.0;1.0;1.0;6.0;0.0;4.0;1.0;3.0;10.0;0.0;1.0;9.0;27.0;1.0;28.0;78.0;0.0;2.0;0.0;26.0;287.0;49.0;131.0;45.0;61.0;112.0;55.0;92.0;45.0;47.0;4.0;4.0;5.0;1.0;2.0;2.0;93.0;0.85;36.0;36.0;38.0;28.0;0
org.apache.jmeter.testelement.VariablesCollection;1.0;1.0;1.0;1.0;3.0;0.0;3.0;0.0;2.0;1.0;0.0;0.0;1.0;2.0;1.0;2.0;2.0;0.0;0.0;0.0;2.0;18.0;5.0;10.0;5.0;4.0;3.0;4.0;7.0;5.0;2.0;1.0;1.0;1.0;1.0;1.0;0.0;50.0;0.3;2.0;2.0;2.0;2.0;0
org.apache.jmeter.testelement.WorkBench;1.0;1.0;1.0;1.0;4.0;0.0;2.0;1.0;1.0;0.0;0.0;0.0;1.0;2.0;0.0;2.0;52.0;0.0;0.0;0.0;2.0;14.0;3.0;8.0;4.0;2.0;3.0;2.0;5.0;4.0;1.0;1.0;1.0;1.0;1.0;2.0;0.0;100.0;0.38;2.0;2.0;2.0;2.0;0
org.apache.jmeter.threads.JMeterThread;2.0;2.0;3.0;1.0;15.0;0.0;11.0;3.0;3.0;38.0;0.0;0.0;5.0;39.0;21.0;39.0;39.0;0.0;18.0;0.0;21.0;757.0;82.0;526.0;130.0;338.0;179.0;267.0;378.0;125.0;253.0;18.0;18.0;24.0;5.0;1.0;6.0;91.0;0.34;110.0;110.0;123.0;45.0;0
org.apache.jmeter.threads.JMeterVariables;1.0;1.0;1.0;1.0;3.0;0.0;3.0;0.0;1.0;1.0;0.0;0.0;1.0;15.0;2.0;15.0;15.0;0.0;1.0;0.0;14.0;89.0;17.0;61.0;26.0;26.0;15.0;23.0;41.0;22.0;19.0;3.0;3.0;3.0;1.0;1.0;2.0;68.0;0.25;17.0;17.0;17.0;15.0;0
org.apache.jmeter.threads.ListenerNotifier;3.0;3.0;3.0;1.0;23.0;0.0;13.0;10.0;1.0;5.0;0.0;0.0;1.0;1.0;0.0;1.0;1.0;0.0;0.0;0.0;1.0;215.0;3.0;17.0;6.0;10.0;196.0;7.0;11.0;5.0;6.0;3.0;3.0;3.0;1.0;1.0;2.0;0.0;11.53;3.0;3.0;3.0;1.0;0
org.apache.jmeter.threads.ReflectionThreadGroup;0.0;0.0;0.0;0.0;0.0;0.0;0.0;0.0;1.0;0.0;0.0;0.0;0.0;0.0;0.0;0.0;82.0;0.0;0.0;0.0;0.0;15.0;1.0;2.0;1.0;0.0;12.0;0.0;1.0;1.0;0.0;0.0;0.0;0.0;0.0;4.0;0.0;0.0;6.0;0.0;0.0;0.0;0.0;0
org.apache.jmeter.threads.SamplePackage;1.0;1.0;1.0;1.0;6.0;0.0;4.0;2.0;1.0;8.0;0.0;0.0;1.0;29.0;10.0;29.0;29.0;0.0;2.0;0.0;27.0;249.0;39.0;142.0;54.0;65.0;68.0;68.0;100.0;43.0;57.0;2.0;2.0;2.0;1.0;1.0;1.0;83.0;0.48;31.0;31.0;31.0;29.0;0
org.apache.jmeter.threads.TestCompiler;2.0;2.0;2.0;1.0;12.0;0.0;11.0;1.0;2.0;19.0;0.0;1.0;2.0;12.0;4.0;13.0;13.0;0.0;5.0;0.0;8.0;232.0;26.0;187.0;68.0;116.0;21.0;94.0;139.0;64.0;75.0;9.0;9.0;9.0;5.0;1.0;3.0;80.0;0.11;35.0;35.0;35.0;17.0;0
org.apache.jmeter.threads.ThreadGroup;1.0;1.0;1.0;1.0;9.0;0.0;4.0;5.0;1.0;4.0;1.0;0.0;7.0;15.0;0.0;15.0;82.0;0.0;1.0;0.0;14.0;189.0;25.0;75.0;28.0;37.0;92.0;31.0;51.0;27.0;24.0;5.0;5.0;5.0;1.0;3.0;3.0;88.0;1.23;19.0;19.0;19.0;15.0;0
org.apache.jmeter.threads.gui.ThreadGroupGui;1.0;1.0;1.0;1.0;13.0;1.0;10.0;3.0;2.0;12.0;0.0;0.0;3.0;14.0;9.0;14.0;47.0;0.0;7.0;0.0;7.0;237.0;39.0;165.0;47.0;119.0;49.0;118.0;138.0;45.0;93.0;3.0;3.0;3.0;1.0;4.0;2.0;77.0;0.3;19.0;19.0;19.0;14.0;0
org.apache.jmeter.timers.ConstantTimer;1.0;1.0;1.0;1.0;7.0;0.0;2.0;4.0;4.0;2.0;1.0;0.0;2.0;8.0;1.0;8.0;58.0;0.0;0.0;0.0;8.0;81.0;12.0;28.0;13.0;9.0;43.0;9.0;18.0;12.0;6.0;1.0;1.0;1.0;1.0;2.0;0.0;79.0;1.54;8.0;8.0;8.0;8.0;0
org.apache.jmeter.timers.GaussianRandomTimer;1.0;1.0;1.0;1.0;3.0;0.0;3.0;0.0;2.0;1.0;0.0;0.0;1.0;2.0;0.0;2.0;64.0;0.0;0.0;0.0;2.0;19.0;2.0;11.0;6.0;3.0;7.0;3.0;6.0;4.0;2.0;1.0;1.0;1.0;1.0;4.0;0.0;100.0;0.64;2.0;2.0;2.0;2.0;0
org.apache.jmeter.timers.RandomTimer;1.0;1.0;1.0;1.0;5.0;0.0;3.0;2.0;3.0;2.0;2.0;0.0;2.0;4.0;1.0;4.0;62.0;0.0;0.0;0.0;4.0;43.0;7.0;19.0;10.0;6.0;17.0;7.0;12.0;8.0;4.0;1.0;1.0;1.0;1.0;3.0;0.0;66.0;0.89;4.0;4.0;4.0;4.0;0
org.apache.jmeter.timers.UniformRandomTimer;1.0;1.0;1.0;1.0;3.0;0.0;3.0;0.0;2.0;1.0;0.0;0.0;1.0;2.0;0.0;2.0;64.0;0.0;0.0;0.0;2.0;20.0;3.0;11.0;6.0;3.0;7.0;3.0;6.0;4.0;2.0;1.0;1.0;1.0;1.0;4.0;0.0;100.0;0.64;2.0;2.0;2.0;2.0;0
org.apache.jmeter.timers.gui.AbstractTimerGui;1.0;1.0;1.0;1.0;13.0;0.0;3.0;10.0;1.0;1.0;4.0;0.0;1.0;2.0;0.0;2.0;23.0;0.0;0.0;0.0;2.0;35.0;2.0;8.0;4.0;3.0;25.0;3.0;6.0;4.0;2.0;1.0;1.0;1.0;1.0;3.0;0.0;100.0;3.12;2.0;2.0;2.0;2.0;0
org.apache.jmeter.timers.gui.ConstantTimerGui;1.0;1.0;1.0;1.0;9.0;0.0;4.0;4.0;1.0;4.0;0.0;1.0;3.0;7.0;1.0;8.0;31.0;0.0;1.0;0.0;7.0;100.0;14.0;47.0;18.0;26.0;41.0;27.0;36.0;16.0;20.0;1.0;1.0;1.0;1.0;4.0;0.0;78.0;0.87;8.0;8.0;8.0;8.0;0
org.apache.jmeter.timers.gui.GaussianRandomTimerGui;1.0;1.0;1.0;1.0;12.0;1.0;7.0;4.0;1.0;7.0;0.0;1.0;5.0;7.0;2.0;8.0;31.0;0.0;1.0;0.0;7.0;132.0;24.0;69.0;22.0;47.0;45.0;47.0;56.0;20.0;36.0;1.0;1.0;1.0;1.0;4.0;0.0;75.0;0.65;8.0;8.0;8.0;8.0;0
org.apache.jmeter.timers.gui.UniformRandomTimerGui;1.0;1.0;1.0;1.0;12.0;1.0;7.0;5.0;1.0;7.0;0.0;1.0;5.0;7.0;2.0;8.0;31.0;0.0;1.0;0.0;7.0;133.0;25.0;67.0;22.0;45.0;47.0;46.0;55.0;20.0;35.0;1.0;1.0;1.0;1.0;4.0;0.0;75.0;0.7;8.0;8.0;8.0;8.0;0
org.apache.jmeter.util.ColorHelper;2.0;2.0;2.0;1.0;17.0;0.0;10.0;7.0;1.0;0.0;0.0;1.0;0.0;1.0;0.0;2.0;2.0;0.0;1.0;0.0;1.0;42.0;1.0;22.0;8.0;15.0;19.0;12.0;18.0;8.0;10.0;4.0;4.0;4.0;1.0;1.0;1.0;0.0;0.86;5.0;5.0;5.0;2.0;0
org.apache.jmeter.util.JMeterUtils;2.0;2.0;2.0;1.0;16.0;0.0;9.0;7.0;2.0;7.0;0.0;61.0;17.0;1.0;0.0;62.0;62.0;0.0;3.0;0.0;59.0;1142.0;84.0;607.0;154.0;399.0;507.0;284.0;417.0;150.0;267.0;9.0;9.0;9.0;7.0;1.0;4.0;95.0;0.84;140.0;140.0;146.0;79.0;0
org.apache.jmeter.util.JsseSSLManager;4.0;4.0;4.0;1.0;28.0;1.0;18.0;8.0;1.0;6.0;0.0;0.0;5.0;6.0;4.0;6.0;15.0;0.0;1.0;1.0;4.0;347.0;31.0;172.0;47.0;105.0;153.0;85.0;123.0;43.0;80.0;12.0;12.0;12.0;1.0;2.0;3.0;62.0;0.89;28.0;28.0;28.0;6.0;0
org.apache.jmeter.util.SSLManager;2.0;2.0;2.0;1.0;20.0;1.0;12.0;6.0;1.0;6.0;1.0;3.0;8.0;6.0;4.0;9.0;9.0;0.0;1.0;4.0;4.0;238.0;32.0;129.0;31.0;93.0;90.0;65.0;89.0;30.0;59.0;6.0;6.0;7.0;3.0;1.0;3.0;86.0;0.7;23.0;23.0;24.0;11.0;0
org.apache.jmeter.util.StringUtilities;1.0;1.0;1.0;1.0;14.0;0.0;7.0;7.0;1.0;0.0;0.0;1.0;0.0;1.0;0.0;2.0;2.0;0.0;1.0;0.0;1.0;33.0;2.0;17.0;7.0;10.0;14.0;9.0;13.0;7.0;6.0;2.0;2.0;2.0;1.0;1.0;1.0;0.0;0.82;3.0;3.0;3.0;2.0;0
org.apache.jmeter.util.keystore.DefaultKeyStore;2.0;2.0;2.0;1.0;10.0;1.0;8.0;1.0;1.0;0.0;0.0;0.0;0.0;5.0;4.0;5.0;10.0;0.0;0.0;0.0;5.0;72.0;14.0;50.0;18.0;24.0;9.0;24.0;36.0;15.0;21.0;7.0;7.0;7.0;4.0;2.0;4.0;60.0;0.18;11.0;11.0;11.0;8.0;0
org.apache.jmeter.util.keystore.JmeterKeyStore;1.0;1.0;1.0;1.0;3.0;0.0;1.0;2.0;1.0;1.0;2.0;1.0;0.0;4.0;0.0;5.0;5.0;0.0;0.0;0.0;5.0;27.0;5.0;8.0;6.0;1.0;14.0;5.0;7.0;6.0;1.0;1.0;1.0;1.0;1.0;1.0;0.0;0.0;1.75;5.0;5.0;5.0;5.0;0
org.apache.jmeter.util.keystore.PKCS12KeyStore;2.0;2.0;2.0;1.0;15.0;2.0;11.0;1.0;1.0;0.0;0.0;0.0;0.0;5.0;3.0;5.0;10.0;0.0;0.0;0.0;5.0;99.0;17.0;64.0;18.0;28.0;18.0;26.0;39.0;17.0;22.0;7.0;7.0;9.0;4.0;2.0;3.0;60.0;0.28;12.0;12.0;14.0;8.0;0
org.apache.jmeter.visualizers.AssertionVisualizer;1.0;1.0;1.0;1.0;11.0;1.0;9.0;1.0;2.0;3.0;0.0;0.0;1.0;6.0;1.0;6.0;44.0;0.0;2.0;0.0;4.0;78.0;16.0;58.0;18.0;38.0;10.0;37.0;48.0;18.0;30.0;5.0;5.0;6.0;1.0;5.0;3.0;75.0;0.17;10.0;10.0;11.0;6.0;0
org.apache.jmeter.visualizers.BarVisualizer;1.0;1.0;1.0;1.0;7.0;0.0;6.0;0.0;3.0;2.0;0.0;0.0;1.0;7.0;2.0;7.0;7.0;0.0;0.0;0.0;7.0;150.0;31.0;110.0;31.0;54.0;9.0;61.0;79.0;31.0;48.0;1.0;1.0;1.0;1.0;2.0;0.0;61.0;0.08;7.0;7.0;7.0;7.0;0
org.apache.jmeter.visualizers.Graph;1.0;1.0;1.0;1.0;10.0;0.0;7.0;2.0;3.0;5.0;0.0;0.0;3.0;17.0;8.0;17.0;17.0;0.0;1.0;0.0;16.0;218.0;40.0;134.0;43.0;81.0;44.0;66.0;99.0;44.0;55.0;8.0;8.0;8.0;1.0;2.0;2.0;87.0;0.33;29.0;29.0;32.0;17.0;0
org.apache.jmeter.visualizers.GraphAccum;2.0;2.0;2.0;1.0;19.0;1.0;11.0;6.0;3.0;5.0;0.0;0.0;4.0;16.0;5.0;16.0;16.0;0.0;2.0;0.0;14.0;360.0;48.0;200.0;48.0;143.0;112.0;125.0;161.0;50.0;111.0;15.0;15.0;15.0;1.0;2.0;3.0;83.0;0.56;32.0;32.0;32.0;16.0;0
org.apache.jmeter.visualizers.GraphAccumModel;1.0;1.0;1.0;1.0;11.0;0.0;6.0;5.0;3.0;3.0;0.0;0.0;2.0;11.0;6.0;11.0;11.0;0.0;0.0;2.0;9.0;161.0;20.0;82.0;23.0;46.0;59.0;43.0;61.0;23.0;38.0;3.0;3.0;3.0;1.0;1.0;2.0;72.0;0.72;17.0;17.0;17.0;11.0;0
org.apache.jmeter.visualizers.GraphAccumVisualizer;1.0;1.0;1.0;1.0;11.0;1.0;7.0;3.0;4.0;5.0;0.0;0.0;2.0;10.0;3.0;10.0;48.0;0.0;1.0;0.0;9.0;147.0;25.0;79.0;28.0;53.0;45.0;55.0;66.0;26.0;40.0;1.0;1.0;1.0;1.0;5.0;0.0;68.0;0.57;10.0;10.0;10.0;10.0;0
org.apache.jmeter.visualizers.GraphModel;1.0;1.0;1.0;1.0;11.0;0.0;8.0;3.0;3.0;5.0;1.0;0.0;0.0;20.0;10.0;20.0;20.0;0.0;0.0;3.0;17.0;274.0;27.0;173.0;41.0;79.0;74.0;64.0;95.0;39.0;56.0;7.0;7.0;7.0;1.0;1.0;2.0;83.0;0.43;29.0;29.0;29.0;20.0;0
org.apache.jmeter.visualizers.GraphVisualizer;1.0;1.0;1.0;1.0;16.0;1.0;8.0;7.0;4.0;6.0;0.0;0.0;2.0;20.0;17.0;20.0;58.0;0.0;12.0;0.0;8.0;406.0;64.0;197.0;58.0;141.0;165.0;144.0;170.0;56.0;114.0;6.0;6.0;6.0;1.0;5.0;1.0;87.0;0.84;29.0;29.0;29.0;20.0;0
org.apache.jmeter.visualizers.MailerVisualizer;1.0;1.0;1.0;1.0;16.0;1.0;12.0;3.0;4.0;8.0;0.0;0.0;2.0;15.0;9.0;15.0;53.0;0.0;3.0;0.0;12.0;322.0;55.0;201.0;45.0;148.0;74.0;143.0;166.0;40.0;126.0;4.0;4.0;4.0;1.0;5.0;2.0;84.0;0.37;24.0;24.0;24.0;15.0;0
org.apache.jmeter.visualizers.RunningSample;2.0;2.0;2.0;1.0;14.0;1.0;8.0;4.0;1.0;1.0;0.0;0.0;2.0;20.0;9.0;20.0;20.0;0.0;1.0;0.0;19.0;339.0;52.0;178.0;46.0;106.0;114.0;93.0;135.0;45.0;90.0;6.0;6.0;6.0;3.0;1.0;1.0;76.0;0.64;41.0;41.0;41.0;24.0;0
org.apache.jmeter.visualizers.Spline3;3.0;3.0;3.0;1.0;19.0;0.0;13.0;5.0;1.0;1.0;0.0;0.0;3.0;16.0;9.0;16.0;16.0;0.0;0.0;4.0;12.0;401.0;40.0;230.0;49.0;148.0;135.0;154.0;213.0;52.0;161.0;14.0;14.0;15.0;1.0;1.0;3.0;80.0;0.59;58.0;58.0;60.0;16.0;0
org.apache.jmeter.visualizers.SplineModel;1.0;1.0;1.0;1.0;4.0;0.0;4.0;0.0;2.0;6.0;0.0;0.0;0.0;15.0;9.0;15.0;15.0;0.0;0.0;0.0;15.0;112.0;27.0;76.0;28.0;36.0;10.0;37.0;58.0;30.0;28.0;5.0;5.0;5.0;1.0;1.0;3.0;85.0;0.13;20.0;20.0;20.0;15.0;0
org.apache.jmeter.visualizers.SplineVisualizer;1.0;1.0;1.0;1.0;10.0;1.0;8.0;1.0;4.0;6.0;0.0;0.0;2.0;15.0;17.0;15.0;53.0;0.0;6.0;0.0;9.0;294.0;75.0;194.0;63.0;143.0;39.0;138.0;166.0;63.0;103.0;3.0;3.0;3.0;1.0;5.0;2.0;89.0;0.2;19.0;19.0;19.0;15.0;0
org.apache.jmeter.visualizers.SplineVisualizer.SplineGraph;2.0;2.0;2.0;1.0;16.0;2.0;11.0;3.0;1.0;4.0;0.0;0.0;1.0;3.0;4.0;3.0;3.0;0.0;0.0;0.0;3.0;69.0;15.0;42.0;14.0;31.0;14.0;28.0;35.0;15.0;20.0;4.0;4.0;5.0;1.0;2.0;1.0;53.0;0.33;6.0;6.0;7.0;3.0;0
org.apache.jmeter.visualizers.StatVisualizer;1.0;1.0;1.0;1.0;13.0;0.0;12.0;2.0;3.0;14.0;0.0;1.0;6.0;8.0;8.0;9.0;47.0;0.0;1.0;0.0;8.0;202.0;27.0;154.0;52.0;112.0;60.0;68.0;86.0;33.0;53.0;5.0;5.0;5.0;3.0;5.0;2.0;76.0;0.39;14.0;14.0;14.0;11.0;0
org.apache.jmeter.visualizers.StatVisualizerModel;1.0;1.0;1.0;1.0;9.0;0.0;6.0;2.0;2.0;5.0;0.0;0.0;0.0;14.0;5.0;14.0;14.0;0.0;0.0;2.0;12.0;234.0;33.0;155.0;37.0;73.0;46.0;73.0;98.0;36.0;62.0;3.0;3.0;3.0;3.0;1.0;2.0;71.0;0.3;19.0;19.0;19.0;18.0;0
org.apache.jmeter.visualizers.TableDataModel;2.0;1.0;2.0;1.0;10.0;0.0;8.0;1.0;2.0;6.0;0.0;0.0;1.0;15.0;1.0;15.0;35.0;0.0;0.0;0.0;15.0;186.0;23.0;131.0;25.0;54.0;32.0;33.0;62.0;20.0;42.0;9.0;9.0;13.0;9.0;2.0;2.0;86.0;0.24;31.0;28.0;35.0;27.0;0
org.apache.jmeter.visualizers.TableVisualizer;1.0;1.0;1.0;1.0;18.0;1.0;15.0;3.0;2.0;11.0;0.0;1.0;5.0;7.0;10.0;8.0;46.0;0.0;1.0;1.0;6.0;244.0;42.0;181.0;50.0;148.0;59.0;108.0;123.0;43.0;80.0;1.0;1.0;1.0;1.0;5.0;0.0;76.0;0.33;8.0;8.0;8.0;8.0;0
org.apache.jmeter.visualizers.TreeVisualizer;1.0;1.0;1.0;1.0;12.0;0.0;8.0;4.0;3.0;3.0;0.0;0.0;1.0;7.0;11.0;7.0;7.0;0.0;0.0;1.0;6.0;172.0;25.0;74.0;23.0;40.0;73.0;51.0;58.0;23.0;35.0;3.0;3.0;3.0;1.0;2.0;1.0;78.0;0.99;9.0;9.0;9.0;7.0;0
org.apache.jmeter.visualizers.ViewResultsFullVisualizer;2.0;2.0;3.0;1.0;19.0;1.0;14.0;4.0;4.0;7.0;0.0;1.0;9.0;11.0;10.0;12.0;50.0;0.0;4.0;1.0;7.0;326.0;53.0;220.0;73.0;153.0;64.0;133.0;174.0;71.0;103.0;6.0;6.0;6.0;1.0;5.0;4.0;85.0;0.29;34.0;34.0;37.0;12.0;0
org.apache.jmeter.visualizers.WindowedVisualizer;1.0;1.0;1.0;1.0;17.0;3.0;13.0;0.0;2.0;2.0;0.0;0.0;0.0;6.0;6.0;6.0;6.0;0.0;0.0;0.0;6.0;260.0;51.0;196.0;48.0;109.0;13.0;112.0;139.0;49.0;90.0;3.0;3.0;3.0;1.0;2.0;1.0;61.0;0.07;8.0;8.0;8.0;6.0;0
org.apache.jmeter.visualizers.WindowedVisualizer.Graph;1.0;1.0;1.0;1.0;7.0;0.0;7.0;0.0;2.0;0.0;0.0;0.0;0.0;13.0;9.0;13.0;13.0;0.0;0.0;0.0;13.0;128.0;23.0;105.0;27.0;51.0;0.0;50.0;70.0;28.0;42.0;4.0;4.0;4.0;1.0;2.0;2.0;76.0;0.0;19.0;19.0;19.0;13.0;0
org.apache.jmeter.visualizers.gui.AbstractVisualizer;1.0;1.0;1.0;1.0;13.0;0.0;6.0;6.0;5.0;8.0;14.0;0.0;3.0;15.0;6.0;15.0;38.0;0.0;0.0;6.0;9.0;307.0;26.0;120.0;35.0;71.0;168.0;61.0;85.0;32.0;53.0;2.0;2.0;2.0;1.0;4.0;1.0;83.0;1.4;18.0;18.0;18.0;15.0;0
org.apache.jorphan.collections.Data;2.0;2.0;2.0;1.0;16.0;0.0;10.0;5.0;2.0;2.0;0.0;1.0;2.0;36.0;4.0;37.0;37.0;0.0;2.0;0.0;35.0;660.0;57.0;378.0;90.0;231.0;227.0;196.0;292.0;99.0;193.0;9.0;9.0;11.0;3.0;1.0;4.0;73.0;0.6;95.0;95.0;100.0;41.0;0
org.apache.jorphan.collections.HashTree;1.0;1.0;1.0;1.0;13.0;0.0;5.0;8.0;4.0;3.0;2.0;0.0;2.0;67.0;1.0;67.0;67.0;0.0;3.0;7.0;57.0;1053.0;90.0;398.0;128.0;195.0;568.0;164.0;279.0;125.0;154.0;4.0;4.0;4.0;3.0;1.0;2.0;86.0;1.43;98.0;98.0;99.0;71.0;0
org.apache.jorphan.collections.ListedHashTree;1.0;1.0;1.0;1.0;7.0;0.0;4.0;2.0;3.0;0.0;0.0;0.0;1.0;24.0;1.0;24.0;91.0;0.0;2.0;0.0;22.0;226.0;26.0;139.0;52.0;62.0;61.0;57.0;90.0;35.0;55.0;2.0;2.0;3.0;1.0;2.0;1.0;66.0;0.44;33.0;33.0;34.0;24.0;0
org.apache.jorphan.collections.SortedHashTree;1.0;1.0;1.0;1.0;5.0;0.0;4.0;0.0;2.0;0.0;0.0;0.0;1.0;11.0;0.0;11.0;78.0;0.0;0.0;3.0;8.0;85.0;13.0;58.0;21.0;27.0;15.0;27.0;43.0;20.0;23.0;2.0;2.0;2.0;1.0;2.0;1.0;100.0;0.26;15.0;15.0;15.0;11.0;0
org.apache.jorphan.gui.ComponentUtil;1.0;1.0;1.0;1.0;15.0;0.0;7.0;7.0;1.0;0.0;0.0;3.0;0.0;1.0;0.0;4.0;4.0;0.0;1.0;0.0;3.0;72.0;5.0;31.0;8.0;19.0;36.0;15.0;22.0;8.0;14.0;3.0;3.0;3.0;3.0;1.0;1.0;0.0;1.16;6.0;6.0;6.0;6.0;0
org.apache.jorphan.gui.JLabeledChoice;1.0;1.0;1.0;1.0;9.0;0.0;5.0;3.0;2.0;2.0;0.0;0.0;2.0;22.0;5.0;22.0;22.0;0.0;2.0;0.0;20.0;267.0;32.0;148.0;42.0;80.0;88.0;75.0;113.0;44.0;69.0;2.0;2.0;2.0;1.0;2.0;1.0;81.0;0.59;29.0;29.0;29.0;22.0;0
org.apache.jorphan.gui.JLabeledPasswordField;1.0;1.0;1.0;1.0;5.0;0.0;3.0;2.0;1.0;0.0;0.0;0.0;1.0;3.0;0.0;3.0;22.0;0.0;0.0;1.0;2.0;25.0;4.0;12.0;6.0;4.0;9.0;4.0;8.0;5.0;3.0;1.0;1.0;1.0;1.0;3.0;0.0;100.0;0.75;3.0;3.0;3.0;3.0;0
org.apache.jorphan.gui.JLabeledTextArea;1.0;1.0;1.0;1.0;9.0;0.0;4.0;4.0;3.0;0.0;0.0;0.0;1.0;18.0;4.0;18.0;18.0;0.0;2.0;0.0;16.0;203.0;24.0;84.0;29.0;39.0;95.0;40.0;62.0;27.0;35.0;2.0;2.0;2.0;1.0;2.0;1.0;76.0;1.13;21.0;21.0;21.0;18.0;0
org.apache.jorphan.gui.JLabeledTextField;1.0;1.0;1.0;1.0;8.0;0.0;4.0;4.0;3.0;0.0;1.0;0.0;1.0;19.0;4.0;19.0;19.0;0.0;1.0;2.0;16.0;206.0;24.0;93.0;30.0;45.0;90.0;46.0;69.0;28.0;41.0;2.0;2.0;2.0;1.0;2.0;1.0;75.0;0.97;22.0;22.0;22.0;19.0;0
org.apache.jorphan.gui.layout.VerticalLayout;2.0;2.0;2.0;1.0;12.0;0.0;7.0;5.0;3.0;0.0;0.0;0.0;7.0;11.0;3.0;11.0;11.0;0.0;1.0;0.0;10.0;212.0;20.0;98.0;38.0;60.0;95.0;57.0;81.0;40.0;41.0;8.0;8.0;8.0;1.0;1.0;3.0;82.0;0.97;22.0;22.0;22.0;11.0;0
org.apache.jorphan.io.TextFile;1.0;1.0;1.0;1.0;14.0;0.0;7.0;6.0;1.0;2.0;0.0;0.0;2.0;8.0;1.0;8.0;8.0;0.0;0.0;0.0;8.0;139.0;11.0;66.0;18.0;42.0;66.0;30.0;45.0;18.0;27.0;5.0;5.0;5.0;1.0;2.0;3.0;75.0;1.0;14.0;14.0;14.0;8.0;0
org.apache.jorphan.logging.LoggingManager;2.0;2.0;2.0;1.0;12.0;0.0;8.0;4.0;1.0;0.0;0.0;19.0;11.0;1.0;0.0;20.0;20.0;0.0;6.0;0.0;14.0;314.0;35.0;176.0;53.0;116.0;126.0;86.0;124.0;50.0;74.0;8.0;8.0;8.0;1.0;1.0;2.0;92.0;0.72;41.0;41.0;43.0;20.0;0
org.apache.jorphan.reflect.ClassFinder;3.0;3.0;4.0;2.0;20.0;0.0;14.0;6.0;1.0;4.0;0.0;15.0;4.0;1.0;0.0;16.0;16.0;0.0;11.0;0.0;5.0;530.0;38.0;290.0;85.0;169.0;233.0;129.0;203.0;73.0;130.0;10.0;10.0;10.0;7.0;1.0;4.0;85.0;0.8;61.0;61.0;65.0;33.0;0