DY
290
43
AvgCyclomatic;AvgCyclomaticModified;AvgCyclomaticStrict;AvgEssential;AvgLine;AvgLineBlank;AvgLineCode;AvgLineComment;CountClassBase;CountClassCoupled;CountClassDerived;CountDeclClassMethod;CountDeclClassVariable;CountDeclInstanceMethod;CountDeclInstanceVariable;CountDeclMethod;CountDeclMethodAll;CountDeclMethodDefault;CountDeclMethodPrivate;CountDeclMethodProtected;CountDeclMethodPublic;CountLine;CountLineBlank;CountLineCode;CountLineCodeDecl;CountLineCodeExe;CountLineComment;CountSemicolon;CountStmt;CountStmtDecl;CountStmtExe;MaxCyclomatic;MaxCyclomaticModified;MaxCyclomaticStrict;MaxEssential;MaxInheritanceTree;MaxNesting;PercentLackOfCohesion;RatioCommentToCode;SumCyclomatic;SumCyclomaticModified;SumCyclomaticStrict;SumEssential
org.apache.jmeter.JMeter;2.0;2.0;3.0;1.0;18.0;0.0;17.0;1.0;2.0;30.0;0.0;1.0;13.0;10.0;0.0;11.0;11.0;0.0;4.0;0.0;7.0;351.0;27.0;287.0;52.0;212.0;37.0;89.0;129.0;48.0;81.0;8.0;8.0;8.0;3.0;1.0;2.0;89.0;0.13;32.0;32.0;35.0;13.0;0
org.apache.jmeter.NewDriver;1.0;1.0;1.0;1.0;10.0;1.0;8.0;1.0;1.0;0.0;0.0;2.0;2.0;1.0;7.0;3.0;3.0;0.0;1.0;0.0;2.0;99.0;13.0;73.0;21.0;42.0;13.0;33.0;46.0;21.0;25.0;3.0;3.0;3.0;1.0;1.0;1.0;88.0;0.18;5.0;5.0;5.0;3.0;0
org.apache.jmeter.ProxyAuthenticator;1.0;1.0;1.0;1.0;3.0;0.0;3.0;0.0;1.0;0.0;0.0;0.0;0.0;2.0;2.0;2.0;2.0;0.0;0.0;1.0;1.0;18.0;3.0;10.0;4.0;3.0;5.0;4.0;7.0;4.0;3.0;1.0;1.0;1.0;1.0;2.0;0.0;0.0;0.5;2.0;2.0;2.0;2.0;0
org.apache.jmeter.assertions.AssertionResult;1.0;1.0;1.0;1.0;3.0;0.0;3.0;0.0;2.0;0.0;0.0;0.0;0.0;7.0;3.0;7.0;7.0;0.0;0.0;0.0;7.0;48.0;8.0;32.0;11.0;6.0;8.0;9.0;17.0;11.0;6.0;1.0;1.0;1.0;1.0;1.0;0.0;71.0;0.25;7.0;7.0;7.0;7.0;0
org.apache.jmeter.assertions.DurationAssertion;2.0;2.0;2.0;1.0;16.0;0.0;10.0;6.0;3.0;4.0;0.0;0.0;1.0;3.0;0.0;3.0;30.0;0.0;0.0;0.0;3.0;66.0;0.0;35.0;8.0;16.0;31.0;12.0;19.0;8.0;11.0;3.0;3.0;3.0;1.0;2.0;1.0;33.0;0.89;6.0;6.0;7.0;3.0;0
org.apache.jmeter.assertions.ResponseAssertion;1.0;1.0;1.0;1.0;10.0;0.0;8.0;2.0;3.0;8.0;0.0;0.0;10.0;22.0;2.0;22.0;49.0;0.0;1.0;0.0;21.0;322.0;2.0;257.0;65.0;119.0;63.0;99.0;144.0;63.0;81.0;7.0;7.0;7.0;4.0;2.0;3.0;87.0;0.25;32.0;32.0;32.0;25.0;0
org.apache.jmeter.assertions.SizeAssertion;2.0;1.0;2.0;1.0;16.0;0.0;9.0;6.0;3.0;5.0;0.0;0.0;8.0;9.0;3.0;9.0;36.0;0.0;3.0;0.0;6.0;186.0;14.0;98.0;29.0;68.0;74.0;59.0;76.0;31.0;45.0;7.0;3.0;7.0;3.0;2.0;2.0;85.0;0.76;21.0;16.0;23.0;11.0;0
org.apache.jmeter.assertions.gui.AbstractAssertionGui;1.0;1.0;1.0;1.0;4.0;0.0;4.0;0.0;1.0;1.0;3.0;0.0;0.0;2.0;0.0;2.0;15.0;0.0;0.0;0.0;2.0;12.0;2.0;10.0;3.0;2.0;0.0;2.0;5.0;3.0;2.0;1.0;1.0;1.0;1.0;3.0;0.0;0.0;0.0;2.0;2.0;2.0;2.0;0
org.apache.jmeter.assertions.gui.AssertionGui;1.0;1.0;1.0;1.0;17.0;0.0;14.0;1.0;2.0;12.0;0.0;0.0;1.0;12.0;9.0;12.0;27.0;0.0;5.0;0.0;7.0;342.0;31.0;242.0;40.0;133.0;69.0;115.0;150.0;41.0;109.0;6.0;6.0;6.0;1.0;4.0;2.0;80.0;0.29;23.0;23.0;23.0;12.0;0
org.apache.jmeter.assertions.gui.DurationAssertionGui;1.0;1.0;1.0;1.0;11.0;0.0;8.0;2.0;2.0;4.0;0.0;0.0;1.0;9.0;1.0;9.0;24.0;0.0;1.0;0.0;8.0;131.0;15.0;84.0;22.0;47.0;32.0;40.0;55.0;21.0;34.0;5.0;5.0;5.0;1.0;4.0;3.0;72.0;0.38;14.0;14.0;14.0;9.0;0
org.apache.jmeter.assertions.gui.SizeAssertionGui;1.0;1.0;1.0;1.0;12.0;0.0;9.0;2.0;3.0;4.0;0.0;0.0;1.0;14.0;8.0;14.0;29.0;0.0;3.0;0.0;11.0;206.0;22.0;140.0;34.0;88.0;45.0;77.0;103.0;32.0;71.0;7.0;7.0;7.0;1.0;4.0;3.0;84.0;0.32;25.0;25.0;25.0;14.0;0
org.apache.jmeter.config.Argument;1.0;1.0;1.0;1.0;8.0;0.0;4.0;4.0;2.0;1.0;1.0;0.0;3.0;9.0;0.0;9.0;36.0;0.0;0.0;0.0;9.0;100.0;9.0;42.0;13.0;14.0;49.0;14.0;24.0;13.0;11.0;1.0;1.0;1.0;1.0;2.0;0.0;59.0;1.17;9.0;9.0;9.0;9.0;0
org.apache.jmeter.config.Arguments;1.0;1.0;1.0;1.0;10.0;0.0;7.0;3.0;2.0;6.0;0.0;0.0;2.0;17.0;0.0;17.0;46.0;0.0;0.0;0.0;17.0;214.0;21.0;129.0;35.0;52.0;64.0;38.0;67.0;32.0;35.0;4.0;4.0;4.0;1.0;3.0;2.0;88.0;0.5;28.0;28.0;28.0;17.0;0
org.apache.jmeter.config.ConfigTestElement;1.0;1.0;1.0;1.0;8.0;0.0;4.0;4.0;2.0;0.0;13.0;0.0;2.0;2.0;0.0;2.0;29.0;0.0;0.0;0.0;2.0;31.0;3.0;13.0;5.0;4.0;15.0;3.0;7.0;5.0;2.0;2.0;2.0;2.0;1.0;2.0;1.0;100.0;1.15;3.0;3.0;3.0;2.0;0
org.apache.jmeter.config.ExtensionsFileFilter;1.0;1.0;1.0;1.0;11.0;0.0;6.0;5.0;1.0;0.0;0.0;0.0;0.0;7.0;2.0;7.0;7.0;0.0;1.0;0.0;6.0;120.0;9.0;49.0;12.0;17.0;62.0;13.0;24.0;12.0;12.0;3.0;3.0;3.0;3.0;2.0;1.0;64.0;1.27;10.0;10.0;11.0;9.0;0
org.apache.jmeter.config.LoginConfig;1.0;1.0;1.0;1.0;8.0;0.0;3.0;4.0;2.0;1.0;1.0;0.0;0.0;5.0;0.0;5.0;34.0;0.0;0.0;0.0;5.0;52.0;7.0;22.0;6.0;4.0;23.0;4.0;10.0;6.0;4.0;1.0;1.0;1.0;1.0;3.0;0.0;0.0;1.05;5.0;5.0;5.0;5.0;0
org.apache.jmeter.config.gui.AbstractConfigGui;1.0;1.0;1.0;1.0;9.0;0.0;4.0;5.0;1.0;1.0;14.0;0.0;0.0;2.0;0.0;2.0;15.0;0.0;0.0;0.0;2.0;28.0;7.0;11.0;3.0;2.0;10.0;2.0;5.0;3.0;2.0;1.0;1.0;1.0;1.0;3.0;0.0;0.0;0.91;2.0;2.0;2.0;2.0;0
org.apache.jmeter.config.gui.AbstractModifierGui;1.0;1.0;1.0;1.0;4.0;0.0;4.0;0.0;1.0;1.0;2.0;0.0;0.0;2.0;0.0;2.0;15.0;0.0;0.0;0.0;2.0;13.0;3.0;10.0;3.0;2.0;0.0;2.0;5.0;3.0;2.0;1.0;1.0;1.0;1.0;3.0;0.0;0.0;0.0;2.0;2.0;2.0;2.0;0
org.apache.jmeter.config.gui.AbstractResponseBasedModifierGui;1.0;1.0;1.0;1.0;4.0;0.0;4.0;0.0;1.0;1.0;1.0;0.0;0.0;2.0;0.0;2.0;15.0;0.0;0.0;0.0;2.0;12.0;2.0;10.0;3.0;2.0;0.0;2.0;5.0;3.0;2.0;1.0;1.0;1.0;1.0;3.0;0.0;0.0;0.0;2.0;2.0;2.0;2.0;0
org.apache.jmeter.config.gui.ArgumentsPanel;1.0;1.0;1.0;1.0;10.0;0.0;7.0;2.0;4.0;8.0;1.0;0.0;3.0;27.0;6.0;27.0;42.0;0.0;4.0;11.0;12.0;363.0;47.0;231.0;55.0;109.0;85.0;99.0;142.0;55.0;87.0;5.0;5.0;5.0;1.0;4.0;3.0;88.0;0.37;39.0;39.0;39.0;27.0;0
org.apache.jmeter.config.gui.LoginConfigGui;1.0;1.0;1.0;1.0;8.0;0.0;6.0;1.0;1.0;5.0;0.0;0.0;0.0;9.0;3.0;9.0;24.0;0.0;3.0;0.0;6.0;97.0;11.0;67.0;19.0;36.0;19.0;35.0;46.0;19.0;27.0;2.0;2.0;2.0;1.0;4.0;1.0;70.0;0.28;10.0;10.0;10.0;9.0;0
org.apache.jmeter.control.GenericController;1.0;1.0;1.0;1.0;9.0;0.0;7.0;1.0;4.0;3.0;6.0;0.0;0.0;25.0;10.0;25.0;52.0;0.0;2.0;14.0;9.0;334.0;30.0;258.0;61.0;114.0;46.0;94.0;145.0;61.0;84.0;5.0;5.0;5.0;5.0;2.0;2.0;92.0;0.18;41.0;41.0;43.0;32.0;0
org.apache.jmeter.control.InterleaveControl;2.0;2.0;2.0;1.0;11.0;0.0;11.0;0.0;2.0;2.0;1.0;0.0;3.0;10.0;2.0;10.0;62.0;0.0;0.0;3.0;7.0;325.0;19.0;296.0;73.0;179.0;10.0;150.0;194.0;70.0;124.0;6.0;6.0;6.0;5.0;3.0;3.0;82.0;0.03;21.0;21.0;21.0;14.0;0
org.apache.jmeter.control.LoopController;1.0;1.0;1.0;1.0;7.0;0.0;5.0;1.0;2.0;5.0;0.0;0.0;3.0;17.0;1.0;17.0;69.0;0.0;1.0;5.0;11.0;220.0;22.0;155.0;38.0;67.0;43.0;58.0;89.0;38.0;51.0;2.0;2.0;3.0;1.0;3.0;1.0;85.0;0.28;21.0;21.0;24.0;17.0;0
org.apache.jmeter.control.ModifyController;1.0;1.0;1.0;1.0;11.0;0.0;6.0;4.0;3.0;5.0;0.0;0.0;0.0;5.0;2.0;5.0;57.0;0.0;0.0;1.0;4.0;74.0;5.0;38.0;11.0;11.0;31.0;8.0;18.0;10.0;8.0;5.0;5.0;5.0;1.0;3.0;3.0;80.0;0.82;9.0;9.0;9.0;5.0;0
org.apache.jmeter.control.NoEntryException;1.0;1.0;1.0;1.0;3.0;0.0;3.0;0.0;1.0;0.0;0.0;0.0;0.0;1.0;0.0;1.0;1.0;0.0;0.0;0.0;1.0;6.0;1.0;5.0;2.0;0.0;0.0;0.0;2.0;2.0;0.0;1.0;1.0;1.0;1.0;2.0;0.0;0.0;0.0;1.0;1.0;1.0;1.0;0
org.apache.jmeter.control.OnceOnlyController;1.0;1.0;1.0;1.0;5.0;0.0;3.0;1.0;2.0;0.0;0.0;0.0;0.0;3.0;0.0;3.0;55.0;0.0;0.0;1.0;2.0;86.0;6.0;76.0;22.0;38.0;4.0;34.0;49.0;21.0;28.0;1.0;1.0;1.0;1.0;3.0;0.0;0.0;0.05;3.0;3.0;3.0;3.0;0
org.apache.jmeter.control.RandomController;1.0;1.0;1.0;1.0;7.0;0.0;5.0;1.0;3.0;2.0;0.0;0.0;1.0;5.0;0.0;5.0;67.0;0.0;0.0;2.0;3.0;54.0;8.0;34.0;9.0;9.0;12.0;6.0;14.0;7.0;7.0;2.0;2.0;2.0;1.0;4.0;1.0;60.0;0.35;7.0;7.0;7.0;5.0;0
org.apache.jmeter.control.gui.AbstractControllerGui;1.0;1.0;1.0;1.0;9.0;0.0;4.0;5.0;1.0;1.0;7.0;0.0;0.0;2.0;0.0;2.0;15.0;0.0;0.0;0.0;2.0;24.0;3.0;11.0;3.0;2.0;10.0;2.0;5.0;3.0;2.0;1.0;1.0;1.0;1.0;3.0;0.0;0.0;0.91;2.0;2.0;2.0;2.0;0
org.apache.jmeter.control.gui.InterleaveControlGui;1.0;1.0;1.0;1.0;10.0;0.0;7.0;2.0;1.0;4.0;0.0;0.0;0.0;6.0;2.0;6.0;21.0;0.0;1.0;0.0;5.0;83.0;8.0;51.0;10.0;20.0;24.0;18.0;27.0;10.0;17.0;2.0;2.0;2.0;1.0;4.0;1.0;75.0;0.47;8.0;8.0;8.0;6.0;0
org.apache.jmeter.control.gui.LogicControllerGui;1.0;1.0;1.0;1.0;6.0;0.0;4.0;2.0;1.0;3.0;1.0;0.0;0.0;6.0;0.0;6.0;21.0;0.0;1.0;0.0;5.0;46.0;6.0;28.0;8.0;9.0;12.0;9.0;16.0;8.0;8.0;1.0;1.0;1.0;1.0;4.0;0.0;0.0;0.43;6.0;6.0;6.0;6.0;0
org.apache.jmeter.control.gui.LoopControlPanel;1.0;1.0;1.0;1.0;15.0;0.0;10.0;3.0;2.0;4.0;0.0;0.0;2.0;11.0;3.0;11.0;26.0;0.0;4.0;0.0;7.0;194.0;20.0;125.0;21.0;64.0;49.0;53.0;72.0;21.0;51.0;3.0;3.0;3.0;1.0;4.0;2.0;76.0;0.39;18.0;18.0;18.0;11.0;0
org.apache.jmeter.control.gui.ModifyControllerGui;1.0;1.0;1.0;1.0;12.0;0.0;7.0;4.0;1.0;6.0;0.0;0.0;0.0;8.0;1.0;8.0;23.0;0.0;1.0;0.0;7.0;116.0;12.0;61.0;17.0;33.0;43.0;30.0;39.0;17.0;22.0;1.0;1.0;1.0;1.0;4.0;0.0;100.0;0.7;8.0;8.0;8.0;8.0;0
org.apache.jmeter.control.gui.OnceOnlyControllerGui;1.0;1.0;1.0;1.0;8.0;0.0;4.0;3.0;1.0;4.0;0.0;0.0;0.0;5.0;0.0;5.0;20.0;0.0;1.0;0.0;4.0;48.0;4.0;27.0;7.0;9.0;17.0;9.0;15.0;7.0;8.0;1.0;1.0;1.0;1.0;4.0;0.0;0.0;0.63;5.0;5.0;5.0;5.0;0
org.apache.jmeter.control.gui.RandomControlGui;1.0;1.0;1.0;1.0;10.0;0.0;7.0;2.0;1.0;5.0;0.0;0.0;0.0;6.0;1.0;6.0;21.0;0.0;1.0;0.0;5.0;82.0;8.0;50.0;9.0;20.0;24.0;17.0;26.0;9.0;17.0;2.0;2.0;2.0;1.0;4.0;1.0;50.0;0.48;8.0;8.0;8.0;6.0;0
org.apache.jmeter.control.gui.TestPlanGui;1.0;1.0;1.0;1.0;12.0;0.0;8.0;4.0;1.0;9.0;0.0;0.0;0.0;9.0;2.0;9.0;22.0;0.0;1.0;1.0;7.0;135.0;14.0;77.0;18.0;41.0;44.0;41.0;53.0;18.0;35.0;2.0;2.0;2.0;1.0;3.0;1.0;66.0;0.57;11.0;11.0;11.0;9.0;0
org.apache.jmeter.control.gui.WorkBenchGui;1.0;1.0;1.0;1.0;9.0;0.0;5.0;3.0;1.0;6.0;0.0;0.0;0.0;9.0;1.0;9.0;22.0;0.0;1.0;0.0;8.0;105.0;12.0;54.0;15.0;23.0;39.0;21.0;31.0;14.0;17.0;1.0;1.0;1.0;1.0;3.0;0.0;88.0;0.72;9.0;9.0;9.0;9.0;0
org.apache.jmeter.ejb.jndi.config.JndiConfig;1.0;1.0;1.0;1.0;5.0;0.0;5.0;0.0;2.0;3.0;0.0;0.0;17.0;9.0;1.0;9.0;9.0;0.0;0.0;0.0;9.0;110.0;12.0;91.0;46.0;53.0;7.0;35.0;48.0;30.0;18.0;2.0;2.0;2.0;1.0;2.0;1.0;96.0;0.08;12.0;12.0;12.0;9.0;0
org.apache.jmeter.ejb.jndi.config.LookupConfig;1.0;1.0;1.0;1.0;5.0;0.0;5.0;0.0;2.0;3.0;0.0;0.0;2.0;7.0;0.0;7.0;7.0;0.0;0.0;0.0;7.0;58.0;8.0;43.0;13.0;15.0;7.0;12.0;22.0;12.0;10.0;2.0;2.0;2.0;1.0;2.0;1.0;71.0;0.16;9.0;9.0;9.0;7.0;0
org.apache.jmeter.ejb.jndi.config.MethodConfig;1.0;1.0;1.0;1.0;5.0;0.0;5.0;0.0;2.0;3.0;0.0;0.0;18.0;31.0;4.0;31.0;31.0;0.0;0.0;0.0;31.0;265.0;34.0;203.0;73.0;79.0;28.0;69.0;109.0;63.0;46.0;2.0;2.0;2.0;1.0;2.0;1.0;95.0;0.14;39.0;39.0;39.0;31.0;0
org.apache.jmeter.ejb.jndi.config.MethodConfigUserObject;4.0;4.0;4.0;1.0;19.0;0.0;19.0;0.0;1.0;1.0;0.0;0.0;10.0;4.0;2.0;4.0;4.0;0.0;0.0;0.0;4.0;112.0;6.0;94.0;20.0;50.0;12.0;32.0;49.0;18.0;31.0;13.0;13.0;14.0;1.0;1.0;3.0;68.0;0.13;16.0;16.0;17.0;4.0;0
org.apache.jmeter.ejb.jndi.config.MethodConfigUserObjectException;1.0;1.0;1.0;1.0;4.0;0.0;4.0;0.0;1.0;0.0;0.0;0.0;1.0;1.0;0.0;1.0;1.0;0.0;0.0;0.0;1.0;19.0;1.0;9.0;4.0;3.0;9.0;2.0;4.0;3.0;1.0;1.0;1.0;1.0;1.0;2.0;0.0;100.0;1.0;1.0;1.0;1.0;1.0;0
org.apache.jmeter.ejb.jndi.config.gui.JndiConfigGui;2.0;2.0;2.0;1.0;12.0;0.0;11.0;0.0;3.0;3.0;0.0;0.0;1.0;9.0;4.0;9.0;9.0;0.0;0.0;2.0;7.0;139.0;18.0;111.0;24.0;57.0;10.0;54.0;73.0;26.0;47.0;5.0;5.0;5.0;3.0;2.0;2.0;73.0;0.09;18.0;18.0;18.0;11.0;0
org.apache.jmeter.ejb.jndi.config.gui.LookupConfigGui;1.0;1.0;1.0;1.0;11.0;0.0;9.0;0.0;3.0;3.0;0.0;0.0;1.0;9.0;4.0;9.0;9.0;0.0;0.0;2.0;7.0;127.0;19.0;96.0;27.0;53.0;12.0;48.0;61.0;24.0;37.0;2.0;2.0;2.0;1.0;2.0;1.0;64.0;0.12;12.0;12.0;12.0;9.0;0
org.apache.jmeter.ejb.jndi.config.gui.MethodConfigDialog;1.0;1.0;1.0;1.0;52.0;2.0;48.0;2.0;1.0;1.0;0.0;0.0;1.0;2.0;4.0;2.0;2.0;0.0;0.0;0.0;2.0;125.0;7.0;106.0;16.0;67.0;12.0;42.0;53.0;17.0;36.0;1.0;1.0;1.0;1.0;2.0;0.0;60.0;0.11;2.0;2.0;2.0;2.0;0
org.apache.jmeter.ejb.jndi.config.gui.MethodConfigGui;3.0;3.0;3.0;1.0;35.0;0.0;28.0;6.0;4.0;5.0;0.0;0.0;4.0;22.0;20.0;22.0;22.0;0.0;0.0;13.0;9.0;819.0;0.0;660.0;143.0;412.0;159.0;360.0;445.0;139.0;306.0;17.0;17.0;21.0;1.0;2.0;4.0;85.0;0.24;68.0;68.0;73.0;22.0;0
org.apache.jmeter.ejb.jndi.control.JndiTestSample;1.0;1.0;1.0;1.0;6.0;0.0;5.0;0.0;2.0;7.0;0.0;0.0;2.0;10.0;1.0;10.0;10.0;0.0;0.0;1.0;9.0;89.0;12.0;64.0;18.0;26.0;13.0;26.0;38.0;16.0;22.0;2.0;2.0;2.0;1.0;2.0;1.0;73.0;0.2;11.0;11.0;11.0;10.0;0
org.apache.jmeter.ejb.jndi.control.gui.JndiTestSampleGui;1.0;1.0;1.0;1.0;8.0;1.0;6.0;0.0;2.0;3.0;0.0;0.0;0.0;4.0;3.0;4.0;4.0;0.0;0.0;1.0;3.0;52.0;10.0;33.0;10.0;15.0;9.0;17.0;22.0;10.0;12.0;1.0;1.0;1.0;1.0;2.0;0.0;58.0;0.27;4.0;4.0;4.0;4.0;0
org.apache.jmeter.ejb.jndi.sampler.JNDISampler;11.0;11.0;15.0;1.0;116.0;1.0;89.0;25.0;2.0;2.0;0.0;0.0;3.0;4.0;0.0;4.0;4.0;0.0;0.0;2.0;2.0;484.0;13.0;363.0;74.0;254.0;108.0;201.0;242.0;74.0;168.0;34.0;34.0;50.0;3.0;1.0;5.0;75.0;0.3;44.0;44.0;60.0;6.0;0
org.apache.jmeter.engine.ClientJMeterEngine;1.0;1.0;1.0;1.0;10.0;0.0;7.0;2.0;2.0;5.0;0.0;0.0;1.0;8.0;5.0;8.0;8.0;0.0;0.0;1.0;7.0;109.0;9.0;71.0;17.0;26.0;30.0;24.0;36.0;15.0;21.0;2.0;2.0;2.0;1.0;1.0;1.0;68.0;0.42;11.0;11.0;11.0;8.0;0
org.apache.jmeter.engine.ConvertListeners;3.0;3.0;4.0;1.0;17.0;0.0;14.0;3.0;2.0;10.0;0.0;0.0;1.0;3.0;0.0;3.0;3.0;0.0;0.0;0.0;3.0;65.0;4.0;46.0;12.0;23.0;15.0;13.0;24.0;11.0;13.0;8.0;8.0;11.0;1.0;1.0;4.0;66.0;0.33;10.0;10.0;13.0;3.0;0
org.apache.jmeter.engine.JMeterEngineException;1.0;1.0;1.0;1.0;4.0;0.0;4.0;0.0;2.0;0.0;0.0;0.0;0.0;2.0;0.0;2.0;2.0;0.0;0.0;0.0;2.0;13.0;3.0;10.0;3.0;2.0;0.0;2.0;5.0;3.0;2.0;1.0;1.0;1.0;1.0;2.0;0.0;0.0;0.0;2.0;2.0;2.0;2.0;0
org.apache.jmeter.engine.LagDetector;1.0;1.0;1.0;1.0;11.0;0.0;7.0;3.0;1.0;0.0;0.0;0.0;2.0;5.0;4.0;5.0;5.0;0.0;0.0;0.0;5.0;79.0;8.0;46.0;14.0;18.0;25.0;19.0;27.0;14.0;13.0;3.0;3.0;3.0;1.0;2.0;2.0;66.0;0.54;7.0;7.0;7.0;5.0;0
org.apache.jmeter.engine.PreCompiler;1.0;1.0;1.0;1.0;10.0;0.0;7.0;2.0;2.0;9.0;0.0;0.0;1.0;4.0;3.0;4.0;4.0;0.0;0.0;0.0;4.0;53.0;0.0;38.0;10.0;15.0;15.0;13.0;21.0;10.0;11.0;4.0;4.0;4.0;1.0;1.0;2.0;75.0;0.39;7.0;7.0;7.0;4.0;0
org.apache.jmeter.engine.RemoteJMeterEngineImpl;1.0;1.0;1.0;1.0;11.0;0.0;6.0;4.0;2.0;4.0;0.0;1.0;1.0;6.0;1.0;7.0;7.0;0.0;0.0;0.0;7.0;102.0;8.0;55.0;14.0;18.0;39.0;13.0;24.0;11.0;13.0;3.0;3.0;3.0;1.0;2.0;2.0;42.0;0.71;10.0;10.0;10.0;7.0;0
org.apache.jmeter.engine.StandardJMeterEngine;2.0;2.0;2.0;1.0;13.0;0.0;12.0;1.0;5.0;16.0;0.0;0.0;2.0;18.0;6.0;18.0;18.0;0.0;4.0;5.0;9.0;289.0;20.0;230.0;52.0;113.0;40.0;91.0;131.0;51.0;80.0;5.0;5.0;6.0;1.0;1.0;3.0;84.0;0.17;39.0;39.0;41.0;18.0;0
org.apache.jmeter.engine.TreeCloner;1.0;1.0;1.0;1.0;5.0;0.0;5.0;0.0;2.0;6.0;0.0;0.0;0.0;6.0;4.0;6.0;6.0;0.0;0.0;0.0;6.0;106.0;7.0;91.0;26.0;54.0;8.0;51.0;64.0;26.0;38.0;2.0;2.0;4.0;1.0;1.0;1.0;70.0;0.09;7.0;7.0;9.0;6.0;0
org.apache.jmeter.exceptions.IllegalUserActionException;1.0;1.0;1.0;1.0;3.0;0.0;3.0;0.0;1.0;0.0;0.0;0.0;0.0;2.0;0.0;2.0;2.0;0.0;0.0;0.0;2.0;11.0;2.0;9.0;3.0;1.0;0.0;1.0;4.0;3.0;1.0;1.0;1.0;1.0;1.0;2.0;0.0;0.0;0.0;2.0;2.0;2.0;2.0;0
org.apache.jmeter.functions.AbstractFunction;1.0;1.0;1.0;1.0;9.0;0.0;5.0;3.0;2.0;6.0;6.0;0.0;0.0;7.0;1.0;7.0;7.0;0.0;0.0;2.0;5.0;121.0;15.0;42.0;17.0;19.0;64.0;19.0;27.0;16.0;11.0;4.0;4.0;5.0;1.0;1.0;2.0;71.0;1.52;10.0;10.0;11.0;7.0;0
org.apache.jmeter.functions.CompoundFunction;2.0;2.0;2.0;1.0;15.0;0.0;15.0;0.0;2.0;7.0;0.0;0.0;5.0;16.0;10.0;16.0;16.0;0.0;4.0;0.0;12.0;485.0;32.0;438.0;74.0;265.0;15.0;170.0;226.0;66.0;160.0;16.0;16.0;18.0;1.0;1.0;5.0;88.0;0.03;42.0;42.0;46.0;16.0;0
org.apache.jmeter.functions.InvalidVariableException;1.0;1.0;1.0;1.0;3.0;0.0;3.0;0.0;1.0;0.0;0.0;0.0;0.0;2.0;0.0;2.0;2.0;0.0;0.0;0.0;2.0;12.0;3.0;9.0;3.0;1.0;0.0;1.0;4.0;3.0;1.0;1.0;1.0;1.0;1.0;2.0;0.0;0.0;0.0;2.0;2.0;2.0;2.0;0
org.apache.jmeter.functions.IterationCounter;1.0;1.0;1.0;1.0;10.0;1.0;6.0;2.0;2.0;6.0;0.0;0.0;3.0;6.0;1.0;6.0;13.0;0.0;0.0;0.0;6.0;93.0;20.0;53.0;19.0;23.0;20.0;22.0;31.0;16.0;15.0;2.0;2.0;2.0;1.0;2.0;1.0;75.0;0.38;8.0;8.0;8.0;6.0;0
org.apache.jmeter.functions.RegexFunction;4.0;4.0;4.0;1.0;24.0;1.0;22.0;0.0;2.0;6.0;0.0;0.0;7.0;9.0;9.0;9.0;16.0;0.0;4.0;0.0;5.0;400.0;40.0;232.0;56.0;134.0;128.0;100.0;139.0;53.0;86.0;20.0;20.0;21.0;9.0;2.0;3.0;79.0;0.55;40.0;40.0;41.0;17.0;0
org.apache.jmeter.functions.ThreadNumber;1.0;1.0;1.0;1.0;6.0;0.0;3.0;3.0;3.0;4.0;0.0;0.0;1.0;6.0;1.0;6.0;6.0;0.0;0.0;0.0;6.0;59.0;9.0;24.0;12.0;6.0;26.0;6.0;13.0;9.0;4.0;1.0;1.0;1.0;1.0;1.0;0.0;83.0;1.08;6.0;6.0;6.0;6.0;0
org.apache.jmeter.functions.UnknownFunction;1.0;1.0;1.0;1.0;6.0;0.0;4.0;1.0;2.0;4.0;0.0;0.0;1.0;8.0;2.0;8.0;8.0;0.0;1.0;0.0;7.0;70.0;11.0;38.0;15.0;12.0;21.0;12.0;22.0;13.0;9.0;2.0;2.0;3.0;1.0;1.0;1.0;75.0;0.55;9.0;9.0;10.0;8.0;0
org.apache.jmeter.functions.gui.FunctionHelper;3.0;3.0;3.0;1.0;21.0;0.0;21.0;0.0;3.0;13.0;0.0;0.0;0.0;5.0;5.0;5.0;5.0;0.0;2.0;0.0;3.0;137.0;8.0;123.0;36.0;82.0;6.0;66.0;81.0;33.0;48.0;6.0;6.0;6.0;1.0;2.0;3.0;52.0;0.05;16.0;16.0;16.0;5.0;0
org.apache.jmeter.gui.AbstractJMeterGuiComponent;1.0;1.0;1.0;1.0;10.0;0.0;5.0;5.0;2.0;9.0;15.0;0.0;1.0;13.0;3.0;13.0;13.0;0.0;0.0;6.0;7.0;179.0;14.0;79.0;23.0;32.0;86.0;32.0;47.0;21.0;26.0;2.0;2.0;2.0;1.0;2.0;1.0;78.0;1.09;14.0;14.0;14.0;13.0;0
org.apache.jmeter.gui.GuiFactory;1.0;1.0;1.0;1.0;1.0;0.0;1.0;0.0;1.0;0.0;0.0;0.0;2.0;1.0;0.0;1.0;1.0;0.0;1.0;0.0;0.0;16.0;3.0;6.0;4.0;2.0;7.0;2.0;4.0;4.0;0.0;1.0;1.0;1.0;1.0;1.0;0.0;100.0;1.17;1.0;1.0;1.0;1.0;0
org.apache.jmeter.gui.GuiPackage;1.0;1.0;1.0;1.0;8.0;0.0;7.0;1.0;1.0;11.0;0.0;2.0;2.0;22.0;7.0;24.0;24.0;0.0;1.0;0.0;23.0;247.0;7.0;196.0;43.0;82.0;44.0;68.0;106.0;42.0;64.0;5.0;5.0;6.0;1.0;1.0;4.0;86.0;0.22;37.0;37.0;39.0;24.0;0
org.apache.jmeter.gui.JMeterFileFilter;2.0;2.0;2.0;1.0;9.0;0.0;8.0;0.0;2.0;0.0;0.0;0.0;0.0;4.0;1.0;4.0;4.0;0.0;0.0;0.0;4.0;45.0;6.0;39.0;8.0;17.0;0.0;13.0;23.0;8.0;15.0;4.0;4.0;4.0;4.0;2.0;2.0;25.0;0.0;9.0;9.0;9.0;7.0;0
org.apache.jmeter.gui.JMeterJListModel;1.0;1.0;1.0;1.0;5.0;0.0;5.0;0.0;1.0;0.0;0.0;0.0;0.0;8.0;1.0;8.0;8.0;0.0;0.0;0.0;8.0;61.0;8.0;45.0;10.0;16.0;8.0;15.0;26.0;10.0;16.0;2.0;2.0;3.0;1.0;2.0;1.0;0.0;0.18;10.0;10.0;11.0;8.0;0
org.apache.jmeter.gui.ListDialog;1.0;1.0;1.0;1.0;13.0;0.0;9.0;4.0;3.0;1.0;0.0;0.0;0.0;13.0;8.0;13.0;13.0;0.0;2.0;0.0;11.0;218.0;26.0;128.0;25.0;73.0;64.0;79.0;95.0;26.0;69.0;2.0;2.0;3.0;1.0;2.0;1.0;82.0;0.5;16.0;16.0;18.0;13.0;0
org.apache.jmeter.gui.MainFrame;1.0;1.0;1.0;1.0;10.0;0.0;8.0;2.0;3.0;9.0;0.0;0.0;1.0;26.0;17.0;26.0;26.0;0.0;7.0;0.0;19.0;356.0;31.0;242.0;56.0;119.0;83.0;120.0;158.0;56.0;102.0;5.0;5.0;5.0;5.0;2.0;4.0;90.0;0.34;33.0;33.0;33.0;30.0;0
org.apache.jmeter.gui.NamePanel;1.0;1.0;1.0;1.0;9.0;0.0;5.0;3.0;2.0;6.0;0.0;0.0;0.0;14.0;3.0;14.0;14.0;0.0;2.0;1.0;11.0;159.0;27.0;82.0;19.0;34.0;50.0;31.0;50.0;22.0;28.0;2.0;2.0;2.0;1.0;2.0;1.0;83.0;0.61;15.0;15.0;15.0;14.0;0
org.apache.jmeter.gui.action.AboutCommand;1.0;1.0;1.0;1.0;20.0;0.0;13.0;5.0;2.0;2.0;0.0;0.0;2.0;3.0;1.0;3.0;3.0;1.0;0.0;0.0;2.0;80.0;6.0;50.0;18.0;35.0;24.0;33.0;40.0;18.0;22.0;2.0;2.0;2.0;1.0;1.0;1.0;77.0;0.48;5.0;5.0;5.0;3.0;0
org.apache.jmeter.gui.action.ActionRouter;3.0;3.0;3.0;1.0;19.0;0.0;16.0;3.0;2.0;5.0;0.0;1.0;3.0;11.0;3.0;12.0;12.0;0.0;2.0;2.0;8.0;269.0;13.0;206.0;45.0;102.0;50.0;73.0;115.0;46.0;69.0;7.0;7.0;7.0;4.0;1.0;5.0;79.0;0.24;41.0;41.0;43.0;15.0;0
org.apache.jmeter.gui.action.AddParent;1.0;1.0;1.0;1.0;12.0;0.0;7.0;4.0;2.0;5.0;0.0;0.0;2.0;4.0;0.0;4.0;4.0;0.0;0.0;1.0;3.0;71.0;5.0;41.0;16.0;21.0;25.0;16.0;22.0;14.0;8.0;2.0;2.0;2.0;1.0;1.0;1.0;75.0;0.61;5.0;5.0;5.0;4.0;0
org.apache.jmeter.gui.action.AddToTree;1.0;1.0;1.0;1.0;11.0;0.0;8.0;2.0;2.0;5.0;0.0;0.0;1.0;4.0;1.0;4.0;4.0;0.0;0.0;1.0;3.0;65.0;9.0;38.0;12.0;17.0;18.0;13.0;19.0;11.0;8.0;2.0;2.0;2.0;1.0;1.0;1.0;62.0;0.47;5.0;5.0;5.0;4.0;0
org.apache.jmeter.gui.action.Analyze;2.0;2.0;2.0;1.0;12.0;0.0;8.0;4.0;2.0;3.0;0.0;0.0;1.0;3.0;0.0;3.0;3.0;0.0;0.0;0.0;3.0;58.0;5.0;33.0;8.0;12.0;20.0;7.0;14.0;7.0;7.0;4.0;4.0;4.0;1.0;1.0;3.0;66.0;0.61;6.0;6.0;6.0;3.0;0
org.apache.jmeter.gui.action.ChangeLanguage;1.0;1.0;1.0;1.0;8.0;0.0;5.0;3.0;2.0;2.0;0.0;0.0;2.0;2.0;1.0;2.0;2.0;0.0;0.0;0.0;2.0;33.0;1.0;20.0;8.0;8.0;12.0;8.0;11.0;7.0;4.0;1.0;1.0;1.0;1.0;1.0;0.0;66.0;0.6;2.0;2.0;2.0;2.0;0
org.apache.jmeter.gui.action.CheckDirty;2.0;2.0;3.0;1.0;17.0;0.0;13.0;3.0;2.0;6.0;0.0;0.0;9.0;6.0;4.0;6.0;9.0;0.0;0.0;0.0;6.0;147.0;10.0;111.0;30.0;61.0;26.0;50.0;68.0;29.0;39.0;8.0;8.0;10.0;1.0;2.0;3.0;76.0;0.23;17.0;17.0;19.0;6.0;0
org.apache.jmeter.gui.action.Clear;2.0;2.0;2.0;1.0;17.0;0.0;13.0;4.0;2.0;5.0;0.0;0.0;4.0;3.0;0.0;3.0;3.0;0.0;0.0;0.0;3.0;76.0;4.0;52.0;13.0;23.0;20.0;15.0;23.0;12.0;11.0;5.0;5.0;5.0;1.0;1.0;3.0;75.0;0.38;7.0;7.0;7.0;3.0;0
org.apache.jmeter.gui.action.CreateFunctionDialog;1.0;1.0;1.0;1.0;5.0;0.0;3.0;2.0;1.0;1.0;0.0;0.0;1.0;3.0;1.0;3.0;6.0;0.0;0.0;0.0;3.0;37.0;6.0;19.0;7.0;6.0;12.0;7.0;11.0;6.0;5.0;1.0;1.0;1.0;1.0;2.0;0.0;50.0;0.63;3.0;3.0;3.0;3.0;0
org.apache.jmeter.gui.action.DragNDrop;2.0;2.0;2.0;1.0;18.0;0.0;15.0;3.0;1.0;4.0;0.0;0.0;4.0;2.0;0.0;2.0;5.0;0.0;0.0;0.0;2.0;59.0;4.0;43.0;16.0;28.0;12.0;21.0;27.0;15.0;12.0;4.0;4.0;4.0;1.0;2.0;1.0;50.0;0.28;5.0;5.0;5.0;2.0;0
org.apache.jmeter.gui.action.EditCommand;1.0;1.0;1.0;1.0;12.0;0.0;7.0;4.0;2.0;5.0;0.0;0.0;1.0;3.0;0.0;3.0;3.0;0.0;0.0;0.0;3.0;56.0;5.0;31.0;7.0;14.0;20.0;10.0;15.0;6.0;9.0;2.0;2.0;2.0;1.0;1.0;1.0;66.0;0.65;4.0;4.0;4.0;3.0;0
org.apache.jmeter.gui.action.EnableComponent;2.0;2.0;2.0;1.0;10.0;0.0;7.0;3.0;2.0;4.0;0.0;0.0;4.0;2.0;0.0;2.0;2.0;0.0;0.0;0.0;2.0;43.0;5.0;26.0;8.0;13.0;12.0;11.0;16.0;7.0;9.0;3.0;3.0;3.0;1.0;1.0;1.0;50.0;0.46;4.0;4.0;4.0;2.0;0
org.apache.jmeter.gui.action.ExitCommand;1.0;1.0;1.0;1.0;13.0;0.0;9.0;4.0;2.0;4.0;0.0;0.0;1.0;3.0;0.0;3.0;3.0;0.0;0.0;0.0;3.0;62.0;7.0;35.0;5.0;14.0;20.0;6.0;12.0;5.0;7.0;3.0;3.0;3.0;1.0;1.0;2.0;66.0;0.57;5.0;5.0;5.0;3.0;0
org.apache.jmeter.gui.action.GlobalMouseListener;1.0;1.0;1.0;1.0;4.0;0.0;4.0;0.0;1.0;2.0;0.0;0.0;1.0;1.0;0.0;1.0;1.0;0.0;0.0;0.0;1.0;15.0;1.0;8.0;3.0;2.0;6.0;2.0;4.0;3.0;1.0;1.0;1.0;1.0;1.0;2.0;0.0;0.0;0.75;1.0;1.0;1.0;1.0;0
org.apache.jmeter.gui.action.Help;2.0;2.0;2.0;1.0;18.0;0.0;16.0;2.0;2.0;7.0;0.0;0.0;8.0;3.0;0.0;3.0;3.0;0.0;1.0;0.0;2.0;92.0;0.0;80.0;16.0;44.0;13.0;30.0;39.0;13.0;26.0;3.0;3.0;3.0;1.0;1.0;2.0;66.0;0.16;7.0;7.0;7.0;3.0;0
org.apache.jmeter.gui.action.Load;2.0;2.0;2.0;1.0;14.0;0.0;11.0;2.0;2.0;12.0;0.0;0.0;2.0;6.0;0.0;6.0;6.0;0.0;2.0;0.0;4.0;256.0;23.0;184.0;50.0;118.0;49.0;92.0;119.0;47.0;72.0;5.0;5.0;6.0;1.0;1.0;2.0;83.0;0.27;12.0;12.0;13.0;6.0;0
org.apache.jmeter.gui.action.LookAndFeelCommand;2.0;2.0;2.0;1.0;10.0;0.0;10.0;0.0;2.0;2.0;0.0;0.0;1.0;3.0;2.0;3.0;3.0;0.0;0.0;0.0;3.0;63.0;5.0;50.0;11.0;25.0;8.0;15.0;22.0;9.0;13.0;5.0;5.0;5.0;1.0;1.0;1.0;88.0;0.16;7.0;7.0;7.0;3.0;0
org.apache.jmeter.gui.action.New;1.0;1.0;1.0;1.0;15.0;0.0;9.0;4.0;2.0;6.0;0.0;0.0;1.0;3.0;0.0;3.0;3.0;0.0;0.0;0.0;3.0;68.0;8.0;37.0;7.0;20.0;23.0;11.0;17.0;7.0;10.0;3.0;3.0;3.0;1.0;1.0;2.0;66.0;0.62;5.0;5.0;5.0;3.0;0
org.apache.jmeter.gui.action.RemoteStart;2.0;2.0;2.0;1.0;17.0;0.0;14.0;2.0;1.0;7.0;0.0;0.0;2.0;8.0;1.0;8.0;11.0;0.0;5.0;0.0;3.0;187.0;9.0;131.0;31.0;72.0;47.0;51.0;72.0;27.0;45.0;8.0;8.0;8.0;3.0;2.0;2.0;75.0;0.36;20.0;20.0;20.0;12.0;0
org.apache.jmeter.gui.action.Remove;1.0;1.0;1.0;1.0;9.0;0.0;6.0;3.0;2.0;6.0;0.0;1.0;1.0;3.0;0.0;4.0;4.0;0.0;0.0;0.0;4.0;59.0;6.0;33.0;8.0;13.0;20.0;13.0;19.0;9.0;10.0;2.0;2.0;2.0;1.0;1.0;1.0;75.0;0.61;5.0;5.0;5.0;4.0;0
org.apache.jmeter.gui.action.SSLManagerCommand;2.0;2.0;2.0;1.0;13.0;1.0;8.0;4.0;2.0;4.0;0.0;0.0;1.0;3.0;2.0;3.0;3.0;0.0;1.0;0.0;2.0;99.0;9.0;45.0;13.0;24.0;45.0;20.0;30.0;12.0;18.0;3.0;3.0;3.0;1.0;1.0;2.0;77.0;1.0;6.0;6.0;6.0;3.0;0
org.apache.jmeter.gui.action.Save;2.0;2.0;3.0;1.0;17.0;0.0;14.0;3.0;2.0;7.0;0.0;0.0;5.0;6.0;2.0;6.0;6.0;0.0;2.0;0.0;4.0;171.0;15.0;131.0;30.0;64.0;25.0;47.0;68.0;27.0;41.0;8.0;8.0;11.0;3.0;1.0;2.0;78.0;0.19;16.0;16.0;19.0;8.0;0
org.apache.jmeter.gui.action.Start;1.0;1.0;1.0;1.0;14.0;0.0;9.0;4.0;1.0;11.0;0.0;0.0;2.0;4.0;1.0;4.0;7.0;0.0;0.0;1.0;3.0;84.0;9.0;50.0;13.0;28.0;25.0;24.0;32.0;12.0;20.0;3.0;3.0;3.0;1.0;2.0;1.0;66.0;0.5;7.0;7.0;7.0;4.0;0
org.apache.jmeter.gui.tree.JMeterCellRenderer;1.0;1.0;1.0;1.0;9.0;0.0;9.0;0.0;1.0;1.0;0.0;0.0;0.0;2.0;0.0;2.0;2.0;0.0;0.0;0.0;2.0;25.0;3.0;22.0;10.0;6.0;0.0;5.0;9.0;4.0;5.0;2.0;2.0;2.0;1.0;2.0;1.0;0.0;0.0;3.0;3.0;3.0;2.0;0
org.apache.jmeter.gui.tree.JMeterTreeListener;1.0;1.0;1.0;1.0;11.0;0.0;7.0;3.0;5.0;9.0;0.0;0.0;1.0;28.0;9.0;28.0;28.0;0.0;6.0;0.0;22.0;384.0;44.0;232.0;51.0;101.0;108.0;86.0;134.0;51.0;83.0;6.0;6.0;6.0;3.0;1.0;3.0;88.0;0.47;47.0;47.0;50.0;30.0;0
org.apache.jmeter.gui.tree.JMeterTreeModel;2.0;2.0;2.0;1.0;16.0;0.0;11.0;5.0;1.0;9.0;0.0;0.0;0.0;7.0;0.0;7.0;7.0;0.0;1.0;0.0;6.0;127.0;9.0;82.0;14.0;40.0;36.0;28.0;41.0;14.0;27.0;4.0;4.0;5.0;1.0;2.0;2.0;0.0;0.44;14.0;14.0;16.0;7.0;0
org.apache.jmeter.gui.tree.JMeterTreeNode;1.0;1.0;1.0;1.0;6.0;0.0;5.0;1.0;2.0;6.0;0.0;0.0;1.0;14.0;2.0;14.0;14.0;0.0;0.0;0.0;14.0;128.0;20.0;87.0;20.0;28.0;21.0;21.0;39.0;18.0;21.0;2.0;2.0;2.0;1.0;2.0;1.0;88.0;0.24;17.0;17.0;17.0;14.0;0
org.apache.jmeter.gui.util.ButtonPanel;2.0;1.0;2.0;1.0;21.0;0.0;17.0;4.0;1.0;1.0;0.0;0.0;5.0;4.0;5.0;4.0;4.0;0.0;2.0;0.0;2.0;124.0;6.0;79.0;14.0;63.0;39.0;58.0;64.0;14.0;50.0;6.0;2.0;6.0;1.0;2.0;1.0;62.0;0.49;9.0;5.0;9.0;4.0;0
org.apache.jmeter.gui.util.FileDialoger;2.0;2.0;2.0;1.0;20.0;1.0;14.0;5.0;1.0;3.0;0.0;4.0;2.0;1.0;0.0;5.0;5.0;0.0;1.0;0.0;4.0;123.0;10.0;75.0;15.0;37.0;38.0;28.0;43.0;16.0;27.0;6.0;6.0;6.0;1.0;1.0;2.0;50.0;0.51;14.0;14.0;14.0;5.0;0
org.apache.jmeter.gui.util.FilePanel;1.0;1.0;1.0;1.0;10.0;0.0;7.0;2.0;2.0;2.0;0.0;0.0;0.0;9.0;5.0;9.0;9.0;0.0;2.0;0.0;7.0;121.0;12.0;76.0;17.0;37.0;33.0;33.0;46.0;17.0;29.0;3.0;3.0;4.0;1.0;2.0;2.0;71.0;0.43;12.0;12.0;13.0;9.0;0
org.apache.jmeter.gui.util.FocusRequester;1.0;1.0;1.0;1.0;12.0;0.0;8.0;4.0;2.0;0.0;0.0;0.0;1.0;2.0;1.0;2.0;2.0;0.0;0.0;0.0;2.0;41.0;2.0;22.0;6.0;8.0;17.0;6.0;10.0;5.0;5.0;2.0;2.0;2.0;1.0;1.0;1.0;25.0;0.77;3.0;3.0;3.0;2.0;0
org.apache.jmeter.gui.util.JMeterColor;1.0;1.0;1.0;1.0;4.0;0.0;4.0;0.0;1.0;0.0;0.0;0.0;4.0;2.0;0.0;2.0;2.0;0.0;0.0;0.0;2.0;24.0;4.0;14.0;7.0;6.0;6.0;6.0;9.0;7.0;2.0;1.0;1.0;1.0;1.0;2.0;0.0;100.0;0.43;2.0;2.0;2.0;2.0;0
org.apache.jmeter.gui.util.JMeterMenuBar;2.0;2.0;2.0;1.0;21.0;0.0;17.0;4.0;2.0;7.0;0.0;0.0;1.0;20.0;28.0;20.0;20.0;0.0;8.0;0.0;12.0;479.0;9.0;377.0;70.0;231.0;93.0;228.0;272.0;72.0;200.0;4.0;4.0;5.0;1.0;2.0;2.0;90.0;0.25;43.0;43.0;45.0;20.0;0
org.apache.jmeter.gui.util.MenuFactory;2.0;2.0;2.0;1.0;19.0;0.0;14.0;4.0;1.0;9.0;0.0;19.0;36.0;1.0;1.0;20.0;20.0;0.0;2.0;0.0;18.0;501.0;45.0;342.0;76.0;203.0;114.0;156.0;202.0;72.0;130.0;17.0;17.0;18.0;6.0;1.0;3.0;94.0;0.33;43.0;43.0;45.0;25.0;0
org.apache.jmeter.gui.util.MenuInfo;1.0;1.0;1.0;1.0;11.0;0.0;5.0;6.0;1.0;0.0;0.0;0.0;0.0;1.0;2.0;1.0;1.0;0.0;0.0;0.0;1.0;37.0;1.0;10.0;4.0;2.0;26.0;4.0;6.0;4.0;2.0;1.0;1.0;1.0;1.0;1.0;0.0;0.0;2.6;1.0;1.0;1.0;1.0;0
org.apache.jmeter.gui.util.NumberFieldErrorListener;2.0;2.0;2.0;1.0;16.0;0.0;13.0;2.0;1.0;2.0;0.0;1.0;1.0;1.0;0.0;2.0;2.0;0.0;0.0;0.0;2.0;45.0;4.0;30.0;6.0;14.0;11.0;9.0;15.0;6.0;9.0;4.0;4.0;4.0;1.0;2.0;1.0;50.0;0.37;5.0;5.0;5.0;2.0;0
org.apache.jmeter.gui.util.PowerTableModel;1.0;1.0;1.0;1.0;9.0;0.0;7.0;2.0;1.0;1.0;0.0;0.0;0.0;22.0;2.0;22.0;22.0;0.0;2.0;0.0;20.0;244.0;23.0;164.0;40.0;89.0;57.0;71.0;111.0;44.0;67.0;11.0;11.0;11.0;11.0;2.0;2.0;56.0;0.35;39.0;39.0;39.0;32.0;0
org.apache.jmeter.gui.util.TextAreaCellRenderer;2.0;2.0;2.0;1.0;13.0;0.0;11.0;1.0;2.0;1.0;0.0;0.0;0.0;2.0;1.0;2.0;2.0;0.0;0.0;0.0;2.0;38.0;3.0;26.0;9.0;9.0;9.0;7.0;12.0;4.0;8.0;3.0;3.0;4.0;1.0;1.0;1.0;0.0;0.35;4.0;4.0;5.0;2.0;0
org.apache.jmeter.gui.util.TextAreaTableCellEditor;1.0;1.0;1.0;1.0;6.0;0.0;6.0;0.0;3.0;0.0;0.0;0.0;0.0;14.0;6.0;14.0;14.0;0.0;0.0;0.0;14.0;121.0;15.0;100.0;26.0;37.0;6.0;33.0;54.0;22.0;32.0;5.0;5.0;5.0;5.0;1.0;2.0;84.0;0.06;20.0;20.0;20.0;18.0;0
org.apache.jmeter.junit.JMeterTest;2.0;2.0;2.0;1.0;23.0;0.0;19.0;3.0;1.0;10.0;0.0;0.0;1.0;7.0;0.0;7.0;7.0;0.0;2.0;1.0;4.0;182.0;10.0;138.0;28.0;82.0;34.0;51.0;71.0;27.0;44.0;5.0;5.0;5.0;3.0;2.0;4.0;85.0;0.25;19.0;19.0;19.0;11.0;0
org.apache.jmeter.junit.protocol.http.config.HttpConfigSuite;1.0;1.0;1.0;1.0;5.0;0.0;5.0;0.0;1.0;1.0;0.0;1.0;0.0;0.0;0.0;1.0;1.0;0.0;0.0;0.0;1.0;16.0;1.0;7.0;3.0;2.0;8.0;2.0;4.0;3.0;1.0;1.0;1.0;1.0;1.0;1.0;0.0;0.0;1.14;1.0;1.0;1.0;1.0;0
org.apache.jmeter.junit.protocol.http.parser.HtmlParserTester;1.0;1.0;1.0;1.0;16.0;0.0;15.0;3.0;1.0;6.0;0.0;0.0;0.0;13.0;1.0;13.0;13.0;0.0;2.0;0.0;11.0;244.0;16.0;201.0;75.0;159.0;46.0;142.0;156.0;65.0;91.0;1.0;1.0;2.0;1.0;2.0;0.0;23.0;0.23;13.0;13.0;14.0;13.0;0
org.apache.jmeter.modifiers.CounterConfig;1.0;1.0;1.0;1.0;6.0;0.0;6.0;0.0;4.0;8.0;0.0;0.0;6.0;14.0;6.0;14.0;43.0;0.0;0.0;0.0;14.0;133.0;14.0;110.0;33.0;47.0;9.0;39.0;59.0;31.0;28.0;6.0;6.0;7.0;1.0;3.0;4.0;89.0;0.08;19.0;19.0;20.0;14.0;0
org.apache.jmeter.modifiers.UserParameters;1.0;1.0;1.0;1.0;7.0;0.0;5.0;2.0;4.0;8.0;0.0;0.0;3.0;13.0;1.0;13.0;42.0;0.0;2.0;0.0;11.0;126.0;15.0;79.0;24.0;28.0;32.0;23.0;41.0;24.0;17.0;2.0;2.0;3.0;1.0;3.0;1.0;86.0;0.41;17.0;17.0;18.0;13.0;0
org.apache.jmeter.modifiers.gui.CounterConfigGui;1.0;1.0;1.0;1.0;11.0;0.0;9.0;1.0;1.0;5.0;0.0;0.0;0.0;6.0;5.0;6.0;21.0;0.0;1.0;0.0;5.0;79.0;7.0;62.0;12.0;35.0;10.0;35.0;44.0;12.0;32.0;3.0;3.0;3.0;1.0;4.0;2.0;50.0;0.16;8.0;8.0;8.0;6.0;0
org.apache.jmeter.modifiers.gui.UserParametersGui;1.0;1.0;1.0;1.0;13.0;0.0;12.0;1.0;1.0;13.0;0.0;0.0;1.0;9.0;9.0;9.0;24.0;0.0;3.0;1.0;5.0;271.0;35.0;216.0;54.0;146.0;20.0;111.0;143.0;47.0;96.0;3.0;3.0;3.0;1.0;4.0;1.0;80.0;0.09;12.0;12.0;12.0;9.0;0
org.apache.jmeter.protocol.ftp.config.FtpConfig;1.0;1.0;1.0;1.0;5.0;0.0;4.0;1.0;2.0;1.0;0.0;0.0;0.0;7.0;0.0;7.0;36.0;0.0;0.0;0.0;7.0;47.0;4.0;36.0;8.0;11.0;8.0;7.0;16.0;8.0;8.0;2.0;2.0;5.0;1.0;3.0;1.0;0.0;0.22;8.0;8.0;11.0;7.0;0
org.apache.jmeter.protocol.ftp.config.gui.FtpConfigGui;1.0;1.0;1.0;1.0;9.0;0.0;7.0;1.0;1.0;5.0;0.0;0.0;2.0;9.0;3.0;9.0;24.0;0.0;3.0;0.0;6.0;115.0;17.0;76.0;20.0;42.0;22.0;40.0;51.0;20.0;31.0;2.0;2.0;2.0;1.0;4.0;1.0;77.0;0.29;10.0;10.0;10.0;9.0;0
org.apache.jmeter.protocol.ftp.control.gui.FtpTestSamplerGui;1.0;1.0;1.0;1.0;9.0;0.0;7.0;1.0;1.0;7.0;0.0;0.0;0.0;6.0;2.0;6.0;21.0;0.0;1.0;0.0;5.0;77.0;11.0;48.0;12.0;25.0;18.0;27.0;34.0;12.0;22.0;1.0;1.0;1.0;1.0;4.0;0.0;50.0;0.38;6.0;6.0;6.0;6.0;0
org.apache.jmeter.protocol.ftp.sampler.FTPSampler;1.0;1.0;1.0;1.0;9.0;0.0;6.0;2.0;2.0;6.0;0.0;0.0;2.0;10.0;0.0;10.0;37.0;0.0;0.0;0.0;10.0;114.0;10.0;72.0;22.0;34.0;34.0;30.0;43.0;22.0;21.0;3.0;3.0;3.0;1.0;3.0;1.0;80.0;0.47;13.0;13.0;14.0;10.0;0
org.apache.jmeter.protocol.ftp.sampler.FtpClient;2.0;2.0;2.0;1.0;20.0;0.0;14.0;5.0;1.0;1.0;0.0;3.0;3.0;7.0;5.0;10.0;10.0;0.0;0.0;0.0;10.0;334.0;17.0;223.0;62.0;126.0;94.0;113.0;144.0;62.0;82.0;7.0;7.0;7.0;1.0;1.0;3.0;80.0;0.42;20.0;20.0;20.0;10.0;0
org.apache.jmeter.protocol.http.config.MultipartUrlConfig;1.0;1.0;1.0;1.0;6.0;0.0;6.0;0.0;2.0;4.0;0.0;0.0;2.0;15.0;5.0;15.0;15.0;0.0;0.0;0.0;15.0;128.0;16.0;100.0;32.0;42.0;12.0;42.0;62.0;33.0;29.0;4.0;4.0;4.0;1.0;1.0;2.0;89.0;0.12;19.0;19.0;20.0;15.0;0
org.apache.jmeter.protocol.http.config.gui.HttpDefaultsGui;1.0;1.0;1.0;1.0;10.0;0.0;8.0;2.0;1.0;9.0;0.0;0.0;0.0;6.0;5.0;6.0;21.0;0.0;1.0;0.0;5.0;85.0;7.0;60.0;15.0;34.0;18.0;39.0;46.0;15.0;31.0;1.0;1.0;1.0;1.0;4.0;0.0;50.0;0.3;6.0;6.0;6.0;6.0;0
org.apache.jmeter.protocol.http.config.gui.MultipartUrlConfigGui;1.0;1.0;1.0;1.0;21.0;3.0;12.0;5.0;2.0;5.0;0.0;0.0;4.0;9.0;7.0;9.0;20.0;0.0;0.0;2.0;7.0;225.0;40.0;129.0;33.0;87.0;56.0;89.0;102.0;33.0;69.0;4.0;4.0;4.0;3.0;3.0;2.0;77.0;0.43;12.0;12.0;12.0;11.0;0
org.apache.jmeter.protocol.http.config.gui.UrlConfigGui;1.0;1.0;1.0;1.0;21.0;2.0;14.0;4.0;1.0;11.0;1.0;0.0;9.0;11.0;9.0;11.0;11.0;0.0;0.0;7.0;4.0;280.0;44.0;177.0;41.0;122.0;59.0;121.0;136.0;41.0;95.0;3.0;3.0;3.0;1.0;2.0;1.0;79.0;0.33;16.0;16.0;16.0;11.0;0
org.apache.jmeter.protocol.http.control.AuthManager;1.0;1.0;1.0;1.0;10.0;0.0;5.0;5.0;3.0;7.0;0.0;0.0;3.0;15.0;0.0;15.0;44.0;0.0;0.0;0.0;15.0;201.0;20.0;95.0;28.0;32.0;86.0;28.0;45.0;22.0;23.0;3.0;3.0;3.0;3.0;3.0;1.0;86.0;0.91;18.0;18.0;18.0;17.0;0
org.apache.jmeter.protocol.http.control.Authorization;1.0;1.0;1.0;1.0;3.0;0.0;3.0;0.0;2.0;1.0;0.0;0.0;3.0;12.0;0.0;12.0;39.0;1.0;0.0;0.0;11.0;62.0;5.0;49.0;16.0;18.0;8.0;18.0;31.0;16.0;15.0;1.0;1.0;1.0;1.0;2.0;0.0;83.0;0.16;12.0;12.0;12.0;12.0;0
org.apache.jmeter.protocol.http.control.Cookie;1.0;1.0;1.0;1.0;6.0;0.0;3.0;2.0;2.0;3.0;0.0;0.0;7.0;16.0;0.0;16.0;43.0;0.0;0.0;0.0;16.0;133.0;16.0;73.0;25.0;35.0;44.0;32.0;49.0;24.0;25.0;1.0;1.0;1.0;1.0;2.0;0.0;91.0;0.6;16.0;16.0;16.0;16.0;0
org.apache.jmeter.protocol.http.control.CookieManager;1.0;1.0;1.0;1.0;9.0;0.0;8.0;0.0;3.0;4.0;0.0;0.0;4.0;17.0;0.0;17.0;46.0;0.0;0.0;0.0;17.0;215.0;25.0;155.0;45.0;74.0;35.0;60.0;88.0;42.0;46.0;7.0;7.0;8.0;4.0;3.0;3.0;91.0;0.23;29.0;29.0;33.0;20.0;0
org.apache.jmeter.protocol.http.control.Header;1.0;1.0;1.0;1.0;5.0;0.0;3.0;1.0;2.0;1.0;0.0;0.0;2.0;8.0;0.0;8.0;35.0;0.0;0.0;0.0;8.0;58.0;8.0;30.0;11.0;11.0;20.0;11.0;20.0;11.0;9.0;1.0;1.0;1.0;1.0;2.0;0.0;87.0;0.67;8.0;8.0;8.0;8.0;0
org.apache.jmeter.protocol.http.control.HeaderManager;1.0;1.0;2.0;1.0;8.0;0.0;7.0;1.0;2.0;4.0;0.0;0.0;4.0;16.0;0.0;16.0;45.0;0.0;0.0;0.0;16.0;247.0;32.0;126.0;41.0;69.0;89.0;61.0;91.0;41.0;50.0;6.0;6.0;7.0;4.0;3.0;3.0;92.0;0.71;30.0;30.0;32.0;21.0;0
org.apache.jmeter.protocol.http.control.gui.HttpTestSampleGui;1.0;1.0;1.0;1.0;14.0;1.0;9.0;4.0;1.0;6.0;0.0;0.0;0.0;7.0;2.0;7.0;22.0;0.0;2.0;0.0;5.0;144.0;19.0;90.0;24.0;47.0;35.0;48.0;61.0;24.0;37.0;2.0;2.0;2.0;1.0;4.0;1.0;57.0;0.39;8.0;8.0;8.0;7.0;0
org.apache.jmeter.protocol.http.control.gui.SoapSamplerGui;1.0;1.0;1.0;1.0;12.0;0.0;9.0;2.0;1.0;7.0;0.0;0.0;1.0;6.0;2.0;6.0;21.0;0.0;1.0;0.0;5.0;94.0;11.0;64.0;16.0;35.0;19.0;30.0;40.0;16.0;24.0;3.0;3.0;3.0;1.0;4.0;2.0;61.0;0.3;9.0;9.0;9.0;6.0;0
org.apache.jmeter.protocol.http.gui.AuthPanel;3.0;3.0;3.0;1.0;33.0;3.0;23.0;6.0;2.0;9.0;0.0;0.0;1.0;8.0;7.0;8.0;23.0;0.0;0.0;0.0;8.0;508.0;58.0;298.0;56.0;155.0;152.0;129.0;178.0;53.0;125.0;20.0;20.0;20.0;1.0;4.0;5.0;76.0;0.51;29.0;29.0;29.0;8.0;0
org.apache.jmeter.protocol.http.gui.CookiePanel;3.0;3.0;3.0;1.0;27.0;2.0;19.0;4.0;2.0;11.0;0.0;0.0;3.0;11.0;10.0;11.0;26.0;0.0;3.0;0.0;8.0;347.0;44.0;243.0;56.0;142.0;60.0;113.0;147.0;48.0;99.0;20.0;20.0;20.0;1.0;4.0;5.0;88.0;0.25;35.0;35.0;35.0;11.0;0
org.apache.jmeter.protocol.http.gui.HTTPArgumentsPanel;1.0;1.0;1.0;1.0;9.0;0.0;8.0;1.0;1.0;10.0;0.0;0.0;3.0;8.0;0.0;8.0;50.0;0.0;1.0;4.0;3.0;98.0;10.0;71.0;19.0;40.0;17.0;32.0;44.0;19.0;25.0;3.0;3.0;4.0;1.0;5.0;2.0;83.0;0.24;11.0;11.0;14.0;8.0;0
org.apache.jmeter.protocol.http.gui.HeaderPanel;3.0;3.0;3.0;1.0;29.0;3.0;20.0;6.0;3.0;8.0;0.0;0.0;1.0;10.0;7.0;10.0;25.0;0.0;0.0;0.0;10.0;631.0;69.0;394.0;72.0;226.0;168.0;189.0;249.0;73.0;176.0;20.0;20.0;20.0;1.0;4.0;5.0;78.0;0.43;32.0;32.0;32.0;10.0;0
org.apache.jmeter.protocol.http.modifier.AnchorModifier;4.0;4.0;4.0;1.0;28.0;0.0;25.0;2.0;3.0;11.0;0.0;0.0;2.0;6.0;0.0;6.0;33.0;0.0;3.0;0.0;3.0;218.0;9.0;185.0;39.0;103.0;26.0;79.0;108.0;41.0;67.0;8.0;8.0;9.0;4.0;2.0;3.0;58.0;0.14;26.0;26.0;27.0;11.0;0
org.apache.jmeter.protocol.http.modifier.ParamMask;1.0;1.0;1.0;1.0;11.0;0.0;5.0;5.0;2.0;1.0;0.0;0.0;0.0;17.0;7.0;17.0;44.0;0.0;0.0;0.0;17.0;243.0;35.0;100.0;27.0;45.0;108.0;44.0;63.0;27.0;36.0;2.0;2.0;2.0;1.0;2.0;1.0;86.0;1.08;18.0;18.0;18.0;17.0;0
org.apache.jmeter.protocol.http.modifier.ParamModifier;1.0;1.0;1.0;1.0;9.0;0.0;6.0;2.0;4.0;11.0;0.0;0.0;1.0;9.0;0.0;9.0;36.0;0.0;1.0;0.0;8.0;145.0;12.0;64.0;16.0;23.0;69.0;17.0;32.0;16.0;16.0;4.0;4.0;4.0;4.0;2.0;2.0;77.0;1.08;14.0;14.0;14.0;14.0;0
org.apache.jmeter.protocol.http.modifier.URLRewritingModifier;2.0;2.0;2.0;1.0;12.0;0.0;11.0;0.0;3.0;6.0;0.0;0.0;3.0;7.0;4.0;7.0;34.0;0.0;2.0;0.0;5.0;176.0;1.0;166.0;44.0;98.0;12.0;73.0;94.0;38.0;56.0;6.0;6.0;6.0;1.0;2.0;1.0;69.0;0.07;14.0;14.0;14.0;7.0;0
org.apache.jmeter.protocol.http.modifier.UserParameterModifier;1.0;1.0;1.0;1.0;9.0;0.0;6.0;3.0;4.0;11.0;0.0;0.0;2.0;9.0;1.0;9.0;38.0;0.0;0.0;0.0;9.0;128.0;0.0;67.0;23.0;25.0;62.0;19.0;33.0;20.0;13.0;4.0;4.0;4.0;1.0;3.0;2.0;81.0;0.93;13.0;13.0;13.0;9.0;0
org.apache.jmeter.protocol.http.modifier.UserParameterXMLContentHandler;1.0;1.0;1.0;1.0;6.0;0.0;5.0;0.0;2.0;0.0;0.0;0.0;0.0;12.0;5.0;12.0;12.0;0.0;0.0;0.0;12.0;133.0;24.0;74.0;39.0;21.0;36.0;15.0;34.0;18.0;16.0;5.0;5.0;5.0;1.0;1.0;1.0;81.0;0.49;18.0;18.0;18.0;12.0;0
org.apache.jmeter.protocol.http.modifier.UserParameterXMLErrorHandler;1.0;1.0;1.0;1.0;14.0;0.0;14.0;0.0;2.0;0.0;0.0;0.0;1.0;3.0;0.0;3.0;3.0;0.0;0.0;0.0;3.0;64.0;0.0;47.0;6.0;34.0;18.0;7.0;11.0;5.0;6.0;1.0;1.0;1.0;1.0;1.0;0.0;0.0;0.38;3.0;3.0;3.0;3.0;0
org.apache.jmeter.protocol.http.modifier.UserParameterXMLParser;1.0;1.0;1.0;1.0;31.0;9.0;12.0;13.0;1.0;3.0;0.0;0.0;0.0;1.0;1.0;1.0;1.0;0.0;0.0;0.0;1.0;58.0;14.0;15.0;8.0;10.0;33.0;10.0;12.0;7.0;5.0;1.0;1.0;1.0;1.0;1.0;0.0;100.0;2.2;1.0;1.0;1.0;1.0;0
org.apache.jmeter.protocol.http.modifier.UserSequence;1.0;1.0;1.0;1.0;12.0;2.0;6.0;4.0;2.0;0.0;0.0;0.0;1.0;3.0;2.0;3.0;3.0;0.0;0.0;0.0;3.0;70.0;13.0;26.0;9.0;12.0;33.0;11.0;17.0;8.0;9.0;3.0;3.0;3.0;1.0;1.0;1.0;44.0;1.27;5.0;5.0;5.0;3.0;0
org.apache.jmeter.protocol.http.modifier.gui.AnchorModifierGui;1.0;1.0;1.0;1.0;8.0;0.0;5.0;1.0;1.0;4.0;0.0;0.0;0.0;5.0;0.0;5.0;20.0;0.0;1.0;0.0;4.0;48.0;8.0;31.0;9.0;13.0;9.0;13.0;19.0;9.0;10.0;1.0;1.0;1.0;1.0;4.0;0.0;0.0;0.29;5.0;5.0;5.0;5.0;0
org.apache.jmeter.protocol.http.modifier.gui.ParamModifierGui;1.0;1.0;1.0;1.0;23.0;1.0;17.0;4.0;2.0;5.0;0.0;0.0;0.0;11.0;12.0;11.0;26.0;0.0;3.0;1.0;7.0;296.0;33.0;202.0;42.0;146.0;61.0;146.0;164.0;42.0;122.0;5.0;5.0;5.0;1.0;4.0;1.0;79.0;0.3;17.0;17.0;17.0;11.0;0
org.apache.jmeter.protocol.http.modifier.gui.URLRewritingModifierGui;1.0;1.0;1.0;1.0;9.0;0.0;6.0;2.0;1.0;5.0;0.0;0.0;1.0;6.0;2.0;6.0;21.0;0.0;1.0;0.0;5.0;74.0;13.0;43.0;13.0;23.0;18.0;25.0;32.0;13.0;19.0;1.0;1.0;1.0;1.0;4.0;0.0;61.0;0.42;6.0;6.0;6.0;6.0;0
org.apache.jmeter.protocol.http.modifier.gui.UserParameterModifierGui;1.0;1.0;1.0;1.0;6.0;0.0;5.0;1.0;1.0;4.0;0.0;0.0;0.0;8.0;1.0;8.0;23.0;0.0;2.0;0.0;6.0;78.0;3.0;44.0;15.0;25.0;31.0;26.0;35.0;15.0;20.0;1.0;1.0;1.0;1.0;4.0;0.0;62.0;0.7;8.0;8.0;8.0;8.0;0
org.apache.jmeter.protocol.http.parser.FormElement;1.0;1.0;1.0;1.0;8.0;0.0;3.0;4.0;1.0;0.0;0.0;0.0;0.0;9.0;4.0;9.0;9.0;0.0;0.0;0.0;9.0;102.0;10.0;42.0;14.0;8.0;50.0;12.0;22.0;14.0;8.0;1.0;1.0;1.0;1.0;1.0;0.0;77.0;1.19;9.0;9.0;9.0;9.0;0
org.apache.jmeter.protocol.http.parser.HtmlParser;4.0;4.0;4.0;1.0;30.0;3.0;21.0;5.0;2.0;5.0;0.0;12.0;4.0;1.0;1.0;13.0;13.0;0.0;4.0;0.0;9.0;495.0;64.0;321.0;63.0;197.0;110.0;130.0;190.0;58.0;132.0;16.0;16.0;17.0;9.0;1.0;5.0;86.0;0.34;54.0;54.0;64.0;21.0;0
org.apache.jmeter.protocol.http.proxy.Admin;5.0;5.0;5.0;3.0;42.0;2.0;33.0;7.0;1.0;2.0;0.0;0.0;1.0;2.0;7.0;2.0;2.0;1.0;0.0;0.0;1.0;119.0;12.0;79.0;13.0;44.0;30.0;31.0;41.0;12.0;29.0;8.0;8.0;8.0;5.0;2.0;4.0;31.0;0.38;10.0;10.0;10.0;6.0;0
org.apache.jmeter.protocol.http.proxy.Cache;2.0;2.0;2.0;1.0;20.0;2.0;15.0;2.0;1.0;1.0;0.0;0.0;1.0;10.0;4.0;10.0;10.0;0.0;2.0;0.0;8.0;287.0;43.0;166.0;40.0;89.0;79.0;81.0;104.0;39.0;65.0;6.0;6.0;6.0;4.0;1.0;3.0;62.0;0.48;25.0;25.0;26.0;15.0;0
org.apache.jmeter.protocol.http.proxy.Daemon;2.0;2.0;2.0;1.0;20.0;0.0;18.0;2.0;1.0;5.0;0.0;1.0;8.0;6.0;4.0;7.0;7.0;0.0;0.0;0.0;7.0;181.0;7.0;144.0;29.0;80.0;30.0;66.0;83.0;28.0;55.0;6.0;5.0;6.0;5.0;2.0;2.0;77.0;0.21;17.0;16.0;17.0;11.0;0
org.apache.jmeter.protocol.http.proxy.HttpReplyHdr;1.0;1.0;1.0;1.0;12.0;0.0;5.0;5.0;1.0;0.0;0.0;0.0;3.0;22.0;3.0;22.0;22.0;0.0;2.0;0.0;20.0;309.0;42.0;132.0;33.0;62.0;135.0;58.0;85.0;33.0;52.0;4.0;4.0;4.0;1.0;1.0;1.0;91.0;1.02;26.0;26.0;26.0;22.0;0
org.apache.jmeter.protocol.http.proxy.HttpRequestHdr;2.0;2.0;3.0;1.0;21.0;0.0;18.0;3.0;1.0;10.0;0.0;1.0;1.0;12.0;6.0;13.0;13.0;2.0;1.0;0.0;10.0;338.0;3.0;267.0;61.0;150.0;73.0;119.0;162.0;58.0;104.0;6.0;6.0;9.0;3.0;1.0;3.0;83.0;0.27;38.0;38.0;44.0;15.0;0
org.apache.jmeter.protocol.http.proxy.Proxy;2.0;2.0;2.0;1.0;18.0;0.0;17.0;1.0;1.0;10.0;0.0;0.0;1.0;8.0;9.0;8.0;8.0;1.0;3.0;0.0;4.0;193.0;5.0;149.0;61.0;105.0;39.0;80.0;101.0;47.0;54.0;8.0;8.0;8.0;1.0;2.0;3.0;78.0;0.26;21.0;21.0;21.0;8.0;0
org.apache.jmeter.protocol.http.proxy.ProxyControl;1.0;1.0;1.0;1.0;11.0;0.0;8.0;2.0;2.0;17.0;0.0;0.0;5.0;21.0;3.0;21.0;50.0;0.0;1.0;1.0;19.0;264.0;5.0;193.0;40.0;83.0;66.0;64.0;99.0;41.0;58.0;9.0;9.0;11.0;4.0;3.0;5.0;92.0;0.34;36.0;36.0;39.0;27.0;0
org.apache.jmeter.protocol.http.proxy.gui.ProxyControlGui;1.0;1.0;1.0;1.0;12.0;0.0;9.0;1.0;6.0;15.0;0.0;0.0;10.0;28.0;9.0;28.0;41.0;0.0;10.0;4.0;14.0;398.0;55.0;297.0;66.0;167.0;46.0;155.0;202.0;66.0;136.0;9.0;9.0;9.0;1.0;3.0;3.0;90.0;0.15;46.0;46.0;46.0;28.0;0
org.apache.jmeter.protocol.http.sampler.HTTPSampler;2.0;2.0;2.0;1.0;14.0;0.0;11.0;2.0;2.0;20.0;1.0;0.0;37.0;63.0;4.0;63.0;90.0;0.0;9.0;5.0;49.0;1105.0;27.0;883.0;176.0;475.0;213.0;391.0;530.0;179.0;351.0;12.0;12.0;13.0;3.0;3.0;3.0;97.0;0.24;126.0;126.0;133.0;67.0;0
org.apache.jmeter.protocol.http.sampler.HTTPSamplerFull;4.0;4.0;4.0;1.0;47.0;1.0;36.0;10.0;1.0;3.0;0.0;3.0;2.0;6.0;1.0;9.0;9.0;0.0;0.0;7.0;2.0;611.0;30.0;426.0;62.0;265.0;155.0;190.0;241.0;53.0;188.0;13.0;13.0;14.0;7.0;1.0;3.0;55.0;0.36;42.0;42.0;43.0;15.0;0
org.apache.jmeter.protocol.http.sampler.PostWriter;1.0;1.0;2.0;1.0;17.0;0.0;13.0;3.0;1.0;6.0;0.0;0.0;4.0;9.0;0.0;9.0;9.0;0.0;7.0;0.0;2.0;182.0;16.0;129.0;31.0;76.0;38.0;67.0;84.0;30.0;54.0;3.0;3.0;4.0;1.0;1.0;2.0;75.0;0.29;16.0;16.0;18.0;9.0;0
org.apache.jmeter.protocol.http.sampler.SoapSampler;1.0;1.0;1.0;1.0;9.0;0.0;5.0;3.0;1.0;0.0;0.0;0.0;1.0;4.0;0.0;4.0;94.0;0.0;0.0;0.0;4.0;53.0;4.0;27.0;9.0;10.0;22.0;10.0;15.0;7.0;8.0;1.0;1.0;1.0;1.0;4.0;0.0;50.0;0.81;4.0;4.0;4.0;4.0;0
org.apache.jmeter.protocol.http.util.Base64Encoder;1.0;1.0;1.0;1.0;18.0;0.0;12.0;5.0;1.0;0.0;0.0;3.0;2.0;1.0;0.0;4.0;4.0;0.0;0.0;0.0;4.0;98.0;6.0;61.0;24.0;40.0;31.0;33.0;41.0;19.0;22.0;3.0;3.0;3.0;3.0;1.0;1.0;75.0;0.51;7.0;7.0;7.0;6.0;0
org.apache.jmeter.protocol.http.util.HTTPArgument;1.0;1.0;1.0;1.0;9.0;0.0;7.0;1.0;2.0;6.0;0.0;1.0;3.0;13.0;0.0;14.0;50.0;0.0;0.0;0.0;14.0;195.0;22.0;146.0;31.0;66.0;27.0;54.0;81.0;31.0;50.0;3.0;3.0;4.0;1.0;3.0;2.0;85.0;0.18;22.0;22.0;25.0;14.0;0
org.apache.jmeter.protocol.java.config.JavaConfig;1.0;1.0;1.0;1.0;6.0;0.0;4.0;2.0;2.0;5.0;0.0;0.0;1.0;7.0;1.0;7.0;36.0;0.0;0.0;0.0;7.0;73.0;11.0;34.0;11.0;10.0;28.0;10.0;18.0;11.0;7.0;1.0;1.0;1.0;1.0;3.0;0.0;100.0;0.82;7.0;7.0;7.0;7.0;0
org.apache.jmeter.protocol.java.config.gui.JavaConfigGui;1.0;1.0;2.0;1.0;16.0;2.0;13.0;1.0;2.0;13.0;0.0;0.0;2.0;10.0;3.0;10.0;25.0;0.0;0.0;3.0;7.0;193.0;34.0;139.0;39.0;92.0;20.0;71.0;91.0;36.0;55.0;8.0;8.0;9.0;1.0;4.0;6.0;74.0;0.14;19.0;19.0;20.0;10.0;0
org.apache.jmeter.protocol.java.control.gui.JavaTestSamplerGui;1.0;1.0;1.0;1.0;12.0;1.0;6.0;4.0;1.0;6.0;0.0;0.0;0.0;6.0;1.0;6.0;21.0;0.0;1.0;0.0;5.0;92.0;18.0;40.0;12.0;22.0;34.0;22.0;29.0;12.0;17.0;1.0;1.0;1.0;1.0;4.0;0.0;50.0;0.85;6.0;6.0;6.0;6.0;0
org.apache.jmeter.protocol.java.sampler.JavaSampler;1.0;1.0;1.0;1.0;11.0;0.0;7.0;4.0;3.0;10.0;0.0;0.0;4.0;16.0;2.0;16.0;43.0;0.0;4.0;0.0;12.0;261.0;26.0;135.0;33.0;64.0;100.0;49.0;77.0;30.0;47.0;4.0;4.0;4.0;1.0;3.0;3.0;81.0;0.74;23.0;23.0;23.0;16.0;0
org.apache.jmeter.protocol.java.test.SleepTest;1.0;1.0;1.0;1.0;17.0;0.0;7.0;10.0;2.0;3.0;0.0;0.0;2.0;9.0;2.0;9.0;13.0;0.0;4.0;0.0;5.0;207.0;20.0;70.0;23.0;43.0;117.0;38.0;52.0;22.0;30.0;3.0;3.0;3.0;1.0;2.0;2.0;77.0;1.67;13.0;13.0;13.0;9.0;0
org.apache.jmeter.protocol.jdbc.config.DbConfig;1.0;1.0;1.0;1.0;3.0;0.0;3.0;0.0;2.0;1.0;0.0;0.0;0.0;5.0;0.0;5.0;39.0;0.0;0.0;0.0;5.0;26.0;4.0;22.0;6.0;4.0;0.0;4.0;10.0;6.0;4.0;1.0;1.0;1.0;1.0;4.0;0.0;0.0;0.0;5.0;5.0;5.0;5.0;0
org.apache.jmeter.protocol.jdbc.config.PoolConfig;1.0;1.0;1.0;1.0;7.0;0.0;7.0;0.0;2.0;2.0;0.0;0.0;0.0;5.0;0.0;5.0;34.0;0.0;0.0;0.0;5.0;45.0;5.0;40.0;8.0;14.0;0.0;10.0;20.0;8.0;12.0;3.0;3.0;3.0;3.0;3.0;1.0;0.0;0.0;9.0;9.0;9.0;9.0;0
org.apache.jmeter.protocol.jdbc.config.SqlConfig;1.0;1.0;1.0;1.0;3.0;0.0;3.0;0.0;2.0;1.0;0.0;0.0;0.0;3.0;0.0;3.0;32.0;0.0;0.0;0.0;3.0;17.0;3.0;14.0;4.0;2.0;0.0;2.0;6.0;4.0;2.0;1.0;1.0;1.0;1.0;3.0;0.0;0.0;0.0;3.0;3.0;3.0;3.0;0
org.apache.jmeter.protocol.jdbc.config.gui.DbConfigGui;1.0;1.0;1.0;1.0;13.0;1.0;9.0;2.0;1.0;6.0;0.0;0.0;4.0;9.0;4.0;9.0;24.0;0.0;3.0;0.0;6.0;152.0;23.0;100.0;27.0;64.0;29.0;64.0;75.0;27.0;48.0;2.0;2.0;2.0;1.0;4.0;1.0;81.0;0.29;10.0;10.0;10.0;9.0;0
org.apache.jmeter.protocol.jdbc.config.gui.PoolConfigGui;1.0;1.0;1.0;1.0;14.0;1.0;10.0;2.0;2.0;5.0;0.0;0.0;4.0;11.0;3.0;11.0;26.0;0.0;3.0;0.0;8.0;188.0;24.0;127.0;27.0;72.0;37.0;61.0;80.0;27.0;53.0;7.0;7.0;7.0;1.0;4.0;3.0;77.0;0.29;18.0;18.0;18.0;11.0;0
org.apache.jmeter.protocol.jdbc.config.gui.SqlConfigGui;1.0;1.0;1.0;1.0;9.0;0.0;6.0;1.0;1.0;5.0;0.0;0.0;0.0;8.0;2.0;8.0;23.0;0.0;2.0;0.0;6.0;96.0;14.0;60.0;15.0;28.0;22.0;27.0;37.0;15.0;22.0;2.0;2.0;2.0;1.0;4.0;1.0;68.0;0.37;9.0;9.0;9.0;8.0;0
org.apache.jmeter.protocol.jdbc.control.gui.JdbcTestSampleGui;1.0;1.0;1.0;1.0;10.0;1.0;7.0;2.0;1.0;7.0;0.0;0.0;0.0;6.0;3.0;6.0;21.0;0.0;1.0;0.0;5.0;84.0;14.0;51.0;13.0;27.0;19.0;30.0;37.0;13.0;24.0;1.0;1.0;1.0;1.0;4.0;0.0;50.0;0.37;6.0;6.0;6.0;6.0;0
org.apache.jmeter.protocol.jdbc.sampler.JDBCSampler;1.0;1.0;2.0;1.0;11.0;0.0;10.0;1.0;3.0;7.0;0.0;0.0;8.0;17.0;1.0;17.0;44.0;0.0;2.0;0.0;15.0;241.0;17.0;198.0;47.0;98.0;26.0;80.0;114.0;47.0;67.0;9.0;9.0;10.0;1.0;3.0;3.0;91.0;0.13;33.0;33.0;34.0;17.0;0
org.apache.jmeter.protocol.jdbc.util.ConnectionObject;2.0;2.0;2.0;1.0;16.0;0.0;11.0;5.0;2.0;2.0;0.0;0.0;2.0;13.0;9.0;13.0;13.0;0.0;0.0;0.0;13.0;250.0;13.0;160.0;26.0;81.0;85.0;63.0;93.0;25.0;68.0;6.0;6.0;7.0;1.0;1.0;4.0;71.0;0.53;29.0;29.0;30.0;13.0;0
org.apache.jmeter.protocol.jdbc.util.DBConnectionManager;2.0;2.0;2.0;1.0;17.0;0.0;13.0;5.0;1.0;2.0;0.0;1.0;2.0;9.0;4.0;10.0;10.0;0.0;1.0;0.0;9.0;229.0;19.0;141.0;39.0;82.0;75.0;70.0;97.0;37.0;60.0;5.0;5.0;6.0;1.0;1.0;2.0;76.0;0.53;26.0;26.0;28.0;10.0;0
org.apache.jmeter.protocol.jdbc.util.DBKey;1.0;1.0;1.0;1.0;4.0;0.0;4.0;0.0;2.0;0.0;0.0;0.0;0.0;18.0;6.0;18.0;18.0;2.0;0.0;0.0;16.0;115.0;20.0;90.0;26.0;28.0;5.0;32.0;52.0;26.0;26.0;2.0;2.0;2.0;1.0;1.0;1.0;82.0;0.06;19.0;19.0;19.0;18.0;0
org.apache.jmeter.reporters.AbstractListenerElement;1.0;1.0;1.0;1.0;4.0;0.0;4.0;0.0;1.0;1.0;1.0;0.0;0.0;4.0;1.0;4.0;31.0;0.0;0.0;1.0;3.0;33.0;5.0;20.0;7.0;5.0;8.0;6.0;11.0;7.0;4.0;1.0;1.0;1.0;1.0;2.0;0.0;50.0;0.4;4.0;4.0;4.0;4.0;0
org.apache.jmeter.reporters.FileReporter;3.0;3.0;3.0;2.0;27.0;2.0;24.0;0.0;1.0;1.0;0.0;0.0;1.0;3.0;1.0;3.0;3.0;0.0;0.0;0.0;3.0;97.0;9.0;79.0;17.0;47.0;9.0;34.0;44.0;16.0;28.0;8.0;8.0;9.0;6.0;2.0;3.0;33.0;0.11;10.0;10.0;11.0;8.0;0
org.apache.jmeter.reporters.MailerResultCollector;1.0;1.0;1.0;1.0;10.0;0.0;8.0;1.0;2.0;4.0;0.0;1.0;1.0;22.0;12.0;23.0;85.0;0.0;0.0;0.0;23.0;297.0;36.0;212.0;59.0;104.0;49.0;85.0;120.0;54.0;66.0;6.0;6.0;10.0;1.0;4.0;2.0;85.0;0.23;35.0;35.0;39.0;23.0;0
org.apache.jmeter.reporters.ResultCollector;1.0;1.0;2.0;1.0;10.0;0.0;8.0;1.0;7.0;8.0;1.0;4.0;6.0;27.0;6.0;31.0;62.0;0.0;12.0;1.0;18.0;388.0;48.0;291.0;64.0;122.0;50.0;89.0;149.0;58.0;91.0;5.0;5.0;6.0;3.0;3.0;4.0;93.0;0.17;59.0;59.0;64.0;33.0;0
org.apache.jmeter.samplers.AbstractSampler;0.0;0.0;0.0;0.0;0.0;0.0;0.0;0.0;2.0;0.0;9.0;0.0;0.0;0.0;0.0;0.0;27.0;0.0;0.0;0.0;0.0;11.0;1.0;3.0;1.0;0.0;7.0;0.0;1.0;1.0;0.0;0.0;0.0;0.0;0.0;2.0;0.0;0.0;2.33;0.0;0.0;0.0;0.0;0
org.apache.jmeter.samplers.CycleEntry;1.0;1.0;1.0;1.0;3.0;0.0;3.0;0.0;1.0;0.0;0.0;0.0;0.0;1.0;0.0;1.0;11.0;0.0;0.0;0.0;1.0;6.0;1.0;5.0;2.0;0.0;0.0;0.0;2.0;2.0;0.0;1.0;1.0;1.0;1.0;2.0;0.0;0.0;0.0;1.0;1.0;1.0;1.0;0
org.apache.jmeter.samplers.Entry;1.0;1.0;1.0;1.0;10.0;0.0;6.0;3.0;1.0;2.0;1.0;0.0;1.0;10.0;4.0;10.0;10.0;0.0;1.0;0.0;9.0;129.0;11.0;77.0;18.0;26.0;41.0;22.0;37.0;17.0;20.0;3.0;3.0;3.0;1.0;1.0;2.0;80.0;0.53;14.0;14.0;14.0;10.0;0
org.apache.jmeter.samplers.RemoteListenerWrapper;1.0;1.0;1.0;1.0;9.0;0.0;8.0;0.0;4.0;3.0;0.0;0.0;1.0;10.0;1.0;10.0;37.0;0.0;0.0;0.0;10.0;108.0;5.0;92.0;15.0;31.0;11.0;17.0;35.0;13.0;22.0;2.0;2.0;2.0;1.0;2.0;1.0;25.0;0.12;17.0;17.0;17.0;10.0;0
org.apache.jmeter.samplers.RemoteSampleListenerImpl;1.0;1.0;1.0;1.0;8.0;0.0;6.0;2.0;4.0;2.0;0.0;0.0;0.0;11.0;2.0;11.0;11.0;0.0;0.0;0.0;11.0;120.0;11.0;78.0;16.0;21.0;31.0;14.0;35.0;14.0;21.0;3.0;3.0;3.0;1.0;2.0;1.0;59.0;0.4;20.0;20.0;20.0;11.0;0
org.apache.jmeter.samplers.RemoteSampleListenerWrapper;1.0;1.0;1.0;1.0;8.0;0.0;8.0;0.0;3.0;2.0;0.0;0.0;1.0;5.0;1.0;5.0;32.0;0.0;0.0;0.0;5.0;57.0;3.0;46.0;10.0;15.0;8.0;9.0;18.0;8.0;10.0;2.0;2.0;2.0;1.0;2.0;1.0;30.0;0.17;8.0;8.0;8.0;5.0;0
org.apache.jmeter.samplers.RemoteTestListenerWrapper;1.0;1.0;1.0;1.0;8.0;0.0;7.0;0.0;3.0;2.0;0.0;0.0;1.0;7.0;1.0;7.0;34.0;0.0;0.0;0.0;7.0;73.0;3.0;59.0;12.0;19.0;11.0;11.0;23.0;10.0;13.0;2.0;2.0;2.0;1.0;2.0;1.0;35.0;0.19;11.0;11.0;11.0;7.0;0
org.apache.jmeter.samplers.SampleEvent;1.0;1.0;1.0;1.0;3.0;0.0;3.0;0.0;2.0;1.0;0.0;0.0;0.0;4.0;2.0;4.0;4.0;0.0;0.0;0.0;4.0;26.0;4.0;17.0;7.0;4.0;5.0;6.0;11.0;7.0;4.0;1.0;1.0;1.0;1.0;1.0;0.0;50.0;0.29;4.0;4.0;4.0;4.0;0
org.apache.jmeter.samplers.SampleResult;1.0;1.0;1.0;1.0;6.0;0.0;4.0;1.0;2.0;1.0;0.0;0.0;4.0;30.0;14.0;30.0;30.0;0.0;0.0;0.0;30.0;271.0;38.0;163.0;49.0;48.0;70.0;54.0;91.0;49.0;42.0;2.0;2.0;2.0;1.0;1.0;1.0;94.0;0.43;36.0;36.0;37.0;30.0;0
org.apache.jmeter.samplers.gui.AbstractSamplerGui;1.0;1.0;1.0;1.0;9.0;0.0;4.0;5.0;1.0;1.0;5.0;0.0;0.0;2.0;0.0;2.0;15.0;0.0;0.0;0.0;2.0;25.0;4.0;11.0;3.0;2.0;10.0;2.0;5.0;3.0;2.0;1.0;1.0;1.0;1.0;3.0;0.0;0.0;0.91;2.0;2.0;2.0;2.0;0
org.apache.jmeter.save.SaveService;4.0;4.0;4.0;1.0;29.0;2.0;23.0;3.0;2.0;11.0;0.0;24.0;22.0;1.0;0.0;25.0;25.0;0.0;8.0;1.0;16.0;926.0;131.0;668.0;120.0;373.0;128.0;286.0;400.0;124.0;276.0;20.0;20.0;22.0;3.0;1.0;4.0;88.0;0.19;110.0;110.0;116.0;29.0;0
org.apache.jmeter.save.old.BadHandlerException;1.0;1.0;1.0;1.0;3.0;0.0;3.0;0.0;1.0;0.0;0.0;0.0;0.0;3.0;1.0;3.0;3.0;0.0;0.0;0.0;3.0;25.0;3.0;14.0;5.0;2.0;8.0;3.0;7.0;5.0;2.0;1.0;1.0;1.0;1.0;2.0;0.0;33.0;0.57;3.0;3.0;3.0;3.0;0
org.apache.jmeter.save.old.JMeterNameSpaceHandler;2.0;2.0;2.0;1.0;9.0;1.0;8.0;0.0;2.0;4.0;0.0;0.0;2.0;2.0;4.0;2.0;2.0;0.0;0.0;0.0;2.0;53.0;4.0;41.0;14.0;27.0;8.0;16.0;23.0;10.0;13.0;3.0;3.0;3.0;1.0;1.0;1.0;83.0;0.2;4.0;4.0;4.0;2.0;0
org.apache.jmeter.save.old.handlers.AbstractConfigElementHandler;1.0;1.0;1.0;1.0;15.0;2.0;5.0;7.0;1.0;4.0;1.0;0.0;0.0;9.0;2.0;9.0;30.0;0.0;0.0;1.0;8.0;180.0;53.0;54.0;13.0;18.0;73.0;18.0;30.0;13.0;17.0;2.0;2.0;3.0;1.0;2.0;1.0;61.0;1.35;11.0;11.0;12.0;9.0;0
org.apache.jmeter.save.old.handlers.ArgumentsHandler;1.0;1.0;1.0;1.0;6.0;0.0;6.0;0.0;1.0;5.0;0.0;0.0;0.0;8.0;2.0;8.0;29.0;0.0;1.0;0.0;7.0;75.0;9.0;58.0;13.0;22.0;8.0;20.0;32.0;13.0;19.0;2.0;2.0;2.0;1.0;2.0;1.0;68.0;0.14;11.0;11.0;11.0;8.0;0
org.apache.jmeter.save.old.handlers.AssertionHandler;1.0;1.0;1.0;1.0;7.0;0.0;6.0;1.0;2.0;5.0;0.0;0.0;1.0;7.0;1.0;7.0;28.0;0.0;1.0;0.0;6.0;74.0;7.0;52.0;12.0;29.0;15.0;27.0;36.0;11.0;25.0;2.0;2.0;2.0;1.0;2.0;1.0;71.0;0.29;8.0;8.0;8.0;7.0;0
org.apache.jmeter.save.old.handlers.AuthManagerHandler;1.0;1.0;1.0;1.0;5.0;0.0;5.0;0.0;1.0;8.0;0.0;0.0;0.0;6.0;3.0;6.0;27.0;0.0;0.0;0.0;6.0;53.0;5.0;40.0;13.0;15.0;8.0;17.0;25.0;13.0;12.0;2.0;2.0;2.0;1.0;2.0;1.0;83.0;0.2;7.0;7.0;7.0;6.0;0
org.apache.jmeter.save.old.handlers.CookieManagerHandler;1.0;1.0;1.0;1.0;6.0;0.0;6.0;0.0;1.0;7.0;0.0;0.0;0.0;6.0;1.0;6.0;27.0;0.0;0.0;0.0;6.0;54.0;7.0;39.0;11.0;16.0;8.0;15.0;23.0;11.0;12.0;2.0;2.0;2.0;1.0;2.0;1.0;50.0;0.21;7.0;7.0;7.0;6.0;0
org.apache.jmeter.save.old.handlers.FilerHandler;1.0;1.0;1.0;1.0;4.0;0.0;4.0;0.0;1.0;4.0;0.0;0.0;0.0;5.0;1.0;5.0;26.0;0.0;0.0;0.0;5.0;39.0;6.0;25.0;7.0;6.0;8.0;7.0;13.0;7.0;6.0;1.0;1.0;1.0;1.0;2.0;0.0;60.0;0.32;5.0;5.0;5.0;5.0;0
org.apache.jmeter.save.old.handlers.FtpTestHandler;1.0;1.0;1.0;1.0;7.0;0.0;5.0;2.0;1.0;7.0;0.0;0.0;0.0;10.0;1.0;10.0;31.0;0.0;0.0;3.0;7.0;103.0;11.0;54.0;16.0;16.0;38.0;15.0;28.0;14.0;14.0;2.0;2.0;2.0;1.0;2.0;1.0;60.0;0.7;12.0;12.0;12.0;10.0;0
org.apache.jmeter.save.old.handlers.GenericControllerHandler;1.0;1.0;1.0;1.0;12.0;0.0;6.0;6.0;1.0;6.0;1.0;0.0;0.0;8.0;1.0;8.0;29.0;0.0;0.0;3.0;5.0;123.0;12.0;54.0;12.0;20.0;57.0;18.0;29.0;12.0;17.0;3.0;3.0;3.0;1.0;2.0;1.0;75.0;1.06;10.0;10.0;10.0;8.0;0
org.apache.jmeter.save.old.handlers.HeaderManagerHandler;1.0;1.0;1.0;1.0;6.0;0.0;6.0;0.0;1.0;7.0;0.0;0.0;0.0;6.0;1.0;6.0;27.0;0.0;0.0;0.0;6.0;56.0;7.0;41.0;12.0;18.0;8.0;16.0;24.0;12.0;12.0;2.0;2.0;2.0;1.0;2.0;1.0;50.0;0.2;7.0;7.0;7.0;6.0;0
org.apache.jmeter.save.old.handlers.HttpTestSampleHandler;1.0;1.0;1.0;1.0;11.0;0.0;5.0;5.0;1.0;7.0;0.0;0.0;0.0;8.0;1.0;8.0;29.0;0.0;0.0;2.0;6.0;108.0;9.0;47.0;12.0;12.0;52.0;10.0;21.0;11.0;10.0;3.0;3.0;3.0;1.0;2.0;2.0;62.0;1.11;11.0;11.0;11.0;8.0;0
org.apache.jmeter.save.old.handlers.JMeterComponentHandler;1.0;1.0;1.0;1.0;5.0;0.0;5.0;0.0;1.0;4.0;0.0;0.0;0.0;5.0;1.0;5.0;26.0;0.0;0.0;0.0;5.0;42.0;5.0;29.0;8.0;11.0;8.0;12.0;18.0;8.0;10.0;1.0;1.0;1.0;1.0;2.0;0.0;60.0;0.28;5.0;5.0;5.0;5.0;0
org.apache.jmeter.save.old.handlers.JMeterHandler;2.0;2.0;3.0;1.0;17.0;0.0;12.0;4.0;1.0;5.0;0.0;11.0;5.0;1.0;0.0;12.0;12.0;0.0;0.0;0.0;12.0;299.0;19.0;215.0;30.0;141.0;65.0;98.0;124.0;29.0;95.0;19.0;9.0;24.0;4.0;1.0;3.0;91.0;0.3;35.0;25.0;40.0;15.0;0
org.apache.jmeter.save.old.handlers.JdbcTestSampleHandler;1.0;1.0;1.0;1.0;10.0;0.0;5.0;5.0;1.0;6.0;0.0;0.0;1.0;15.0;1.0;15.0;36.0;0.0;3.0;4.0;8.0;191.0;17.0;92.0;25.0;27.0;82.0;20.0;43.0;22.0;21.0;4.0;4.0;4.0;1.0;2.0;1.0;76.0;0.89;22.0;22.0;22.0;15.0;0
org.apache.jmeter.save.old.handlers.LoopControlHandler;1.0;1.0;1.0;1.0;11.0;0.0;6.0;4.0;1.0;6.0;0.0;0.0;0.0;5.0;0.0;5.0;34.0;0.0;0.0;1.0;4.0;63.0;5.0;35.0;7.0;17.0;23.0;17.0;23.0;7.0;16.0;1.0;1.0;1.0;1.0;3.0;0.0;0.0;0.66;5.0;5.0;5.0;5.0;0
org.apache.jmeter.save.old.handlers.ParamMaskHandler;1.0;1.0;1.0;1.0;9.0;0.0;5.0;3.0;1.0;5.0;0.0;0.0;0.0;7.0;1.0;7.0;28.0;0.0;0.0;0.0;7.0;74.0;9.0;41.0;10.0;25.0;24.0;26.0;34.0;10.0;24.0;1.0;1.0;1.0;1.0;2.0;0.0;57.0;0.59;7.0;7.0;7.0;7.0;0
org.apache.jmeter.save.old.handlers.ProxyControlHandler;2.0;2.0;2.0;1.0;17.0;0.0;12.0;4.0;1.0;8.0;0.0;0.0;0.0;5.0;0.0;5.0;35.0;0.0;1.0;0.0;4.0;97.0;10.0;63.0;19.0;39.0;24.0;37.0;48.0;22.0;26.0;7.0;7.0;7.0;1.0;3.0;4.0;0.0;0.38;13.0;13.0;13.0;5.0;0
org.apache.jmeter.save.old.handlers.TestPlanHandler;1.0;1.0;1.0;1.0;9.0;0.0;3.0;6.0;1.0;2.0;0.0;0.0;0.0;5.0;0.0;5.0;26.0;0.0;0.0;0.0;5.0;56.0;5.0;20.0;6.0;2.0;31.0;2.0;8.0;6.0;2.0;1.0;1.0;1.0;1.0;2.0;0.0;0.0;1.55;5.0;5.0;5.0;5.0;0
org.apache.jmeter.save.old.handlers.ThreadGroupHandler;1.0;1.0;1.0;1.0;16.0;0.0;8.0;7.0;1.0;6.0;0.0;0.0;0.0;6.0;1.0;6.0;27.0;0.0;0.0;0.0;6.0;116.0;11.0;52.0;9.0;17.0;53.0;12.0;23.0;9.0;14.0;3.0;3.0;3.0;1.0;2.0;2.0;50.0;1.02;10.0;10.0;10.0;6.0;0
org.apache.jmeter.save.old.handlers.TimerHandler;1.0;1.0;1.0;1.0;8.0;0.0;8.0;0.0;1.0;5.0;0.0;0.0;0.0;7.0;1.0;7.0;28.0;0.0;0.0;0.0;7.0;77.0;6.0;63.0;10.0;29.0;8.0;25.0;36.0;10.0;26.0;2.0;2.0;2.0;1.0;2.0;1.0;42.0;0.13;10.0;10.0;10.0;7.0;0
org.apache.jmeter.save.old.xml.NoCurrentHandlerException;1.0;1.0;1.0;1.0;3.0;0.0;3.0;0.0;1.0;0.0;0.0;0.0;0.0;1.0;0.0;1.0;1.0;0.0;0.0;0.0;1.0;6.0;1.0;5.0;2.0;0.0;0.0;0.0;2.0;2.0;0.0;1.0;1.0;1.0;1.0;2.0;0.0;0.0;0.0;1.0;1.0;1.0;1.0;0
org.apache.jmeter.save.old.xml.TagHandler;1.0;1.0;1.0;1.0;8.0;0.0;8.0;0.0;2.0;1.0;16.0;0.0;1.0;21.0;5.0;21.0;21.0;0.0;1.0;8.0;12.0;222.0;23.0;181.0;37.0;71.0;18.0;53.0;83.0;37.0;46.0;5.0;5.0;5.0;1.0;1.0;3.0;87.0;0.1;38.0;38.0;38.0;21.0;0
org.apache.jmeter.save.old.xml.XmlHandler;2.0;2.0;2.0;1.0;18.0;0.0;12.0;5.0;1.0;5.0;0.0;0.0;1.0;15.0;5.0;15.0;15.0;0.0;4.0;2.0;9.0;305.0;17.0;203.0;39.0;97.0;85.0;65.0;100.0;38.0;62.0;5.0;5.0;5.0;3.0;2.0;2.0;77.0;0.42;34.0;34.0;36.0;17.0;0
org.apache.jmeter.swing.HtmlPane;1.0;1.0;1.0;1.0;4.0;0.0;4.0;0.0;1.0;0.0;0.0;0.0;0.0;1.0;0.0;1.0;1.0;0.0;0.0;0.0;1.0;8.0;1.0;7.0;2.0;1.0;0.0;1.0;3.0;2.0;1.0;1.0;1.0;1.0;1.0;2.0;0.0;0.0;0.0;1.0;1.0;1.0;1.0;0
org.apache.jmeter.testelement.AbstractTestElement;1.0;1.0;1.0;1.0;9.0;0.0;8.0;1.0;3.0;9.0;25.0;0.0;1.0;27.0;2.0;27.0;27.0;0.0;0.0;6.0;21.0;305.0;29.0;227.0;45.0;90.0;49.0;63.0;111.0;45.0;66.0;4.0;4.0;5.0;1.0;1.0;2.0;86.0;0.22;47.0;47.0;49.0;27.0;0
org.apache.jmeter.testelement.TestPlan;1.0;1.0;1.0;1.0;8.0;0.0;6.0;2.0;2.0;9.0;0.0;1.0;5.0;13.0;3.0;14.0;41.0;0.0;1.0;0.0;13.0;166.0;16.0;98.0;26.0;38.0;52.0;33.0;53.0;25.0;28.0;3.0;3.0;3.0;1.0;2.0;2.0;91.0;0.53;19.0;19.0;20.0;14.0;0
org.apache.jmeter.testelement.VariablesCollection;1.0;1.0;1.0;1.0;4.0;0.0;4.0;0.0;2.0;1.0;0.0;0.0;0.0;2.0;1.0;2.0;2.0;0.0;0.0;0.0;2.0;20.0;3.0;11.0;4.0;3.0;6.0;3.0;6.0;4.0;2.0;1.0;1.0;1.0;1.0;1.0;0.0;0.0;0.55;2.0;2.0;2.0;2.0;0
org.apache.jmeter.testelement.WorkBench;1.0;1.0;1.0;1.0;8.0;0.0;3.0;4.0;2.0;0.0;0.0;0.0;1.0;2.0;1.0;2.0;29.0;0.0;0.0;0.0;2.0;31.0;3.0;12.0;5.0;2.0;16.0;3.0;6.0;5.0;1.0;1.0;1.0;1.0;1.0;2.0;0.0;100.0;1.33;2.0;2.0;2.0;2.0;0
org.apache.jmeter.threads.JMeterThread;1.0;1.0;2.0;1.0;12.0;0.0;10.0;1.0;3.0;20.0;0.0;0.0;2.0;16.0;12.0;16.0;16.0;0.0;6.0;0.0;10.0;227.0;12.0;186.0;45.0;88.0;29.0;78.0;110.0;45.0;65.0;6.0;6.0;7.0;1.0;1.0;5.0;85.0;0.16;30.0;30.0;33.0;16.0;0
org.apache.jmeter.threads.JMeterVariables;1.0;1.0;1.0;1.0;4.0;0.0;4.0;0.0;1.0;0.0;0.0;0.0;0.0;11.0;2.0;11.0;11.0;0.0;0.0;0.0;11.0;76.0;12.0;56.0;17.0;18.0;8.0;16.0;30.0;17.0;13.0;2.0;2.0;2.0;1.0;1.0;1.0;63.0;0.14;13.0;13.0;13.0;11.0;0
org.apache.jmeter.threads.ListenerNotifier;2.0;2.0;2.0;1.0;20.0;1.0;9.0;9.0;1.0;4.0;0.0;0.0;2.0;8.0;3.0;8.0;8.0;0.0;3.0;0.0;5.0;220.0;24.0;88.0;24.0;55.0;108.0;38.0;60.0;22.0;38.0;8.0;8.0;9.0;3.0;1.0;3.0;72.0;1.23;20.0;20.0;21.0;10.0;0
org.apache.jmeter.threads.ReflectionThreadGroup;0.0;0.0;0.0;0.0;0.0;0.0;0.0;0.0;1.0;0.0;0.0;0.0;0.0;0.0;0.0;0.0;45.0;0.0;0.0;0.0;0.0;16.0;1.0;3.0;1.0;0.0;12.0;0.0;1.0;1.0;0.0;0.0;0.0;0.0;0.0;3.0;0.0;0.0;4.0;0.0;0.0;0.0;0.0;0
org.apache.jmeter.threads.SamplePackage;1.0;1.0;1.0;1.0;6.0;0.0;5.0;1.0;1.0;9.0;0.0;0.0;1.0;29.0;9.0;29.0;29.0;0.0;2.0;0.0;27.0;244.0;28.0;160.0;43.0;62.0;56.0;64.0;96.0;42.0;54.0;2.0;2.0;2.0;1.0;1.0;1.0;82.0;0.35;31.0;31.0;31.0;29.0;0
org.apache.jmeter.threads.TestCompiler;2.0;2.0;2.0;1.0;12.0;0.0;10.0;2.0;3.0;15.0;0.0;1.0;2.0;14.0;7.0;15.0;15.0;0.0;5.0;0.0;10.0;356.0;26.0;232.0;64.0;106.0;98.0;92.0;141.0;65.0;76.0;11.0;11.0;11.0;1.0;1.0;3.0;88.0;0.42;33.0;33.0;33.0;15.0;0
org.apache.jmeter.threads.ThreadGroup;1.0;1.0;1.0;1.0;7.0;0.0;4.0;3.0;5.0;8.0;1.0;0.0;4.0;18.0;6.0;18.0;45.0;0.0;0.0;0.0;18.0;288.0;27.0;167.0;41.0;63.0;94.0;45.0;78.0;38.0;40.0;2.0;2.0;2.0;1.0;2.0;1.0;95.0;0.56;19.0;19.0;19.0;18.0;0
org.apache.jmeter.threads.gui.ThreadGroupGui;1.0;1.0;1.0;1.0;14.0;1.0;9.0;4.0;1.0;12.0;0.0;0.0;2.0;10.0;3.0;10.0;23.0;0.0;1.0;0.0;9.0;176.0;24.0;102.0;26.0;64.0;50.0;59.0;71.0;26.0;45.0;2.0;2.0;2.0;1.0;3.0;1.0;78.0;0.49;11.0;11.0;11.0;10.0;0
org.apache.jmeter.timers.ConstantTimer;1.0;1.0;1.0;1.0;8.0;0.0;3.0;5.0;4.0;4.0;1.0;0.0;3.0;9.0;3.0;9.0;36.0;0.0;0.0;0.0;9.0;111.0;12.0;45.0;19.0;11.0;54.0;12.0;22.0;16.0;6.0;1.0;1.0;1.0;1.0;2.0;0.0;90.0;1.2;9.0;9.0;9.0;9.0;0
org.apache.jmeter.timers.GaussianRandomTimer;1.0;1.0;1.0;1.0;3.0;0.0;3.0;0.0;2.0;1.0;0.0;0.0;0.0;2.0;0.0;2.0;42.0;0.0;0.0;0.0;2.0;12.0;3.0;9.0;3.0;2.0;0.0;2.0;5.0;3.0;2.0;1.0;1.0;1.0;1.0;4.0;0.0;0.0;0.0;2.0;2.0;2.0;2.0;0
org.apache.jmeter.timers.RandomTimer;1.0;1.0;1.0;1.0;6.0;0.0;4.0;2.0;3.0;2.0;2.0;0.0;1.0;4.0;1.0;4.0;40.0;0.0;0.0;0.0;4.0;47.0;6.0;21.0;7.0;5.0;20.0;6.0;11.0;7.0;4.0;1.0;1.0;1.0;1.0;3.0;0.0;50.0;0.95;4.0;4.0;4.0;4.0;0
org.apache.jmeter.timers.UniformRandomTimer;1.0;1.0;1.0;1.0;4.0;0.0;4.0;0.0;2.0;1.0;0.0;0.0;0.0;2.0;0.0;2.0;42.0;0.0;0.0;0.0;2.0;13.0;2.0;11.0;3.0;2.0;0.0;2.0;5.0;3.0;2.0;1.0;1.0;1.0;1.0;4.0;0.0;0.0;0.0;2.0;2.0;2.0;2.0;0
org.apache.jmeter.timers.gui.AbstractTimerGui;1.0;1.0;1.0;1.0;4.0;0.0;4.0;0.0;1.0;1.0;4.0;0.0;0.0;2.0;0.0;2.0;15.0;0.0;0.0;0.0;2.0;11.0;1.0;10.0;3.0;2.0;0.0;2.0;5.0;3.0;2.0;1.0;1.0;1.0;1.0;3.0;0.0;0.0;0.0;2.0;2.0;2.0;2.0;0
org.apache.jmeter.timers.gui.ConstantTimerGui;1.0;1.0;1.0;1.0;11.0;0.0;6.0;4.0;1.0;4.0;0.0;1.0;0.0;6.0;3.0;7.0;22.0;0.0;1.0;0.0;6.0;102.0;13.0;48.0;14.0;23.0;41.0;24.0;32.0;14.0;18.0;1.0;1.0;1.0;1.0;4.0;0.0;76.0;0.85;7.0;7.0;7.0;7.0;0
org.apache.jmeter.timers.gui.GaussianRandomTimerGui;1.0;1.0;1.0;1.0;14.0;1.0;8.0;4.0;1.0;7.0;0.0;1.0;0.0;6.0;6.0;7.0;22.0;0.0;1.0;0.0;6.0;128.0;20.0;67.0;18.0;41.0;41.0;43.0;51.0;18.0;33.0;1.0;1.0;1.0;1.0;4.0;0.0;76.0;0.61;7.0;7.0;7.0;7.0;0
org.apache.jmeter.timers.gui.UniformRandomTimerGui;1.0;1.0;1.0;1.0;14.0;1.0;8.0;5.0;1.0;7.0;0.0;1.0;0.0;6.0;6.0;7.0;22.0;0.0;1.0;0.0;6.0;130.0;22.0;66.0;18.0;40.0;42.0;42.0;50.0;18.0;32.0;1.0;1.0;1.0;1.0;4.0;0.0;76.0;0.64;7.0;7.0;7.0;7.0;0
org.apache.jmeter.util.ColorHelper;4.0;4.0;4.0;1.0;34.0;0.0;24.0;10.0;1.0;0.0;0.0;1.0;0.0;0.0;0.0;1.0;1.0;0.0;0.0;0.0;1.0;44.0;0.0;27.0;7.0;15.0;17.0;12.0;17.0;7.0;10.0;4.0;4.0;4.0;1.0;1.0;1.0;0.0;0.63;4.0;4.0;4.0;1.0;0
org.apache.jmeter.util.JMeterUtils;2.0;2.0;2.0;1.0;19.0;0.0;13.0;5.0;2.0;4.0;0.0;41.0;26.0;1.0;1.0;42.0;42.0;0.0;1.0;0.0;41.0;889.0;15.0;628.0;141.0;329.0;246.0;217.0;309.0;126.0;183.0;9.0;9.0;9.0;7.0;1.0;4.0;97.0;0.39;95.0;95.0;102.0;51.0;0
org.apache.jmeter.util.JsseSSLManager;4.0;4.0;4.0;1.0;31.0;0.0;25.0;6.0;1.0;3.0;0.0;0.0;1.0;4.0;3.0;4.0;12.0;0.0;1.0;1.0;2.0;195.0;1.0;137.0;24.0;67.0;57.0;52.0;72.0;25.0;47.0;11.0;11.0;11.0;1.0;2.0;2.0;56.0;0.42;18.0;18.0;18.0;4.0;0
org.apache.jmeter.util.SSLManager;3.0;3.0;3.0;1.0;20.0;2.0;15.0;3.0;1.0;3.0;1.0;3.0;5.0;5.0;3.0;8.0;8.0;0.0;0.0;4.0;4.0;245.0;30.0;140.0;28.0;99.0;75.0;63.0;90.0;26.0;64.0;9.0;9.0;10.0;4.0;1.0;4.0;79.0;0.54;26.0;26.0;27.0;11.0;0
org.apache.jmeter.util.StringUtilities;2.0;2.0;2.0;1.0;14.0;0.0;14.0;0.0;1.0;0.0;0.0;1.0;0.0;0.0;0.0;1.0;1.0;0.0;0.0;0.0;1.0;60.0;6.0;48.0;19.0;25.0;8.0;21.0;29.0;19.0;10.0;2.0;2.0;2.0;1.0;1.0;1.0;0.0;0.17;2.0;2.0;2.0;1.0;0
org.apache.jmeter.util.keystore.DefaultKeyStore;2.0;2.0;2.0;1.0;8.0;1.0;7.0;0.0;1.0;0.0;0.0;0.0;0.0;5.0;4.0;5.0;10.0;0.0;0.0;0.0;5.0;58.0;10.0;42.0;16.0;21.0;6.0;24.0;35.0;15.0;20.0;6.0;6.0;6.0;3.0;2.0;3.0;60.0;0.14;10.0;10.0;10.0;7.0;0
org.apache.jmeter.util.keystore.JmeterKeyStore;1.0;1.0;1.0;1.0;6.0;0.0;4.0;1.0;1.0;0.0;2.0;1.0;0.0;4.0;0.0;5.0;5.0;0.0;0.0;0.0;5.0;44.0;6.0;23.0;10.0;9.0;15.0;10.0;14.0;10.0;4.0;3.0;3.0;3.0;3.0;1.0;2.0;0.0;0.65;7.0;7.0;7.0;7.0;0
org.apache.jmeter.util.keystore.PKCS12KeyStore;2.0;2.0;2.0;1.0;13.0;2.0;9.0;1.0;1.0;0.0;0.0;0.0;0.0;5.0;3.0;5.0;10.0;0.0;0.0;0.0;5.0;86.0;17.0;51.0;18.0;28.0;18.0;26.0;39.0;17.0;22.0;7.0;7.0;9.0;4.0;2.0;3.0;60.0;0.35;12.0;12.0;14.0;8.0;0
org.apache.jmeter.visualizers.AssertionVisualizer;1.0;1.0;2.0;1.0;15.0;1.0;10.0;3.0;2.0;3.0;0.0;0.0;0.0;6.0;1.0;6.0;33.0;0.0;2.0;0.0;4.0;109.0;16.0;65.0;15.0;37.0;28.0;34.0;46.0;16.0;30.0;5.0;5.0;6.0;1.0;4.0;4.0;50.0;0.43;11.0;11.0;12.0;6.0;0
org.apache.jmeter.visualizers.BarVisualizer;1.0;1.0;1.0;1.0;7.0;0.0;6.0;0.0;3.0;2.0;0.0;0.0;1.0;7.0;2.0;7.0;7.0;0.0;0.0;0.0;7.0;150.0;31.0;110.0;31.0;54.0;9.0;61.0;79.0;31.0;48.0;1.0;1.0;1.0;1.0;2.0;0.0;61.0;0.08;7.0;7.0;7.0;7.0;0
org.apache.jmeter.visualizers.Graph;1.0;1.0;1.0;1.0;12.0;0.0;7.0;4.0;4.0;5.0;0.0;0.0;2.0;18.0;6.0;18.0;18.0;0.0;2.0;0.0;16.0;269.0;33.0;144.0;38.0;64.0;92.0;55.0;84.0;40.0;44.0;7.0;7.0;7.0;1.0;2.0;2.0;88.0;0.64;25.0;25.0;25.0;18.0;0
org.apache.jmeter.visualizers.GraphAccum;2.0;2.0;2.0;1.0;22.0;1.0;14.0;6.0;3.0;4.0;0.0;0.0;3.0;16.0;5.0;16.0;16.0;0.0;2.0;0.0;14.0;438.0;38.0;249.0;48.0;146.0;151.0;125.0;162.0;50.0;112.0;16.0;16.0;19.0;1.0;2.0;3.0;81.0;0.61;33.0;33.0;36.0;16.0;0
org.apache.jmeter.visualizers.GraphAccumModel;1.0;1.0;1.0;1.0;13.0;0.0;8.0;4.0;3.0;2.0;0.0;0.0;1.0;11.0;10.0;11.0;11.0;0.0;0.0;2.0;9.0;215.0;23.0;102.0;26.0;48.0;90.0;46.0;63.0;26.0;37.0;3.0;3.0;3.0;1.0;1.0;2.0;80.0;0.88;16.0;16.0;16.0;11.0;0
org.apache.jmeter.visualizers.GraphAccumVisualizer;1.0;1.0;1.0;1.0;14.0;1.0;8.0;4.0;4.0;4.0;0.0;0.0;1.0;10.0;3.0;10.0;37.0;0.0;1.0;0.0;9.0;181.0;25.0;93.0;28.0;56.0;63.0;55.0;66.0;25.0;41.0;1.0;1.0;1.0;1.0;4.0;0.0;57.0;0.68;10.0;10.0;10.0;10.0;0
org.apache.jmeter.visualizers.GraphModel;1.0;1.0;1.0;1.0;11.0;0.0;7.0;3.0;3.0;5.0;1.0;0.0;0.0;20.0;10.0;20.0;20.0;0.0;0.0;3.0;17.0;280.0;38.0;159.0;39.0;69.0;83.0;64.0;94.0;39.0;55.0;6.0;6.0;6.0;1.0;1.0;2.0;83.0;0.52;28.0;28.0;28.0;20.0;0
org.apache.jmeter.visualizers.GraphVisualizer;1.0;1.0;1.0;1.0;19.0;1.0;10.0;8.0;5.0;6.0;0.0;0.0;0.0;21.0;17.0;21.0;48.0;0.0;12.0;0.0;9.0;477.0;54.0;244.0;61.0;163.0;179.0;148.0;175.0;55.0;120.0;6.0;6.0;6.0;1.0;4.0;1.0;85.0;0.73;30.0;30.0;30.0;21.0;0
org.apache.jmeter.visualizers.MailerVisualizer;1.0;1.0;1.0;1.0;21.0;1.0;15.0;4.0;5.0;5.0;0.0;0.0;1.0;17.0;12.0;17.0;44.0;0.0;2.0;0.0;15.0;441.0;58.0;272.0;43.0;170.0;111.0;160.0;190.0;41.0;149.0;10.0;10.0;10.0;1.0;4.0;2.0;83.0;0.41;30.0;30.0;30.0;17.0;0
org.apache.jmeter.visualizers.RunningSample;1.0;1.0;1.0;1.0;13.0;0.0;7.0;4.0;1.0;1.0;0.0;0.0;2.0;14.0;9.0;14.0;14.0;0.0;0.0;0.0;14.0;230.0;30.0;122.0;37.0;63.0;79.0;68.0;96.0;37.0;59.0;5.0;5.0;5.0;1.0;1.0;1.0;78.0;0.65;27.0;27.0;27.0;14.0;0
org.apache.jmeter.visualizers.Spline3;3.0;3.0;3.0;1.0;22.0;0.0;16.0;4.0;1.0;0.0;0.0;0.0;3.0;16.0;9.0;16.0;16.0;0.0;0.0;4.0;12.0;457.0;29.0;287.0;50.0;147.0;145.0;154.0;212.0;52.0;160.0;14.0;14.0;15.0;1.0;1.0;3.0;80.0;0.51;57.0;57.0;59.0;16.0;0
org.apache.jmeter.visualizers.SplineModel;1.0;1.0;1.0;1.0;13.0;1.0;6.0;4.0;2.0;5.0;0.0;0.0;0.0;19.0;15.0;19.0;19.0;0.0;0.0;0.0;19.0;316.0;64.0;148.0;41.0;65.0;105.0;64.0;93.0;44.0;49.0;8.0;8.0;8.0;1.0;1.0;3.0;88.0;0.71;28.0;28.0;28.0;19.0;0
org.apache.jmeter.visualizers.SplineVisualizer;1.0;1.0;1.0;1.0;14.0;1.0;9.0;3.0;4.0;6.0;0.0;0.0;0.0;15.0;17.0;15.0;42.0;0.0;0.0;0.0;15.0;402.0;59.0;221.0;60.0;143.0;123.0;139.0;167.0;62.0;105.0;3.0;3.0;3.0;1.0;4.0;2.0;89.0;0.56;19.0;19.0;19.0;15.0;0
org.apache.jmeter.visualizers.SplineVisualizer.SplineGraph;2.0;2.0;2.0;1.0;21.0;2.0;14.0;4.0;1.0;4.0;0.0;0.0;0.0;3.0;5.0;3.0;3.0;0.0;0.0;0.0;3.0;101.0;15.0;51.0;14.0;33.0;36.0;31.0;38.0;16.0;22.0;4.0;4.0;5.0;1.0;2.0;1.0;53.0;0.71;6.0;6.0;7.0;3.0;0
org.apache.jmeter.visualizers.StatVisualizer;1.0;1.0;1.0;1.0;10.0;0.0;6.0;3.0;3.0;6.0;0.0;0.0;1.0;7.0;5.0;7.0;34.0;0.0;1.0;0.0;6.0;264.0;32.0;139.0;37.0;67.0;93.0;61.0;83.0;33.0;50.0;1.0;1.0;1.0;1.0;4.0;0.0;73.0;0.67;7.0;7.0;7.0;7.0;0
org.apache.jmeter.visualizers.StatVisualizerModel;1.0;1.0;1.0;1.0;9.0;0.0;6.0;2.0;2.0;5.0;0.0;0.0;0.0;14.0;5.0;14.0;14.0;0.0;0.0;2.0;12.0;233.0;30.0;155.0;38.0;73.0;48.0;73.0;98.0;37.0;61.0;3.0;3.0;3.0;3.0;1.0;2.0;71.0;0.31;19.0;19.0;19.0;18.0;0
org.apache.jmeter.visualizers.TableDataModel;2.0;1.0;2.0;1.0;10.0;0.0;8.0;1.0;2.0;4.0;0.0;0.0;1.0;15.0;1.0;15.0;35.0;0.0;0.0;0.0;15.0;182.0;23.0;127.0;22.0;54.0;32.0;33.0;62.0;20.0;42.0;9.0;9.0;13.0;9.0;2.0;2.0;86.0;0.25;31.0;28.0;35.0;27.0;0
org.apache.jmeter.visualizers.TableVisualizer;1.0;1.0;1.0;1.0;18.0;1.0;12.0;4.0;3.0;6.0;0.0;0.0;0.0;9.0;7.0;9.0;36.0;0.0;1.0;1.0;7.0;199.0;25.0;122.0;29.0;92.0;52.0;92.0;102.0;29.0;73.0;1.0;1.0;1.0;1.0;4.0;0.0;61.0;0.43;9.0;9.0;9.0;9.0;0
org.apache.jmeter.visualizers.TreeVisualizer;1.0;1.0;1.0;1.0;12.0;0.0;8.0;4.0;3.0;2.0;0.0;0.0;1.0;7.0;11.0;7.0;7.0;0.0;0.0;1.0;6.0;172.0;25.0;74.0;23.0;40.0;73.0;51.0;58.0;23.0;35.0;3.0;3.0;3.0;1.0;2.0;1.0;78.0;0.99;9.0;9.0;9.0;7.0;0
org.apache.jmeter.visualizers.ViewResultsFullVisualizer;3.0;3.0;3.0;1.0;26.0;2.0;17.0;6.0;4.0;3.0;0.0;0.0;6.0;13.0;7.0;13.0;40.0;0.0;1.0;4.0;8.0;458.0;55.0;258.0;56.0;152.0;146.0;125.0;169.0;58.0;111.0;16.0;14.0;18.0;1.0;4.0;4.0;81.0;0.57;42.0;40.0;45.0;13.0;0
org.apache.jmeter.visualizers.WindowedVisualizer;1.0;1.0;1.0;1.0;17.0;3.0;13.0;0.0;2.0;2.0;0.0;0.0;0.0;6.0;6.0;6.0;6.0;0.0;0.0;0.0;6.0;260.0;51.0;196.0;48.0;109.0;13.0;112.0;139.0;49.0;90.0;3.0;3.0;3.0;1.0;2.0;1.0;61.0;0.07;8.0;8.0;8.0;6.0;0
org.apache.jmeter.visualizers.WindowedVisualizer.Graph;1.0;1.0;1.0;1.0;7.0;0.0;7.0;0.0;2.0;0.0;0.0;0.0;0.0;13.0;9.0;13.0;13.0;0.0;0.0;0.0;13.0;128.0;23.0;105.0;27.0;51.0;0.0;50.0;70.0;28.0;42.0;4.0;4.0;4.0;1.0;2.0;2.0;76.0;0.0;19.0;19.0;19.0;13.0;0
org.apache.jmeter.visualizers.gui.AbstractVisualizer;1.0;1.0;1.0;1.0;8.0;0.0;6.0;1.0;4.0;6.0;9.0;0.0;1.0;14.0;3.0;14.0;27.0;0.0;0.0;5.0;9.0;144.0;17.0;95.0;23.0;40.0;32.0;39.0;57.0;23.0;34.0;2.0;2.0;2.0;1.0;3.0;1.0;76.0;0.34;17.0;17.0;17.0;14.0;0
org.apache.jorphan.collections.Data;2.0;2.0;2.0;1.0;15.0;0.0;11.0;4.0;2.0;1.0;0.0;0.0;0.0;35.0;5.0;35.0;35.0;0.0;2.0;0.0;33.0;599.0;44.0;397.0;85.0;214.0;175.0;184.0;276.0;94.0;182.0;9.0;9.0;11.0;3.0;1.0;4.0;68.0;0.44;91.0;91.0;96.0;39.0;0
org.apache.jorphan.collections.HashTree;1.0;1.0;1.0;1.0;12.0;0.0;6.0;6.0;3.0;3.0;2.0;0.0;1.0;64.0;1.0;64.0;64.0;2.0;1.0;5.0;56.0;908.0;25.0;477.0;114.0;193.0;406.0;157.0;264.0;115.0;149.0;7.0;7.0;7.0;7.0;1.0;4.0;78.0;0.85;94.0;94.0;95.0;73.0;0
org.apache.jorphan.collections.ListedHashTree;1.0;1.0;1.0;1.0;7.0;0.0;7.0;0.0;3.0;0.0;0.0;0.0;0.0;23.0;1.0;23.0;87.0;2.0;0.0;0.0;21.0;240.0;27.0;191.0;39.0;81.0;22.0;70.0;110.0;40.0;70.0;7.0;7.0;10.0;1.0;2.0;3.0;34.0;0.12;36.0;36.0;39.0;23.0;0
org.apache.jorphan.collections.SortedHashTree;1.0;1.0;1.0;1.0;5.0;0.0;5.0;0.0;2.0;1.0;0.0;0.0;1.0;8.0;0.0;8.0;72.0;0.0;0.0;0.0;8.0;63.0;9.0;44.0;12.0;17.0;10.0;17.0;28.0;13.0;15.0;2.0;2.0;2.0;1.0;2.0;1.0;100.0;0.23;10.0;10.0;10.0;8.0;0
org.apache.jorphan.gui.ComponentUtil;1.0;1.0;1.0;1.0;22.0;0.0;12.0;8.0;1.0;0.0;0.0;3.0;0.0;0.0;0.0;3.0;3.0;0.0;0.0;0.0;3.0;88.0;5.0;41.0;9.0;23.0;42.0;15.0;21.0;7.0;14.0;3.0;3.0;3.0;3.0;1.0;1.0;0.0;1.02;5.0;5.0;5.0;5.0;0
org.apache.jorphan.gui.JLabeledChoice;1.0;1.0;1.0;1.0;10.0;0.0;6.0;3.0;2.0;2.0;0.0;0.0;0.0;18.0;5.0;18.0;18.0;0.0;2.0;0.0;16.0;244.0;25.0;156.0;32.0;69.0;64.0;68.0;99.0;36.0;63.0;2.0;2.0;2.0;1.0;2.0;1.0;72.0;0.41;22.0;22.0;22.0;18.0;0
org.apache.jorphan.gui.JLabeledPasswordField;1.0;1.0;1.0;1.0;6.0;0.0;4.0;2.0;1.0;0.0;0.0;0.0;0.0;3.0;0.0;3.0;17.0;0.0;0.0;1.0;2.0;23.0;3.0;14.0;4.0;3.0;6.0;3.0;7.0;4.0;3.0;1.0;1.0;1.0;1.0;3.0;0.0;0.0;0.43;3.0;3.0;3.0;3.0;0
org.apache.jorphan.gui.JLabeledTextArea;1.0;1.0;1.0;1.0;12.0;0.0;6.0;5.0;2.0;0.0;0.0;0.0;0.0;12.0;3.0;12.0;12.0;0.0;2.0;0.0;10.0;173.0;16.0;86.0;18.0;38.0;73.0;34.0;52.0;22.0;30.0;2.0;2.0;2.0;1.0;2.0;1.0;63.0;0.85;14.0;14.0;14.0;12.0;0
org.apache.jorphan.gui.JLabeledTextField;1.0;1.0;1.0;1.0;11.0;0.0;6.0;4.0;2.0;0.0;1.0;0.0;0.0;14.0;3.0;14.0;14.0;0.0;1.0;2.0;11.0;185.0;20.0;94.0;20.0;40.0;73.0;38.0;57.0;24.0;33.0;2.0;2.0;2.0;1.0;2.0;1.0;64.0;0.78;15.0;15.0;15.0;14.0;0
org.apache.jorphan.gui.layout.VerticalLayout;2.0;2.0;2.0;1.0;16.0;0.0;10.0;6.0;3.0;0.0;0.0;0.0;6.0;11.0;4.0;11.0;11.0;0.0;1.0;0.0;10.0;242.0;6.0;123.0;38.0;60.0;117.0;58.0;82.0;41.0;41.0;8.0;8.0;8.0;1.0;1.0;3.0;82.0;0.95;22.0;22.0;22.0;11.0;0
org.apache.jorphan.io.TextFile;1.0;1.0;1.0;1.0;13.0;0.0;9.0;4.0;1.0;1.0;0.0;0.0;1.0;5.0;0.0;5.0;5.0;0.0;0.0;0.0;5.0;84.0;5.0;54.0;13.0;24.0;25.0;17.0;27.0;12.0;15.0;4.0;4.0;4.0;1.0;2.0;3.0;60.0;0.46;9.0;9.0;9.0;5.0;0
org.apache.jorphan.logging.LoggingManager;1.0;1.0;1.0;1.0;9.0;0.0;9.0;0.0;1.0;0.0;0.0;4.0;5.0;4.0;1.0;8.0;8.0;0.0;2.0;0.0;6.0;103.0;3.0;94.0;22.0;43.0;6.0;30.0;46.0;20.0;26.0;5.0;5.0;5.0;1.0;1.0;3.0;79.0;0.06;15.0;15.0;15.0;8.0;0
org.apache.jorphan.reflect.ClassFinder;3.0;3.0;3.0;1.0;23.0;0.0;18.0;5.0;1.0;1.0;0.0;21.0;1.0;1.0;0.0;22.0;22.0;0.0;20.0;0.0;2.0;537.0;1.0;412.0;98.0;206.0;126.0;158.0;224.0;75.0;149.0;8.0;8.0;9.0;5.0;1.0;4.0;90.0;0.31;67.0;67.0;75.0;31.0;0