DY
290
43
AvgCyclomatic;AvgCyclomaticModified;AvgCyclomaticStrict;AvgEssential;AvgLine;AvgLineBlank;AvgLineCode;AvgLineComment;CountClassBase;CountClassCoupled;CountClassDerived;CountDeclClassMethod;CountDeclClassVariable;CountDeclInstanceMethod;CountDeclInstanceVariable;CountDeclMethod;CountDeclMethodAll;CountDeclMethodDefault;CountDeclMethodPrivate;CountDeclMethodProtected;CountDeclMethodPublic;CountLine;CountLineBlank;CountLineCode;CountLineCodeDecl;CountLineCodeExe;CountLineComment;CountSemicolon;CountStmt;CountStmtDecl;CountStmtExe;MaxCyclomatic;MaxCyclomaticModified;MaxCyclomaticStrict;MaxEssential;MaxInheritanceTree;MaxNesting;PercentLackOfCohesion;RatioCommentToCode;SumCyclomatic;SumCyclomaticModified;SumCyclomaticStrict;SumEssential
org.apache.jmeter.JMeter;5.0;5.0;6.0;1.0;34.0;1.0;30.0;6.0;2.0;39.0;0.0;3.0;30.0;17.0;3.0;20.0;20.0;0.0;14.0;0.0;6.0;943.0;82.0;760.0;185.0;606.0;224.0;404.0;521.0;171.0;350.0;30.0;23.0;30.0;10.0;1.0;6.0;92.0;0.29;118.0;111.0;127.0;31.0;0
org.apache.jmeter.NewDriver;1.0;1.0;2.0;1.0;13.0;0.0;8.0;7.0;1.0;1.0;0.0;5.0;6.0;1.0;9.0;6.0;6.0;0.0;1.0;0.0;5.0;182.0;20.0;115.0;34.0;81.0;77.0;59.0;82.0;34.0;48.0;4.0;4.0;6.0;1.0;1.0;2.0;91.0;0.67;11.0;11.0;14.0;6.0;0
org.apache.jmeter.ProxyAuthenticator;1.0;1.0;1.0;1.0;11.0;0.0;3.0;7.0;1.0;0.0;0.0;0.0;0.0;2.0;2.0;2.0;2.0;0.0;0.0;1.0;1.0;37.0;3.0;11.0;5.0;3.0;23.0;5.0;8.0;5.0;3.0;1.0;1.0;1.0;1.0;2.0;0.0;0.0;2.09;2.0;2.0;2.0;2.0;0
org.apache.jmeter.assertions.AssertionResult;1.0;1.0;1.0;1.0;8.0;0.0;3.0;5.0;2.0;0.0;0.0;0.0;1.0;13.0;4.0;13.0;13.0;0.0;0.0;0.0;13.0;147.0;17.0;51.0;19.0;19.0;81.0;23.0;37.0;19.0;18.0;2.0;2.0;2.0;1.0;1.0;0.0;76.0;1.59;14.0;14.0;14.0;13.0;0
org.apache.jmeter.assertions.DurationAssertion;2.0;2.0;2.0;1.0;15.0;0.0;10.0;6.0;3.0;3.0;0.0;0.0;1.0;2.0;0.0;2.0;58.0;0.0;1.0;0.0;1.0;43.0;3.0;23.0;10.0;15.0;19.0;11.0;16.0;9.0;7.0;3.0;3.0;3.0;1.0;3.0;2.0;50.0;0.83;4.0;4.0;4.0;2.0;0
org.apache.jmeter.assertions.ResponseAssertion;2.0;1.0;2.0;1.0;10.0;0.0;8.0;1.0;3.0;10.0;0.0;2.0;22.0;36.0;0.0;38.0;94.0;0.0;7.0;0.0;31.0;482.0;78.0;339.0;95.0;222.0;81.0;181.0;254.0;93.0;161.0;22.0;22.0;23.0;6.0;3.0;4.0;94.0;0.24;82.0;75.0;85.0;47.0;0
org.apache.jmeter.assertions.SizeAssertion;2.0;1.0;2.0;1.0;16.0;0.0;11.0;7.0;3.0;5.0;0.0;0.0;9.0;6.0;1.0;6.0;62.0;0.0;1.0;0.0;5.0;136.0;18.0;78.0;23.0;59.0;51.0;48.0;59.0;23.0;36.0;7.0;3.0;7.0;1.0;3.0;1.0;80.0;0.65;15.0;10.0;15.0;6.0;0
org.apache.jmeter.assertions.gui.AbstractAssertionGui;1.0;1.0;1.0;1.0;12.0;0.0;6.0;5.0;1.0;3.0;9.0;0.0;0.0;6.0;1.0;6.0;29.0;0.0;0.0;3.0;3.0;90.0;8.0;38.0;9.0;21.0;44.0;14.0;26.0;9.0;17.0;3.0;3.0;3.0;1.0;3.0;1.0;33.0;1.16;11.0;11.0;11.0;6.0;0
org.apache.jmeter.assertions.gui.AssertionGui;2.0;2.0;2.0;1.0;23.0;3.0;16.0;5.0;1.0;13.0;0.0;0.0;1.0;11.0;15.0;11.0;40.0;0.0;5.0;0.0;6.0;374.0;66.0;221.0;46.0;162.0;107.0;152.0;189.0;47.0;142.0;11.0;11.0;11.0;1.0;4.0;2.0;72.0;0.48;30.0;30.0;30.0;11.0;0
org.apache.jmeter.assertions.gui.DurationAssertionGui;1.0;1.0;1.0;1.0;8.0;0.0;6.0;1.0;1.0;5.0;0.0;0.0;0.0;8.0;1.0;8.0;37.0;0.0;1.0;0.0;7.0;85.0;16.0;57.0;18.0;35.0;16.0;33.0;44.0;17.0;27.0;2.0;2.0;2.0;1.0;4.0;1.0;50.0;0.28;10.0;10.0;10.0;8.0;0
org.apache.jmeter.assertions.gui.SizeAssertionGui;1.0;1.0;1.0;1.0;11.0;0.0;9.0;2.0;3.0;4.0;0.0;0.0;0.0;14.0;8.0;14.0;43.0;0.0;3.0;0.0;11.0;188.0;27.0;142.0;33.0;102.0;32.0;88.0;114.0;32.0;82.0;7.0;7.0;7.0;1.0;4.0;3.0;75.0;0.23;25.0;25.0;25.0;14.0;0
org.apache.jmeter.config.Argument;1.0;1.0;1.0;1.0;9.0;0.0;3.0;5.0;2.0;1.0;1.0;0.0;3.0;11.0;0.0;11.0;60.0;0.0;0.0;0.0;11.0;130.0;14.0;46.0;15.0;20.0;73.0;18.0;32.0;15.0;17.0;3.0;3.0;4.0;3.0;2.0;1.0;66.0;1.59;13.0;13.0;14.0;13.0;0
org.apache.jmeter.config.Arguments;1.0;1.0;1.0;1.0;11.0;0.0;5.0;6.0;2.0;5.0;0.0;0.0;1.0;17.0;0.0;17.0;70.0;0.0;0.0;0.0;17.0;225.0;19.0;101.0;32.0;53.0;108.0;40.0;70.0;32.0;38.0;4.0;4.0;4.0;1.0;3.0;2.0;76.0;1.07;29.0;29.0;29.0;17.0;0
org.apache.jmeter.config.ConfigTestElement;1.0;1.0;1.0;1.0;3.0;0.0;3.0;0.0;3.0;0.0;19.0;0.0;2.0;4.0;0.0;4.0;53.0;0.0;0.0;0.0;4.0;32.0;5.0;17.0;7.0;6.0;10.0;5.0;11.0;7.0;4.0;2.0;2.0;2.0;1.0;2.0;1.0;100.0;0.59;5.0;5.0;5.0;4.0;0
org.apache.jmeter.config.ExtensionsFileFilter;1.0;1.0;1.0;1.0;12.0;0.0;6.0;5.0;1.0;0.0;0.0;0.0;0.0;7.0;2.0;7.0;7.0;0.0;1.0;0.0;6.0;121.0;9.0;49.0;12.0;17.0;63.0;13.0;24.0;12.0;12.0;3.0;3.0;3.0;3.0;2.0;1.0;64.0;1.29;10.0;10.0;11.0;9.0;0
org.apache.jmeter.config.LoginConfig;1.0;1.0;1.0;1.0;7.0;0.0;2.0;4.0;2.0;1.0;1.0;0.0;0.0;6.0;0.0;6.0;59.0;0.0;0.0;0.0;6.0;52.0;5.0;20.0;7.0;5.0;28.0;5.0;12.0;7.0;5.0;1.0;1.0;1.0;1.0;3.0;0.0;0.0;1.4;6.0;6.0;6.0;6.0;0
org.apache.jmeter.config.gui.AbstractConfigGui;1.0;1.0;1.0;1.0;13.0;0.0;3.0;10.0;1.0;1.0;20.0;0.0;0.0;2.0;0.0;2.0;25.0;0.0;0.0;0.0;2.0;29.0;1.0;8.0;3.0;2.0;20.0;2.0;5.0;3.0;2.0;1.0;1.0;1.0;1.0;3.0;0.0;0.0;2.5;2.0;2.0;2.0;2.0;0
org.apache.jmeter.config.gui.AbstractModifierGui;1.0;1.0;1.0;1.0;4.0;0.0;4.0;0.0;1.0;1.0;0.0;0.0;0.0;2.0;0.0;2.0;25.0;0.0;0.0;0.0;2.0;13.0;3.0;10.0;3.0;2.0;0.0;2.0;5.0;3.0;2.0;1.0;1.0;1.0;1.0;3.0;0.0;0.0;0.0;2.0;2.0;2.0;2.0;0
org.apache.jmeter.config.gui.AbstractResponseBasedModifierGui;1.0;1.0;1.0;1.0;4.0;0.0;4.0;0.0;1.0;1.0;0.0;0.0;0.0;2.0;0.0;2.0;25.0;0.0;0.0;0.0;2.0;12.0;2.0;10.0;3.0;2.0;0.0;2.0;5.0;3.0;2.0;1.0;1.0;1.0;1.0;3.0;0.0;0.0;0.0;2.0;2.0;2.0;2.0;0
org.apache.jmeter.config.gui.ArgumentsPanel;1.0;1.0;1.0;1.0;12.0;0.0;7.0;4.0;2.0;9.0;1.0;1.0;4.0;26.0;7.0;27.0;52.0;0.0;3.0;12.0;12.0;409.0;54.0;215.0;55.0;135.0;154.0;113.0;159.0;55.0;104.0;5.0;5.0;5.0;1.0;4.0;3.0;85.0;0.72;45.0;45.0;45.0;27.0;0
org.apache.jmeter.config.gui.LoginConfigGui;1.0;1.0;1.0;1.0;10.0;0.0;5.0;4.0;1.0;5.0;0.0;0.0;0.0;10.0;3.0;10.0;35.0;0.0;3.0;0.0;7.0;130.0;15.0;63.0;21.0;40.0;57.0;39.0;51.0;21.0;30.0;2.0;2.0;2.0;1.0;4.0;1.0;66.0;0.9;11.0;11.0;11.0;10.0;0
org.apache.jmeter.control.GenericController;1.0;1.0;1.0;1.0;9.0;0.0;5.0;4.0;3.0;5.0;16.0;0.0;2.0;26.0;6.0;26.0;75.0;0.0;1.0;18.0;7.0;299.0;33.0;148.0;41.0;76.0;122.0;64.0;105.0;42.0;63.0;6.0;6.0;6.0;1.0;2.0;3.0;89.0;0.82;40.0;40.0;41.0;26.0;0
org.apache.jmeter.control.InterleaveControl;1.0;1.0;1.0;1.0;7.0;0.0;5.0;1.0;2.0;3.0;1.0;0.0;4.0;13.0;4.0;13.0;88.0;0.0;0.0;8.0;5.0;160.0;20.0;86.0;23.0;50.0;55.0;43.0;65.0;23.0;42.0;3.0;3.0;4.0;1.0;3.0;1.0;81.0;0.64;21.0;21.0;22.0;13.0;0
org.apache.jmeter.control.LoopController;1.0;1.0;1.0;1.0;5.0;0.0;4.0;0.0;2.0;6.0;0.0;0.0;3.0;15.0;1.0;15.0;90.0;0.0;3.0;5.0;7.0;134.0;19.0;74.0;22.0;38.0;43.0;31.0;52.0;22.0;30.0;3.0;3.0;3.0;1.0;3.0;2.0;83.0;0.58;20.0;20.0;21.0;15.0;0
org.apache.jmeter.control.ModifyController;1.0;1.0;1.0;1.0;11.0;0.0;6.0;4.0;3.0;5.0;0.0;0.0;0.0;5.0;2.0;5.0;80.0;0.0;0.0;1.0;4.0;74.0;5.0;38.0;11.0;11.0;31.0;8.0;18.0;10.0;8.0;5.0;5.0;5.0;1.0;3.0;3.0;80.0;0.82;9.0;9.0;9.0;5.0;0
org.apache.jmeter.control.NoEntryException;1.0;1.0;1.0;1.0;2.0;0.0;2.0;0.0;1.0;0.0;0.0;0.0;0.0;1.0;0.0;1.0;1.0;0.0;0.0;0.0;1.0;3.0;0.0;3.0;2.0;0.0;0.0;0.0;2.0;2.0;0.0;1.0;1.0;1.0;1.0;2.0;0.0;0.0;0.0;1.0;1.0;1.0;1.0;0
org.apache.jmeter.control.OnceOnlyController;1.0;1.0;1.0;1.0;5.0;0.0;3.0;2.0;3.0;3.0;0.0;0.0;0.0;3.0;0.0;3.0;78.0;0.0;0.0;1.0;2.0;21.0;3.0;12.0;4.0;3.0;6.0;2.0;7.0;4.0;3.0;2.0;2.0;2.0;1.0;3.0;1.0;0.0;0.5;4.0;4.0;4.0;3.0;0
org.apache.jmeter.control.RandomController;1.0;1.0;1.0;1.0;6.0;0.0;4.0;2.0;2.0;0.0;0.0;0.0;1.0;3.0;0.0;3.0;91.0;0.0;0.0;2.0;1.0;26.0;4.0;16.0;5.0;7.0;6.0;5.0;10.0;5.0;5.0;2.0;2.0;2.0;1.0;4.0;1.0;33.0;0.38;4.0;4.0;4.0;3.0;0
org.apache.jmeter.control.gui.AbstractControllerGui;1.0;1.0;1.0;1.0;13.0;0.0;3.0;10.0;1.0;1.0;15.0;0.0;0.0;2.0;0.0;2.0;25.0;0.0;0.0;0.0;2.0;29.0;1.0;8.0;3.0;2.0;20.0;2.0;5.0;3.0;2.0;1.0;1.0;1.0;1.0;3.0;0.0;0.0;2.5;2.0;2.0;2.0;2.0;0
org.apache.jmeter.control.gui.InterleaveControlGui;1.0;1.0;1.0;1.0;6.0;0.0;5.0;1.0;1.0;4.0;0.0;0.0;0.0;7.0;1.0;7.0;32.0;0.0;1.0;0.0;6.0;58.0;9.0;41.0;10.0;22.0;10.0;19.0;29.0;10.0;19.0;2.0;2.0;2.0;1.0;4.0;1.0;42.0;0.24;9.0;9.0;9.0;7.0;0
org.apache.jmeter.control.gui.LogicControllerGui;1.0;1.0;1.0;1.0;5.0;0.0;3.0;1.0;1.0;2.0;4.0;0.0;0.0;5.0;0.0;5.0;30.0;0.0;1.0;0.0;4.0;33.0;4.0;21.0;7.0;9.0;9.0;9.0;15.0;7.0;8.0;1.0;1.0;1.0;1.0;4.0;0.0;0.0;0.43;5.0;5.0;5.0;5.0;0
org.apache.jmeter.control.gui.LoopControlPanel;1.0;1.0;1.0;1.0;14.0;0.0;8.0;6.0;2.0;4.0;0.0;0.0;2.0;12.0;3.0;12.0;37.0;0.0;4.0;0.0;8.0;224.0;26.0;106.0;23.0;71.0;102.0;59.0;79.0;23.0;56.0;3.0;3.0;3.0;1.0;4.0;2.0;75.0;0.96;19.0;19.0;19.0;12.0;0
org.apache.jmeter.control.gui.ModifyControllerGui;1.0;1.0;1.0;1.0;12.0;0.0;7.0;4.0;1.0;6.0;0.0;0.0;0.0;8.0;1.0;8.0;33.0;0.0;1.0;0.0;7.0;116.0;12.0;61.0;17.0;33.0;43.0;30.0;39.0;17.0;22.0;1.0;1.0;1.0;1.0;4.0;0.0;100.0;0.7;8.0;8.0;8.0;8.0;0
org.apache.jmeter.control.gui.OnceOnlyControllerGui;1.0;1.0;1.0;1.0;4.0;0.0;3.0;1.0;1.0;3.0;0.0;0.0;0.0;5.0;0.0;5.0;30.0;0.0;1.0;0.0;4.0;30.0;4.0;21.0;7.0;9.0;6.0;9.0;15.0;7.0;8.0;1.0;1.0;1.0;1.0;4.0;0.0;0.0;0.29;5.0;5.0;5.0;5.0;0
org.apache.jmeter.control.gui.RandomControlGui;1.0;1.0;1.0;1.0;6.0;0.0;5.0;1.0;1.0;5.0;0.0;0.0;0.0;7.0;1.0;7.0;32.0;0.0;1.0;0.0;6.0;57.0;8.0;41.0;10.0;22.0;10.0;19.0;29.0;10.0;19.0;2.0;2.0;2.0;1.0;4.0;1.0;42.0;0.24;9.0;9.0;9.0;7.0;0
org.apache.jmeter.control.gui.TestPlanGui;1.0;1.0;1.0;1.0;11.0;0.0;7.0;4.0;1.0;11.0;0.0;0.0;0.0;11.0;4.0;11.0;34.0;0.0;2.0;1.0;8.0;163.0;20.0;91.0;24.0;61.0;59.0;60.0;75.0;24.0;51.0;3.0;3.0;3.0;1.0;3.0;2.0;63.0;0.65;14.0;14.0;14.0;11.0;0
org.apache.jmeter.control.gui.WorkBenchGui;1.0;1.0;1.0;1.0;9.0;0.0;6.0;3.0;1.0;5.0;0.0;0.0;0.0;7.0;0.0;7.0;30.0;0.0;1.0;0.0;6.0;78.0;7.0;45.0;12.0;29.0;28.0;17.0;25.0;11.0;14.0;1.0;1.0;1.0;1.0;3.0;0.0;0.0;0.62;7.0;7.0;7.0;7.0;0
org.apache.jmeter.ejb.jndi.config.JndiConfig;1.0;1.0;1.0;1.0;5.0;0.0;5.0;0.0;2.0;3.0;0.0;0.0;17.0;9.0;1.0;9.0;9.0;0.0;0.0;0.0;9.0;110.0;12.0;91.0;46.0;53.0;7.0;35.0;48.0;30.0;18.0;2.0;2.0;2.0;1.0;2.0;1.0;96.0;0.08;12.0;12.0;12.0;9.0;0
org.apache.jmeter.ejb.jndi.config.LookupConfig;1.0;1.0;1.0;1.0;5.0;0.0;5.0;0.0;2.0;3.0;0.0;0.0;2.0;7.0;0.0;7.0;7.0;0.0;0.0;0.0;7.0;58.0;8.0;43.0;13.0;15.0;7.0;12.0;22.0;12.0;10.0;2.0;2.0;2.0;1.0;2.0;1.0;71.0;0.16;9.0;9.0;9.0;7.0;0
org.apache.jmeter.ejb.jndi.config.MethodConfig;1.0;1.0;1.0;1.0;5.0;0.0;5.0;0.0;2.0;3.0;0.0;0.0;18.0;31.0;4.0;31.0;31.0;0.0;0.0;0.0;31.0;264.0;34.0;203.0;73.0;79.0;27.0;69.0;109.0;63.0;46.0;2.0;2.0;2.0;1.0;2.0;1.0;95.0;0.13;39.0;39.0;39.0;31.0;0
org.apache.jmeter.ejb.jndi.config.MethodConfigUserObject;4.0;4.0;4.0;1.0;19.0;0.0;19.0;0.0;1.0;1.0;0.0;0.0;10.0;4.0;2.0;4.0;4.0;0.0;0.0;0.0;4.0;111.0;6.0;94.0;20.0;50.0;11.0;32.0;49.0;18.0;31.0;13.0;13.0;14.0;1.0;1.0;3.0;68.0;0.12;16.0;16.0;17.0;4.0;0
org.apache.jmeter.ejb.jndi.config.MethodConfigUserObjectException;1.0;1.0;1.0;1.0;4.0;0.0;4.0;0.0;1.0;0.0;0.0;0.0;1.0;1.0;0.0;1.0;1.0;0.0;0.0;0.0;1.0;18.0;1.0;9.0;4.0;3.0;8.0;2.0;4.0;3.0;1.0;1.0;1.0;1.0;1.0;2.0;0.0;100.0;0.89;1.0;1.0;1.0;1.0;0
org.apache.jmeter.ejb.jndi.config.gui.JndiConfigGui;2.0;2.0;2.0;1.0;12.0;0.0;11.0;0.0;3.0;3.0;0.0;0.0;1.0;9.0;4.0;9.0;9.0;0.0;0.0;2.0;7.0;138.0;18.0;111.0;24.0;57.0;9.0;54.0;73.0;26.0;47.0;5.0;5.0;5.0;3.0;2.0;2.0;73.0;0.08;18.0;18.0;18.0;11.0;0
org.apache.jmeter.ejb.jndi.config.gui.LookupConfigGui;1.0;1.0;1.0;1.0;11.0;0.0;9.0;0.0;3.0;3.0;0.0;0.0;1.0;9.0;4.0;9.0;9.0;0.0;0.0;2.0;7.0;126.0;19.0;96.0;27.0;53.0;11.0;48.0;61.0;24.0;37.0;2.0;2.0;2.0;1.0;2.0;1.0;64.0;0.11;12.0;12.0;12.0;9.0;0
org.apache.jmeter.ejb.jndi.config.gui.MethodConfigDialog;1.0;1.0;1.0;1.0;52.0;2.0;48.0;2.0;1.0;1.0;0.0;0.0;1.0;2.0;4.0;2.0;2.0;0.0;0.0;0.0;2.0;124.0;7.0;106.0;16.0;67.0;11.0;42.0;53.0;17.0;36.0;1.0;1.0;1.0;1.0;2.0;0.0;60.0;0.1;2.0;2.0;2.0;2.0;0
org.apache.jmeter.ejb.jndi.config.gui.MethodConfigGui;3.0;3.0;3.0;1.0;35.0;0.0;28.0;6.0;4.0;6.0;0.0;0.0;4.0;22.0;20.0;22.0;22.0;0.0;0.0;13.0;9.0;817.0;0.0;659.0;142.0;412.0;158.0;360.0;445.0;139.0;306.0;17.0;17.0;21.0;1.0;2.0;4.0;85.0;0.24;68.0;68.0;73.0;22.0;0
org.apache.jmeter.ejb.jndi.control.JndiTestSample;1.0;1.0;1.0;1.0;6.0;0.0;5.0;0.0;2.0;7.0;0.0;0.0;2.0;10.0;1.0;10.0;10.0;0.0;0.0;1.0;9.0;89.0;12.0;64.0;18.0;26.0;13.0;26.0;38.0;16.0;22.0;2.0;2.0;2.0;1.0;2.0;1.0;73.0;0.2;11.0;11.0;11.0;10.0;0
org.apache.jmeter.ejb.jndi.control.gui.JndiTestSampleGui;1.0;1.0;1.0;1.0;8.0;1.0;6.0;0.0;2.0;3.0;0.0;0.0;0.0;4.0;3.0;4.0;4.0;0.0;0.0;1.0;3.0;52.0;10.0;33.0;10.0;15.0;9.0;17.0;22.0;10.0;12.0;1.0;1.0;1.0;1.0;2.0;0.0;58.0;0.27;4.0;4.0;4.0;4.0;0
org.apache.jmeter.ejb.jndi.sampler.JNDISampler;11.0;11.0;15.0;1.0;116.0;1.0;89.0;25.0;2.0;3.0;0.0;0.0;3.0;4.0;0.0;4.0;4.0;0.0;0.0;2.0;2.0;483.0;13.0;362.0;73.0;253.0;108.0;201.0;242.0;74.0;168.0;34.0;34.0;50.0;3.0;1.0;5.0;75.0;0.3;44.0;44.0;60.0;6.0;0
org.apache.jmeter.engine.ClientJMeterEngine;1.0;1.0;1.0;1.0;9.0;0.0;9.0;0.0;3.0;11.0;0.0;1.0;1.0;8.0;3.0;9.0;9.0;0.0;1.0;0.0;8.0;118.0;13.0;92.0;24.0;59.0;18.0;47.0;66.0;23.0;43.0;3.0;3.0;3.0;1.0;1.0;2.0;50.0;0.2;17.0;17.0;17.0;9.0;0
org.apache.jmeter.engine.ConvertListeners;3.0;3.0;4.0;2.0;12.0;0.0;12.0;0.0;2.0;12.0;0.0;0.0;1.0;3.0;0.0;3.0;3.0;0.0;0.0;0.0;3.0;65.0;4.0;39.0;11.0;25.0;23.0;15.0;27.0;11.0;16.0;9.0;9.0;10.0;4.0;1.0;4.0;66.0;0.59;11.0;11.0;12.0;6.0;0
org.apache.jmeter.engine.JMeterEngineException;1.0;1.0;1.0;1.0;3.0;0.0;3.0;0.0;2.0;0.0;0.0;0.0;0.0;2.0;0.0;2.0;2.0;0.0;0.0;0.0;2.0;9.0;1.0;8.0;3.0;2.0;0.0;2.0;5.0;3.0;2.0;1.0;1.0;1.0;1.0;2.0;0.0;0.0;0.0;2.0;2.0;2.0;2.0;0
org.apache.jmeter.engine.LagDetector;1.0;1.0;1.0;1.0;8.0;0.0;5.0;3.0;1.0;0.0;0.0;0.0;2.0;5.0;4.0;5.0;5.0;0.0;0.0;0.0;5.0;66.0;10.0;35.0;13.0;17.0;21.0;18.0;26.0;13.0;13.0;3.0;3.0;3.0;1.0;2.0;2.0;66.0;0.6;7.0;7.0;7.0;5.0;0
org.apache.jmeter.engine.PreCompiler;2.0;2.0;2.0;1.0;9.0;0.0;9.0;0.0;2.0;12.0;0.0;0.0;1.0;5.0;2.0;5.0;5.0;0.0;0.0;0.0;5.0;83.0;8.0;52.0;12.0;29.0;25.0;22.0;35.0;12.0;23.0;8.0;8.0;9.0;1.0;1.0;2.0;53.0;0.48;12.0;12.0;13.0;5.0;0
org.apache.jmeter.engine.RemoteJMeterEngineImpl;1.0;1.0;1.0;1.0;8.0;0.0;7.0;1.0;2.0;6.0;0.0;1.0;5.0;8.0;2.0;9.0;9.0;0.0;2.0;0.0;7.0;114.0;15.0;87.0;26.0;54.0;19.0;47.0;63.0;22.0;41.0;6.0;6.0;6.0;1.0;2.0;2.0;69.0;0.22;15.0;15.0;15.0;9.0;0
org.apache.jmeter.engine.StandardJMeterEngine;2.0;2.0;3.0;1.0;15.0;0.0;13.0;1.0;4.0;22.0;0.0;6.0;8.0;22.0;7.0;28.0;28.0;0.0;11.0;0.0;17.0;555.0;65.0;439.0;112.0;295.0;83.0;222.0;324.0;112.0;212.0;14.0;14.0;18.0;5.0;1.0;4.0;91.0;0.19;83.0;83.0;89.0;32.0;0
org.apache.jmeter.engine.TreeCloner;1.0;1.0;1.0;1.0;4.0;0.0;4.0;0.0;2.0;4.0;0.0;0.0;0.0;6.0;3.0;6.0;6.0;0.0;0.0;0.0;6.0;37.0;9.0;28.0;10.0;13.0;0.0;12.0;20.0;10.0;10.0;2.0;2.0;4.0;1.0;1.0;1.0;61.0;0.0;7.0;7.0;9.0;6.0;0
org.apache.jmeter.exceptions.IllegalUserActionException;1.0;1.0;1.0;1.0;4.0;0.0;3.0;1.0;1.0;0.0;0.0;0.0;0.0;2.0;0.0;2.0;2.0;0.0;0.0;0.0;2.0;11.0;1.0;7.0;3.0;2.0;3.0;2.0;5.0;3.0;2.0;1.0;1.0;1.0;1.0;2.0;0.0;0.0;0.43;2.0;2.0;2.0;2.0;0
org.apache.jmeter.functions.AbstractFunction;1.0;1.0;1.0;1.0;12.0;0.0;6.0;5.0;2.0;6.0;27.0;0.0;0.0;8.0;0.0;8.0;8.0;0.0;0.0;4.0;4.0;107.0;8.0;52.0;18.0;28.0;47.0;14.0;23.0;15.0;8.0;3.0;3.0;4.0;1.0;1.0;1.0;0.0;0.9;12.0;12.0;13.0;8.0;0
org.apache.jmeter.functions.CompoundFunction;2.0;2.0;2.0;1.0;15.0;0.0;15.0;0.0;2.0;7.0;0.0;0.0;5.0;16.0;10.0;16.0;16.0;0.0;4.0;0.0;12.0;485.0;32.0;438.0;74.0;265.0;15.0;170.0;226.0;66.0;160.0;16.0;16.0;18.0;1.0;1.0;5.0;88.0;0.03;42.0;42.0;46.0;16.0;0
org.apache.jmeter.functions.InvalidVariableException;1.0;1.0;1.0;1.0;2.0;0.0;2.0;0.0;1.0;0.0;0.0;0.0;0.0;2.0;0.0;2.0;2.0;0.0;0.0;0.0;2.0;8.0;1.0;7.0;3.0;1.0;0.0;1.0;4.0;3.0;1.0;1.0;1.0;1.0;1.0;2.0;0.0;0.0;0.0;2.0;2.0;2.0;2.0;0
org.apache.jmeter.functions.IterationCounter;1.0;1.0;1.0;1.0;9.0;1.0;7.0;0.0;1.0;6.0;0.0;0.0;2.0;6.0;3.0;6.0;14.0;0.0;1.0;0.0;5.0;98.0;19.0;58.0;19.0;32.0;28.0;29.0;41.0;18.0;23.0;4.0;4.0;5.0;1.0;2.0;1.0;73.0;0.48;9.0;9.0;10.0;6.0;0
org.apache.jmeter.functions.RegexFunction;4.0;4.0;4.0;1.0;20.0;1.0;19.0;1.0;1.0;7.0;0.0;0.0;9.0;9.0;2.0;9.0;17.0;0.0;4.0;0.0;5.0;234.0;34.0;194.0;54.0;136.0;29.0;98.0;141.0;52.0;89.0;24.0;24.0;25.0;9.0;2.0;3.0;86.0;0.15;43.0;43.0;44.0;17.0;0
org.apache.jmeter.functions.ThreadNumber;1.0;1.0;1.0;1.0;3.0;0.0;3.0;0.0;1.0;3.0;0.0;0.0;2.0;4.0;0.0;4.0;12.0;0.0;0.0;0.0;4.0;45.0;6.0;16.0;7.0;6.0;25.0;6.0;11.0;7.0;4.0;1.0;1.0;1.0;1.0;2.0;0.0;75.0;1.56;4.0;4.0;4.0;4.0;0
org.apache.jmeter.functions.UnknownFunction;1.0;1.0;1.0;1.0;6.0;0.0;4.0;1.0;2.0;4.0;0.0;0.0;1.0;8.0;2.0;8.0;8.0;0.0;1.0;0.0;7.0;70.0;11.0;38.0;15.0;12.0;21.0;12.0;22.0;13.0;9.0;2.0;2.0;3.0;1.0;1.0;1.0;75.0;0.55;9.0;9.0;10.0;8.0;0
org.apache.jmeter.functions.gui.FunctionHelper;3.0;3.0;3.0;1.0;17.0;0.0;17.0;1.0;3.0;13.0;0.0;0.0;0.0;5.0;5.0;5.0;5.0;0.0;2.0;0.0;3.0;113.0;10.0;103.0;34.0;76.0;8.0;66.0;81.0;33.0;48.0;6.0;6.0;6.0;1.0;2.0;3.0;52.0;0.08;16.0;16.0;16.0;5.0;0
org.apache.jmeter.gui.AbstractJMeterGuiComponent;1.0;1.0;1.0;1.0;10.0;0.0;4.0;6.0;3.0;9.0;17.0;0.0;1.0;23.0;4.0;23.0;23.0;0.0;2.0;8.0;13.0;303.0;29.0;113.0;35.0;59.0;163.0;58.0;85.0;35.0;50.0;2.0;2.0;2.0;1.0;2.0;1.0;86.0;1.44;26.0;26.0;26.0;23.0;0
org.apache.jmeter.gui.GuiFactory;1.0;1.0;1.0;1.0;1.0;0.0;1.0;0.0;1.0;0.0;0.0;0.0;2.0;1.0;0.0;1.0;1.0;0.0;1.0;0.0;0.0;16.0;3.0;6.0;4.0;2.0;7.0;2.0;4.0;4.0;0.0;1.0;1.0;1.0;1.0;1.0;0.0;100.0;1.17;1.0;1.0;1.0;1.0;0
org.apache.jmeter.gui.GuiPackage;1.0;1.0;1.0;1.0;14.0;0.0;7.0;6.0;2.0;17.0;0.0;6.0;2.0;31.0;10.0;37.0;37.0;0.0;2.0;0.0;35.0;621.0;54.0;278.0;70.0;171.0;297.0;140.0;199.0;70.0;129.0;6.0;6.0;6.0;5.0;1.0;3.0;89.0;1.07;60.0;60.0;61.0;41.0;0
org.apache.jmeter.gui.JMeterFileFilter;1.0;1.0;2.0;1.0;14.0;0.0;4.0;8.0;2.0;0.0;0.0;0.0;0.0;5.0;2.0;5.0;5.0;0.0;0.0;0.0;5.0;88.0;8.0;28.0;8.0;11.0;53.0;12.0;21.0;9.0;12.0;4.0;4.0;4.0;4.0;2.0;2.0;50.0;1.89;8.0;8.0;10.0;8.0;0
org.apache.jmeter.gui.JMeterJListModel;1.0;1.0;1.0;1.0;5.0;0.0;5.0;0.0;1.0;0.0;0.0;0.0;0.0;8.0;1.0;8.0;8.0;0.0;0.0;0.0;8.0;61.0;8.0;45.0;10.0;16.0;8.0;15.0;26.0;10.0;16.0;2.0;2.0;3.0;1.0;2.0;1.0;0.0;0.18;10.0;10.0;11.0;8.0;0
org.apache.jmeter.gui.ListDialog;1.0;1.0;1.0;1.0;13.0;0.0;9.0;4.0;3.0;1.0;0.0;0.0;0.0;13.0;8.0;13.0;13.0;0.0;2.0;0.0;11.0;218.0;26.0;128.0;25.0;73.0;64.0;79.0;95.0;26.0;69.0;2.0;2.0;3.0;1.0;2.0;1.0;82.0;0.5;16.0;16.0;18.0;13.0;0
org.apache.jmeter.gui.MainFrame;1.0;1.0;1.0;1.0;12.0;0.0;7.0;5.0;3.0;9.0;0.0;0.0;2.0;29.0;13.0;29.0;29.0;0.0;6.0;0.0;23.0;480.0;62.0;229.0;65.0;139.0;204.0;131.0;179.0;67.0;112.0;5.0;5.0;5.0;5.0;2.0;4.0;89.0;0.89;37.0;37.0;37.0;33.0;0
org.apache.jmeter.gui.NamePanel;1.0;1.0;1.0;1.0;7.0;0.0;4.0;2.0;2.0;5.0;0.0;0.0;0.0;16.0;3.0;16.0;16.0;0.0;2.0;1.0;13.0;157.0;23.0;79.0;21.0;38.0;58.0;34.0;56.0;24.0;32.0;2.0;2.0;2.0;1.0;2.0;1.0;87.0;0.73;18.0;18.0;18.0;16.0;0
org.apache.jmeter.gui.action.AboutCommand;1.0;1.0;1.0;1.0;20.0;0.0;13.0;5.0;2.0;3.0;0.0;0.0;2.0;3.0;1.0;3.0;3.0;1.0;0.0;0.0;2.0;79.0;7.0;50.0;18.0;35.0;22.0;33.0;40.0;18.0;22.0;2.0;2.0;2.0;1.0;1.0;1.0;77.0;0.44;5.0;5.0;5.0;3.0;0
org.apache.jmeter.gui.action.ActionRouter;3.0;3.0;3.0;1.0;16.0;0.0;12.0;3.0;2.0;7.0;0.0;1.0;2.0;14.0;3.0;15.0;15.0;0.0;3.0;2.0;10.0;271.0;20.0;198.0;50.0;126.0;53.0;88.0;139.0;53.0;86.0;10.0;10.0;10.0;4.0;1.0;6.0;77.0;0.27;52.0;52.0;54.0;21.0;0
org.apache.jmeter.gui.action.AddParent;1.0;1.0;1.0;1.0;6.0;0.0;6.0;0.0;2.0;7.0;0.0;0.0;2.0;5.0;0.0;5.0;5.0;0.0;1.0;1.0;3.0;50.0;8.0;39.0;18.0;23.0;3.0;22.0;30.0;18.0;12.0;2.0;2.0;2.0;1.0;1.0;1.0;80.0;0.08;7.0;7.0;7.0;5.0;0
org.apache.jmeter.gui.action.AddToTree;2.0;2.0;2.0;1.0;13.0;0.0;10.0;3.0;2.0;9.0;0.0;0.0;2.0;3.0;1.0;3.0;3.0;0.0;0.0;0.0;3.0;54.0;6.0;40.0;14.0;24.0;10.0;20.0;27.0;13.0;14.0;5.0;5.0;5.0;1.0;1.0;2.0;77.0;0.25;7.0;7.0;7.0;3.0;0
org.apache.jmeter.gui.action.Analyze;1.0;1.0;1.0;1.0;5.0;0.0;5.0;0.0;2.0;4.0;0.0;0.0;1.0;3.0;0.0;3.0;3.0;0.0;0.0;0.0;3.0;26.0;4.0;22.0;8.0;10.0;1.0;7.0;13.0;7.0;6.0;3.0;3.0;3.0;1.0;1.0;2.0;66.0;0.05;5.0;5.0;5.0;3.0;0
org.apache.jmeter.gui.action.ChangeLanguage;2.0;2.0;2.0;1.0;13.0;0.0;9.0;3.0;2.0;4.0;0.0;0.0;2.0;2.0;0.0;2.0;2.0;0.0;0.0;0.0;2.0;40.0;5.0;26.0;9.0;15.0;9.0;12.0;17.0;8.0;9.0;3.0;3.0;3.0;1.0;1.0;1.0;50.0;0.35;4.0;4.0;4.0;2.0;0
org.apache.jmeter.gui.action.CheckDirty;2.0;2.0;2.0;1.0;12.0;0.0;9.0;3.0;3.0;11.0;0.0;0.0;2.0;7.0;4.0;7.0;7.0;0.0;0.0;0.0;7.0;122.0;13.0;83.0;22.0;55.0;26.0;43.0;63.0;22.0;41.0;7.0;7.0;7.0;1.0;2.0;4.0;73.0;0.31;19.0;19.0;19.0;7.0;0
org.apache.jmeter.gui.action.Clear;3.0;3.0;3.0;1.0;11.0;0.0;11.0;0.0;2.0;7.0;0.0;0.0;2.0;3.0;0.0;3.0;3.0;0.0;0.0;0.0;3.0;55.0;5.0;44.0;16.0;29.0;6.0;21.0;31.0;15.0;16.0;7.0;7.0;7.0;1.0;1.0;4.0;66.0;0.14;9.0;9.0;9.0;3.0;0
org.apache.jmeter.gui.action.CreateFunctionDialog;1.0;1.0;1.0;1.0;4.0;0.0;3.0;1.0;1.0;2.0;0.0;0.0;1.0;3.0;1.0;3.0;3.0;0.0;0.0;0.0;3.0;24.0;4.0;17.0;7.0;6.0;3.0;7.0;11.0;6.0;5.0;1.0;1.0;1.0;1.0;2.0;0.0;50.0;0.18;3.0;3.0;3.0;3.0;0
org.apache.jmeter.gui.action.DragNDrop;3.0;3.0;4.0;1.0;14.0;0.0;12.0;1.0;1.0;9.0;0.0;1.0;1.0;3.0;0.0;4.0;4.0;0.0;1.0;1.0;2.0;69.0;6.0;57.0;17.0;37.0;7.0;34.0;49.0;20.0;29.0;9.0;9.0;13.0;1.0;2.0;3.0;75.0;0.12;14.0;14.0;18.0;4.0;0
org.apache.jmeter.gui.action.EditCommand;1.0;1.0;1.0;1.0;6.0;0.0;5.0;1.0;2.0;6.0;0.0;0.0;1.0;3.0;0.0;3.0;3.0;0.0;0.0;0.0;3.0;33.0;4.0;23.0;7.0;12.0;6.0;10.0;15.0;6.0;9.0;2.0;2.0;2.0;1.0;1.0;1.0;66.0;0.26;4.0;4.0;4.0;3.0;0
org.apache.jmeter.gui.action.EnableComponent;2.0;2.0;2.0;1.0;9.0;0.0;6.0;2.0;2.0;6.0;0.0;0.0;2.0;3.0;0.0;3.0;3.0;0.0;1.0;0.0;2.0;43.0;6.0;28.0;9.0;16.0;9.0;15.0;22.0;9.0;13.0;3.0;3.0;3.0;1.0;1.0;1.0;66.0;0.32;6.0;6.0;6.0;3.0;0
org.apache.jmeter.gui.action.ExitCommand;2.0;2.0;2.0;1.0;12.0;0.0;8.0;5.0;2.0;4.0;0.0;0.0;1.0;3.0;0.0;3.0;3.0;0.0;0.0;0.0;3.0;49.0;5.0;30.0;8.0;17.0;16.0;9.0;17.0;6.0;11.0;5.0;5.0;5.0;1.0;1.0;3.0;66.0;0.53;7.0;7.0;7.0;3.0;0
org.apache.jmeter.gui.action.GlobalMouseListener;1.0;1.0;1.0;1.0;3.0;0.0;3.0;0.0;1.0;1.0;0.0;0.0;1.0;1.0;0.0;1.0;1.0;0.0;0.0;0.0;1.0;10.0;1.0;6.0;3.0;2.0;3.0;2.0;4.0;3.0;1.0;1.0;1.0;1.0;1.0;2.0;0.0;0.0;0.5;1.0;1.0;1.0;1.0;0
org.apache.jmeter.gui.action.Help;2.0;2.0;2.0;1.0;14.0;0.0;11.0;3.0;2.0;8.0;0.0;0.0;9.0;3.0;0.0;3.0;3.0;0.0;1.0;0.0;2.0;86.0;13.0;62.0;17.0;43.0;19.0;35.0;44.0;15.0;29.0;3.0;3.0;3.0;1.0;1.0;2.0;70.0;0.31;7.0;7.0;7.0;3.0;0
org.apache.jmeter.gui.action.Load;4.0;4.0;5.0;1.0;22.0;1.0;19.0;2.0;2.0;18.0;1.0;3.0;3.0;3.0;0.0;6.0;6.0;1.0;0.0;0.0;5.0;154.0;15.0;126.0;30.0;89.0;19.0;64.0;90.0;30.0;60.0;11.0;11.0;12.0;5.0;1.0;3.0;83.0;0.15;28.0;28.0;32.0;10.0;0
org.apache.jmeter.gui.action.LookAndFeelCommand;2.0;2.0;2.0;2.0;11.0;0.0;9.0;3.0;2.0;3.0;1.0;2.0;2.0;3.0;1.0;5.0;5.0;0.0;2.0;0.0;3.0;89.0;9.0;65.0;15.0;42.0;20.0;28.0;42.0;14.0;28.0;5.0;5.0;5.0;4.0;1.0;1.0;86.0;0.31;14.0;14.0;14.0;10.0;0
org.apache.jmeter.gui.action.New;1.0;1.0;1.0;1.0;18.0;0.0;13.0;4.0;2.0;7.0;0.0;0.0;1.0;3.0;0.0;3.0;3.0;0.0;0.0;0.0;3.0;75.0;6.0;47.0;9.0;28.0;22.0;11.0;17.0;7.0;10.0;3.0;3.0;3.0;1.0;1.0;2.0;66.0;0.47;5.0;5.0;5.0;3.0;0
org.apache.jmeter.gui.action.RemoteStart;3.0;3.0;3.0;1.0;16.0;0.0;11.0;4.0;1.0;11.0;0.0;0.0;5.0;8.0;1.0;8.0;8.0;0.0;5.0;0.0;3.0;159.0;15.0;111.0;34.0;80.0;38.0;60.0;85.0;33.0;52.0;12.0;12.0;12.0;3.0;2.0;2.0;81.0;0.34;24.0;24.0;24.0;10.0;0
org.apache.jmeter.gui.action.Remove;1.0;1.0;1.0;1.0;8.0;0.0;6.0;2.0;2.0;7.0;0.0;1.0;1.0;3.0;0.0;4.0;4.0;0.0;0.0;0.0;4.0;50.0;6.0;33.0;13.0;18.0;12.0;17.0;24.0;12.0;12.0;2.0;2.0;2.0;1.0;1.0;1.0;75.0;0.36;6.0;6.0;6.0;4.0;0
org.apache.jmeter.gui.action.SSLManagerCommand;2.0;2.0;2.0;1.0;13.0;1.0;8.0;4.0;2.0;5.0;0.0;0.0;1.0;3.0;2.0;3.0;3.0;0.0;1.0;0.0;2.0;99.0;9.0;43.0;13.0;22.0;51.0;18.0;28.0;12.0;16.0;3.0;3.0;3.0;1.0;1.0;2.0;77.0;1.19;6.0;6.0;6.0;3.0;0
org.apache.jmeter.gui.action.Save;4.0;4.0;4.0;2.0;23.0;0.0;20.0;4.0;2.0;15.0;0.0;0.0;3.0;4.0;0.0;4.0;4.0;1.0;0.0;0.0;3.0;119.0;10.0;90.0;21.0;65.0;28.0;39.0;57.0;18.0;39.0;13.0;13.0;15.0;7.0;1.0;3.0;66.0;0.31;17.0;17.0;19.0;10.0;0
org.apache.jmeter.gui.action.Start;2.0;2.0;2.0;1.0;13.0;0.0;11.0;2.0;1.0;14.0;0.0;0.0;2.0;4.0;1.0;4.0;4.0;0.0;1.0;0.0;3.0;70.0;7.0;55.0;13.0;38.0;8.0;29.0;40.0;12.0;28.0;6.0;6.0;6.0;1.0;2.0;2.0;58.0;0.15;10.0;10.0;10.0;4.0;0
org.apache.jmeter.gui.tree.JMeterCellRenderer;3.0;3.0;3.0;1.0;14.0;0.0;13.0;1.0;1.0;1.0;0.0;0.0;0.0;2.0;0.0;2.0;2.0;0.0;0.0;0.0;2.0;31.0;1.0;28.0;6.0;16.0;3.0;9.0;16.0;5.0;11.0;5.0;5.0;5.0;1.0;2.0;3.0;0.0;0.11;6.0;6.0;6.0;2.0;0
org.apache.jmeter.gui.tree.JMeterTreeListener;1.0;1.0;1.0;1.0;8.0;0.0;6.0;1.0;5.0;12.0;0.0;0.0;1.0;28.0;7.0;28.0;28.0;0.0;6.0;0.0;22.0;272.0;37.0;191.0;49.0;105.0;50.0;91.0;143.0;52.0;91.0;5.0;5.0;5.0;3.0;1.0;3.0;87.0;0.26;51.0;51.0;55.0;32.0;0
org.apache.jmeter.gui.tree.JMeterTreeModel;2.0;2.0;2.0;1.0;12.0;0.0;8.0;3.0;1.0;15.0;0.0;0.0;0.0;15.0;0.0;15.0;15.0;0.0;3.0;0.0;12.0;202.0;18.0;132.0;36.0;86.0;54.0;66.0;97.0;36.0;61.0;5.0;5.0;6.0;4.0;2.0;2.0;0.0;0.41;30.0;30.0;32.0;18.0;0
org.apache.jmeter.gui.tree.JMeterTreeNode;1.0;1.0;1.0;1.0;5.0;0.0;5.0;0.0;2.0;9.0;0.0;0.0;1.0;14.0;1.0;14.0;14.0;0.0;0.0;0.0;14.0;102.0;15.0;84.0;22.0;46.0;4.0;34.0;56.0;21.0;35.0;6.0;6.0;6.0;6.0;2.0;5.0;78.0;0.05;21.0;21.0;21.0;19.0;0
org.apache.jmeter.gui.util.ButtonPanel;2.0;1.0;2.0;1.0;23.0;0.0;21.0;3.0;1.0;1.0;0.0;0.0;5.0;3.0;5.0;3.0;3.0;0.0;1.0;0.0;2.0;89.0;8.0;73.0;13.0;63.0;13.0;58.0;63.0;13.0;50.0;6.0;2.0;6.0;1.0;2.0;1.0;50.0;0.18;8.0;4.0;8.0;3.0;0
org.apache.jmeter.gui.util.FileDialoger;2.0;2.0;3.0;1.0;17.0;0.0;10.0;6.0;1.0;3.0;0.0;5.0;2.0;1.0;0.0;6.0;6.0;0.0;2.0;0.0;4.0;119.0;11.0;68.0;17.0;43.0;44.0;33.0;51.0;18.0;33.0;7.0;7.0;7.0;1.0;1.0;2.0;58.0;0.65;17.0;17.0;18.0;6.0;0
org.apache.jmeter.gui.util.FilePanel;1.0;1.0;1.0;1.0;7.0;0.0;5.0;2.0;2.0;2.0;0.0;0.0;1.0;12.0;6.0;12.0;16.0;0.0;2.0;0.0;10.0;119.0;19.0;75.0;22.0;42.0;30.0;39.0;56.0;22.0;34.0;4.0;4.0;5.0;1.0;3.0;2.0;76.0;0.4;16.0;16.0;17.0;12.0;0
org.apache.jmeter.gui.util.FocusRequester;1.0;1.0;1.0;1.0;5.0;0.0;5.0;0.0;2.0;1.0;0.0;0.0;1.0;2.0;1.0;2.0;2.0;0.0;0.0;0.0;2.0;18.0;3.0;15.0;5.0;7.0;1.0;6.0;10.0;5.0;5.0;2.0;2.0;2.0;1.0;1.0;1.0;25.0;0.07;3.0;3.0;3.0;2.0;0
org.apache.jmeter.gui.util.JMeterColor;1.0;1.0;1.0;1.0;3.0;0.0;3.0;0.0;1.0;0.0;0.0;0.0;3.0;2.0;0.0;2.0;2.0;0.0;0.0;0.0;2.0;15.0;4.0;11.0;6.0;5.0;0.0;5.0;8.0;6.0;2.0;1.0;1.0;1.0;1.0;2.0;0.0;100.0;0.0;2.0;2.0;2.0;2.0;0
org.apache.jmeter.gui.util.JMeterMenuBar;2.0;2.0;2.0;1.0;16.0;1.0;11.0;4.0;2.0;10.0;0.0;9.0;1.0;22.0;33.0;31.0;31.0;0.0;16.0;0.0;15.0;633.0;106.0;418.0;106.0;272.0;165.0;273.0;350.0;113.0;237.0;8.0;8.0;9.0;8.0;2.0;3.0;93.0;0.39;74.0;74.0;79.0;38.0;0
org.apache.jmeter.gui.util.MenuFactory;2.0;2.0;2.0;1.0;11.0;0.0;9.0;2.0;1.0;21.0;0.0;36.0;25.0;1.0;1.0;37.0;37.0;11.0;5.0;0.0;21.0;556.0;62.0;411.0;100.0;280.0;122.0;208.0;292.0;95.0;197.0;18.0;18.0;20.0;11.0;1.0;4.0;96.0;0.3;82.0;82.0;85.0;61.0;0
org.apache.jmeter.gui.util.MenuInfo;1.0;1.0;1.0;1.0;4.0;0.0;4.0;0.0;1.0;1.0;0.0;0.0;0.0;4.0;3.0;4.0;4.0;0.0;0.0;0.0;4.0;34.0;7.0;24.0;8.0;10.0;3.0;12.0;18.0;8.0;10.0;2.0;2.0;2.0;1.0;1.0;1.0;25.0;0.12;5.0;5.0;5.0;4.0;0
org.apache.jmeter.gui.util.NumberFieldErrorListener;2.0;2.0;2.0;1.0;10.0;0.0;10.0;1.0;1.0;2.0;0.0;1.0;1.0;1.0;0.0;2.0;2.0;0.0;0.0;0.0;2.0;27.0;3.0;24.0;6.0;16.0;2.0;9.0;15.0;6.0;9.0;4.0;4.0;4.0;1.0;2.0;1.0;50.0;0.08;5.0;5.0;5.0;2.0;0
org.apache.jmeter.gui.util.PowerTableModel;3.0;3.0;3.0;2.0;9.0;0.0;8.0;1.0;1.0;2.0;0.0;0.0;2.0;22.0;2.0;22.0;22.0;0.0;2.0;0.0;20.0;242.0;25.0;192.0;42.0;126.0;25.0;78.0;121.0;46.0;75.0;38.0;38.0;38.0;38.0;2.0;2.0;77.0;0.13;69.0;69.0;69.0;59.0;0
org.apache.jmeter.gui.util.TextAreaCellRenderer;2.0;2.0;2.0;1.0;9.0;0.0;8.0;1.0;2.0;1.0;0.0;0.0;0.0;2.0;1.0;2.0;2.0;0.0;0.0;0.0;2.0;25.0;3.0;20.0;6.0;10.0;2.0;8.0;13.0;4.0;9.0;3.0;3.0;4.0;1.0;1.0;1.0;0.0;0.1;4.0;4.0;5.0;2.0;0
org.apache.jmeter.gui.util.TextAreaTableCellEditor;1.0;1.0;1.0;1.0;9.0;0.0;4.0;4.0;3.0;1.0;0.0;0.0;0.0;11.0;3.0;11.0;11.0;0.0;0.0;0.0;11.0;273.0;33.0;92.0;30.0;37.0;148.0;36.0;63.0;31.0;32.0;1.0;1.0;1.0;1.0;2.0;0.0;54.0;1.61;11.0;11.0;11.0;11.0;0
org.apache.jmeter.junit.JMeterTest;2.0;2.0;3.0;1.0;15.0;0.0;14.0;1.0;1.0;16.0;0.0;9.0;7.0;20.0;4.0;29.0;35.0;0.0;10.0;0.0;19.0;574.0;49.0;438.0;131.0;312.0;110.0;260.0;343.0;138.0;205.0;15.0;15.0;15.0;4.0;3.0;5.0;91.0;0.25;84.0;84.0;91.0;40.0;0
org.apache.jmeter.junit.protocol.http.config.HttpConfigSuite;1.0;1.0;1.0;1.0;4.0;0.0;3.0;1.0;1.0;0.0;0.0;1.0;0.0;1.0;0.0;2.0;2.0;0.0;1.0;0.0;1.0;15.0;1.0;7.0;4.0;2.0;7.0;2.0;5.0;4.0;1.0;1.0;1.0;1.0;1.0;1.0;0.0;0.0;1.0;2.0;2.0;2.0;2.0;0
org.apache.jmeter.junit.protocol.http.parser.HtmlParserTester;1.0;1.0;1.0;1.0;14.0;0.0;13.0;2.0;1.0;10.0;0.0;0.0;0.0;14.0;2.0;14.0;20.0;0.0;2.0;0.0;12.0;231.0;15.0;199.0;77.0;169.0;36.0;155.0;170.0;67.0;103.0;1.0;1.0;2.0;1.0;3.0;0.0;21.0;0.18;14.0;14.0;15.0;14.0;0
org.apache.jmeter.modifiers.CounterConfig;1.0;1.0;1.0;1.0;4.0;0.0;4.0;0.0;4.0;7.0;0.0;0.0;7.0;23.0;2.0;23.0;72.0;0.0;3.0;0.0;20.0;162.0;32.0;116.0;40.0;59.0;20.0;49.0;80.0;40.0;40.0;4.0;4.0;5.0;4.0;2.0;2.0;89.0;0.17;30.0;30.0;33.0;26.0;0
org.apache.jmeter.modifiers.UserParameters;1.0;1.0;1.0;1.0;6.0;0.0;5.0;2.0;4.0;8.0;0.0;0.0;5.0;15.0;1.0;15.0;64.0;0.0;3.0;1.0;11.0;152.0;20.0;84.0;29.0;43.0;57.0;34.0;59.0;29.0;30.0;4.0;4.0;5.0;1.0;2.0;2.0;85.0;0.68;23.0;23.0;24.0;15.0;0
org.apache.jmeter.modifiers.gui.CounterConfigGui;1.0;1.0;1.0;1.0;11.0;0.0;8.0;3.0;1.0;5.0;0.0;0.0;0.0;7.0;6.0;7.0;32.0;0.0;1.0;0.0;6.0;89.0;11.0;66.0;13.0;45.0;24.0;46.0;55.0;13.0;42.0;2.0;2.0;2.0;1.0;4.0;1.0;42.0;0.36;8.0;8.0;8.0;7.0;0
org.apache.jmeter.modifiers.gui.UserParametersGui;1.0;1.0;1.0;1.0;12.0;0.0;10.0;2.0;1.0;15.0;0.0;0.0;4.0;11.0;8.0;11.0;36.0;0.0;4.0;1.0;6.0;281.0;43.0;212.0;60.0;147.0;39.0;125.0;163.0;57.0;106.0;3.0;3.0;3.0;1.0;4.0;1.0;82.0;0.18;15.0;15.0;15.0;11.0;0
org.apache.jmeter.protocol.ftp.config.FtpConfig;1.0;1.0;1.0;1.0;6.0;0.0;5.0;1.0;2.0;1.0;0.0;0.0;0.0;7.0;0.0;7.0;60.0;0.0;0.0;0.0;7.0;52.0;5.0;40.0;8.0;12.0;8.0;7.0;16.0;8.0;8.0;2.0;2.0;5.0;1.0;3.0;1.0;0.0;0.2;8.0;8.0;11.0;7.0;0
org.apache.jmeter.protocol.ftp.config.gui.FtpConfigGui;1.0;1.0;1.0;1.0;11.0;1.0;9.0;1.0;1.0;6.0;0.0;0.0;0.0;13.0;9.0;13.0;38.0;0.0;6.0;0.0;7.0;178.0;39.0;128.0;36.0;90.0;25.0;95.0;111.0;36.0;75.0;2.0;2.0;2.0;1.0;4.0;1.0;71.0;0.2;15.0;15.0;15.0;13.0;0
org.apache.jmeter.protocol.ftp.control.gui.FtpTestSamplerGui;1.0;1.0;1.0;1.0;7.0;0.0;5.0;1.0;1.0;6.0;0.0;0.0;0.0;7.0;2.0;7.0;32.0;0.0;1.0;0.0;6.0;65.0;14.0;43.0;12.0;25.0;10.0;27.0;35.0;12.0;23.0;1.0;1.0;1.0;1.0;4.0;0.0;42.0;0.23;7.0;7.0;7.0;7.0;0
org.apache.jmeter.protocol.ftp.sampler.FTPSampler;2.0;2.0;2.0;1.0;13.0;0.0;12.0;1.0;2.0;4.0;0.0;0.0;8.0;14.0;1.0;14.0;63.0;0.0;1.0;0.0;13.0;227.0;26.0;184.0;43.0;132.0;37.0;99.0;134.0;43.0;91.0;19.0;19.0;20.0;1.0;3.0;7.0;91.0;0.2;36.0;36.0;37.0;14.0;0
org.apache.jmeter.protocol.ftp.sampler.FtpClient;2.0;2.0;2.0;1.0;16.0;0.0;11.0;4.0;1.0;2.0;0.0;3.0;3.0;7.0;4.0;10.0;10.0;0.0;0.0;0.0;10.0;289.0;29.0;185.0;62.0;130.0;75.0;115.0;147.0;62.0;85.0;7.0;7.0;7.0;1.0;1.0;3.0;77.0;0.41;20.0;20.0;20.0;10.0;0
org.apache.jmeter.protocol.http.config.MultipartUrlConfig;1.0;1.0;1.0;1.0;9.0;0.0;7.0;3.0;2.0;5.0;0.0;0.0;0.0;10.0;3.0;10.0;10.0;0.0;2.0;0.0;8.0;138.0;15.0;79.0;32.0;45.0;55.0;41.0;59.0;33.0;26.0;7.0;7.0;9.0;1.0;1.0;4.0;76.0;0.7;17.0;17.0;19.0;10.0;0
org.apache.jmeter.protocol.http.config.gui.HttpDefaultsGui;1.0;1.0;1.0;1.0;7.0;0.0;5.0;1.0;1.0;7.0;0.0;0.0;0.0;8.0;2.0;8.0;33.0;0.0;1.0;0.0;7.0;74.0;13.0;50.0;14.0;29.0;14.0;29.0;39.0;14.0;25.0;2.0;2.0;2.0;1.0;4.0;1.0;50.0;0.28;9.0;9.0;9.0;8.0;0
org.apache.jmeter.protocol.http.config.gui.MultipartUrlConfigGui;1.0;1.0;1.0;1.0;6.0;0.0;5.0;0.0;1.0;3.0;0.0;0.0;0.0;7.0;1.0;7.0;23.0;0.0;2.0;0.0;5.0;67.0;12.0;43.0;11.0;26.0;15.0;26.0;34.0;11.0;23.0;1.0;1.0;1.0;1.0;3.0;0.0;42.0;0.35;7.0;7.0;7.0;7.0;0
org.apache.jmeter.protocol.http.config.gui.UrlConfigGui;1.0;1.0;1.0;1.0;17.0;2.0;13.0;3.0;2.0;15.0;1.0;0.0;0.0;16.0;14.0;16.0;16.0;0.0;5.0;4.0;7.0;334.0;65.0;232.0;58.0;174.0;62.0;172.0;199.0;58.0;141.0;3.0;3.0;3.0;1.0;2.0;2.0;72.0;0.27;26.0;26.0;26.0;16.0;0
org.apache.jmeter.protocol.http.control.AuthManager;1.0;1.0;2.0;1.0;8.0;0.0;6.0;1.0;3.0;10.0;0.0;1.0;10.0;23.0;0.0;24.0;77.0;1.0;0.0;0.0;23.0;253.0;36.0;180.0;64.0;109.0;48.0;86.0;129.0;60.0;69.0;9.0;9.0;14.0;4.0;3.0;4.0;96.0;0.27;43.0;43.0;50.0;30.0;0
org.apache.jmeter.protocol.http.control.Authorization;1.0;1.0;1.0;1.0;3.0;0.0;3.0;0.0;2.0;2.0;0.0;0.0;6.0;16.0;0.0;16.0;65.0;1.0;0.0;0.0;15.0;89.0;22.0;59.0;23.0;25.0;14.0;25.0;42.0;23.0;19.0;1.0;1.0;1.0;1.0;2.0;0.0;88.0;0.24;16.0;16.0;16.0;16.0;0
org.apache.jmeter.protocol.http.control.Cookie;1.0;1.0;1.0;1.0;7.0;0.0;3.0;3.0;2.0;4.0;0.0;0.0;10.0;23.0;0.0;23.0;72.0;0.0;0.0;0.0;23.0;216.0;34.0;98.0;37.0;48.0;92.0;48.0;72.0;35.0;37.0;1.0;1.0;1.0;1.0;2.0;0.0;90.0;0.94;23.0;23.0;23.0;23.0;0
org.apache.jmeter.protocol.http.control.CookieManager;2.0;2.0;2.0;1.0;12.0;0.0;10.0;2.0;3.0;12.0;0.0;0.0;12.0;29.0;2.0;29.0;82.0;0.0;5.0;0.0;24.0;438.0;48.0;322.0;106.0;215.0;93.0;151.0;218.0;100.0;118.0;12.0;12.0;13.0;4.0;3.0;4.0;92.0;0.29;69.0;69.0;76.0;34.0;0
org.apache.jmeter.protocol.http.control.Header;1.0;1.0;1.0;1.0;5.0;0.0;3.0;2.0;2.0;1.0;0.0;0.0;2.0;9.0;0.0;9.0;58.0;0.0;0.0;0.0;9.0;69.0;11.0;32.0;12.0;12.0;29.0;12.0;22.0;12.0;10.0;1.0;1.0;1.0;1.0;2.0;0.0;77.0;0.91;9.0;9.0;9.0;9.0;0
org.apache.jmeter.protocol.http.control.HeaderManager;2.0;2.0;2.0;1.0;10.0;0.0;7.0;3.0;2.0;4.0;0.0;0.0;3.0;18.0;1.0;18.0;71.0;0.0;0.0;0.0;18.0;277.0;30.0;145.0;44.0;85.0;110.0;71.0;108.0;47.0;61.0;8.0;8.0;9.0;4.0;3.0;5.0;88.0;0.76;36.0;36.0;38.0;26.0;0
org.apache.jmeter.protocol.http.control.gui.HttpTestSampleGui;1.0;1.0;1.0;1.0;9.0;0.0;7.0;2.0;1.0;8.0;2.0;0.0;0.0;9.0;5.0;9.0;34.0;0.0;2.0;0.0;7.0;118.0;19.0;76.0;20.0;50.0;33.0;52.0;63.0;20.0;43.0;2.0;2.0;2.0;1.0;4.0;1.0;55.0;0.43;10.0;10.0;10.0;9.0;0
org.apache.jmeter.protocol.http.control.gui.SoapSamplerGui;1.0;1.0;1.0;1.0;13.0;1.0;11.0;2.0;1.0;7.0;0.0;0.0;0.0;8.0;6.0;8.0;33.0;0.0;1.0;0.0;7.0;126.0;17.0;96.0;21.0;71.0;23.0;73.0;84.0;22.0;62.0;2.0;2.0;2.0;1.0;4.0;1.0;50.0;0.24;9.0;9.0;9.0;8.0;0
org.apache.jmeter.protocol.http.gui.AuthPanel;2.0;2.0;2.0;1.0;17.0;1.0;13.0;3.0;2.0;10.0;0.0;0.0;6.0;11.0;6.0;11.0;36.0;0.0;3.0;0.0;8.0;359.0;59.0;252.0;64.0;168.0;61.0;137.0;186.0;61.0;125.0;18.0;18.0;18.0;1.0;4.0;5.0;77.0;0.24;30.0;30.0;30.0;11.0;0
org.apache.jmeter.protocol.http.gui.CookiePanel;2.0;2.0;2.0;1.0;16.0;1.0;13.0;2.0;2.0;14.0;0.0;0.0;7.0;14.0;9.0;14.0;39.0;0.0;6.0;0.0;8.0;305.0;48.0;216.0;67.0;155.0;61.0;121.0;158.0;55.0;103.0;19.0;19.0;19.0;1.0;4.0;5.0;82.0;0.28;36.0;36.0;36.0;14.0;0
org.apache.jmeter.protocol.http.gui.HTTPArgumentsPanel;1.0;1.0;1.0;1.0;8.0;0.0;7.0;1.0;1.0;11.0;0.0;1.0;2.0;8.0;0.0;9.0;61.0;0.0;1.0;4.0;4.0;92.0;11.0;75.0;20.0;52.0;17.0;35.0;48.0;20.0;28.0;3.0;3.0;4.0;1.0;5.0;2.0;77.0;0.23;12.0;12.0;15.0;9.0;0
org.apache.jmeter.protocol.http.gui.HeaderPanel;2.0;2.0;2.0;1.0;16.0;1.0;12.0;2.0;2.0;9.0;0.0;0.0;5.0;11.0;7.0;11.0;36.0;0.0;3.0;0.0;8.0;294.0;53.0;203.0;54.0;128.0;50.0;108.0;154.0;52.0;102.0;18.0;18.0;18.0;1.0;4.0;5.0;75.0;0.25;29.0;29.0;29.0;11.0;0
org.apache.jmeter.protocol.http.modifier.AnchorModifier;5.0;5.0;5.0;2.0;24.0;0.0;23.0;2.0;3.0;15.0;0.0;0.0;2.0;7.0;0.0;7.0;56.0;0.0;4.0;0.0;3.0;183.0;8.0;171.0;47.0;122.0;16.0;92.0;130.0;48.0;82.0;8.0;8.0;10.0;4.0;2.0;3.0;50.0;0.09;37.0;37.0;39.0;14.0;0
org.apache.jmeter.protocol.http.modifier.ParamMask;1.0;1.0;1.0;1.0;10.0;0.0;4.0;5.0;2.0;1.0;0.0;0.0;0.0;17.0;7.0;17.0;66.0;0.0;0.0;0.0;17.0;219.0;27.0;82.0;27.0;45.0;110.0;44.0;63.0;27.0;36.0;2.0;2.0;2.0;1.0;2.0;1.0;86.0;1.34;18.0;18.0;18.0;17.0;0
org.apache.jmeter.protocol.http.modifier.ParamModifier;1.0;1.0;1.0;1.0;7.0;0.0;5.0;2.0;4.0;10.0;0.0;0.0;1.0;9.0;0.0;9.0;58.0;0.0;1.0;0.0;8.0;124.0;14.0;48.0;16.0;23.0;62.0;17.0;32.0;16.0;16.0;4.0;4.0;4.0;4.0;2.0;2.0;77.0;1.29;14.0;14.0;14.0;14.0;0
org.apache.jmeter.protocol.http.modifier.URLRewritingModifier;2.0;2.0;2.0;1.0;11.0;0.0;9.0;2.0;3.0;8.0;0.0;0.0;7.0;13.0;6.0;13.0;62.0;0.0;2.0;0.0;11.0;189.0;35.0;141.0;39.0;90.0;40.0;58.0;89.0;40.0;49.0;16.0;16.0;21.0;10.0;2.0;4.0;86.0;0.28;30.0;30.0;35.0;22.0;0
org.apache.jmeter.protocol.http.modifier.UserParameterModifier;1.0;1.0;1.0;1.0;7.0;0.0;4.0;3.0;4.0;11.0;0.0;0.0;2.0;10.0;1.0;10.0;63.0;0.0;0.0;0.0;10.0;127.0;14.0;52.0;22.0;26.0;63.0;22.0;37.0;22.0;15.0;4.0;4.0;4.0;1.0;3.0;2.0;80.0;1.21;14.0;14.0;14.0;10.0;0
org.apache.jmeter.protocol.http.modifier.UserParameterXMLContentHandler;1.0;1.0;1.0;1.0;4.0;0.0;3.0;0.0;2.0;0.0;0.0;0.0;0.0;12.0;5.0;12.0;12.0;0.0;0.0;0.0;12.0;105.0;23.0;53.0;18.0;21.0;29.0;15.0;34.0;18.0;16.0;5.0;5.0;5.0;1.0;1.0;1.0;81.0;0.55;18.0;18.0;18.0;12.0;0
org.apache.jmeter.protocol.http.modifier.UserParameterXMLErrorHandler;1.0;1.0;1.0;1.0;5.0;0.0;5.0;0.0;2.0;1.0;0.0;0.0;1.0;3.0;0.0;3.0;3.0;0.0;0.0;0.0;3.0;25.0;3.0;18.0;5.0;10.0;4.0;7.0;11.0;5.0;6.0;1.0;1.0;1.0;1.0;1.0;0.0;0.0;0.22;3.0;3.0;3.0;3.0;0
org.apache.jmeter.protocol.http.modifier.UserParameterXMLParser;1.0;1.0;1.0;1.0;29.0;5.0;11.0;14.0;1.0;3.0;0.0;0.0;0.0;1.0;0.0;1.0;1.0;0.0;0.0;0.0;1.0;39.0;6.0;13.0;6.0;9.0;21.0;9.0;11.0;6.0;5.0;1.0;1.0;1.0;1.0;1.0;0.0;0.0;1.62;1.0;1.0;1.0;1.0;0
org.apache.jmeter.protocol.http.modifier.UserSequence;1.0;1.0;1.0;1.0;12.0;1.0;6.0;5.0;2.0;1.0;0.0;0.0;2.0;3.0;2.0;3.0;3.0;0.0;0.0;0.0;3.0;66.0;11.0;25.0;9.0;12.0;30.0;12.0;18.0;9.0;9.0;3.0;3.0;3.0;1.0;1.0;1.0;58.0;1.2;5.0;5.0;5.0;3.0;0
org.apache.jmeter.protocol.http.modifier.gui.AnchorModifierGui;1.0;1.0;1.0;1.0;5.0;0.0;3.0;1.0;1.0;2.0;0.0;0.0;0.0;5.0;0.0;5.0;30.0;0.0;1.0;0.0;4.0;31.0;5.0;21.0;7.0;9.0;6.0;9.0;15.0;7.0;8.0;1.0;1.0;1.0;1.0;4.0;0.0;0.0;0.29;5.0;5.0;5.0;5.0;0
org.apache.jmeter.protocol.http.modifier.gui.ParamModifierGui;1.0;1.0;1.0;1.0;11.0;0.0;8.0;2.0;2.0;5.0;0.0;0.0;7.0;13.0;6.0;13.0;38.0;0.0;5.0;0.0;8.0;196.0;38.0;131.0;38.0;94.0;42.0;91.0;111.0;38.0;73.0;5.0;5.0;5.0;1.0;4.0;1.0;78.0;0.32;19.0;19.0;19.0;13.0;0
org.apache.jmeter.protocol.http.modifier.gui.URLRewritingModifierGui;1.0;1.0;1.0;1.0;10.0;1.0;7.0;2.0;1.0;5.0;0.0;0.0;0.0;7.0;5.0;7.0;32.0;0.0;1.0;0.0;6.0;96.0;21.0;62.0;17.0;41.0;20.0;46.0;54.0;17.0;37.0;1.0;1.0;1.0;1.0;4.0;0.0;42.0;0.32;7.0;7.0;7.0;7.0;0
org.apache.jmeter.protocol.http.modifier.gui.UserParameterModifierGui;1.0;1.0;1.0;1.0;7.0;0.0;5.0;1.0;1.0;3.0;0.0;0.0;0.0;10.0;1.0;10.0;35.0;0.0;2.0;0.0;8.0;98.0;15.0;59.0;19.0;37.0;28.0;38.0;49.0;19.0;30.0;1.0;1.0;1.0;1.0;4.0;0.0;60.0;0.47;10.0;10.0;10.0;10.0;0
org.apache.jmeter.protocol.http.parser.FormElement;1.0;1.0;1.0;1.0;8.0;0.0;3.0;4.0;1.0;0.0;0.0;0.0;0.0;9.0;4.0;9.0;9.0;0.0;0.0;0.0;9.0;98.0;9.0;42.0;14.0;8.0;47.0;12.0;22.0;14.0;8.0;1.0;1.0;1.0;1.0;1.0;0.0;77.0;1.12;9.0;9.0;9.0;9.0;0
org.apache.jmeter.protocol.http.parser.HtmlParser;4.0;4.0;4.0;1.0;35.0;2.0;30.0;3.0;2.0;7.0;0.0;12.0;4.0;1.0;0.0;13.0;13.0;0.0;5.0;0.0;8.0;539.0;50.0;429.0;74.0;242.0;61.0;129.0;189.0;57.0;132.0;16.0;16.0;17.0;9.0;1.0;5.0;82.0;0.14;54.0;54.0;64.0;21.0;0
org.apache.jmeter.protocol.http.proxy.Admin;5.0;5.0;5.0;3.0;42.0;2.0;33.0;7.0;1.0;2.0;0.0;0.0;1.0;2.0;7.0;2.0;2.0;1.0;0.0;0.0;1.0;119.0;12.0;79.0;13.0;44.0;30.0;31.0;41.0;12.0;29.0;8.0;8.0;8.0;5.0;2.0;4.0;31.0;0.38;10.0;10.0;10.0;6.0;0
org.apache.jmeter.protocol.http.proxy.Cache;2.0;2.0;2.0;1.0;20.0;2.0;15.0;2.0;1.0;1.0;0.0;0.0;1.0;10.0;4.0;10.0;10.0;0.0;2.0;0.0;8.0;287.0;43.0;166.0;40.0;89.0;79.0;81.0;104.0;39.0;65.0;6.0;6.0;6.0;4.0;1.0;3.0;62.0;0.48;25.0;25.0;26.0;15.0;0
org.apache.jmeter.protocol.http.proxy.Daemon;2.0;2.0;2.0;1.0;21.0;0.0;10.0;9.0;1.0;4.0;0.0;0.0;2.0;4.0;5.0;4.0;4.0;0.0;0.0;0.0;4.0;123.0;14.0;51.0;16.0;32.0;58.0;30.0;39.0;16.0;23.0;5.0;5.0;5.0;4.0;2.0;4.0;57.0;1.14;8.0;8.0;8.0;7.0;0
org.apache.jmeter.protocol.http.proxy.HttpReplyHdr;1.0;1.0;1.0;1.0;10.0;0.0;4.0;5.0;1.0;0.0;0.0;21.0;3.0;1.0;0.0;22.0;22.0;0.0;3.0;0.0;19.0;272.0;34.0;100.0;30.0;52.0;138.0;49.0;74.0;30.0;44.0;3.0;3.0;3.0;1.0;1.0;1.0;90.0;1.38;24.0;24.0;24.0;22.0;0
org.apache.jmeter.protocol.http.proxy.HttpRequestHdr;4.0;4.0;4.0;1.0;22.0;0.0;16.0;5.0;1.0;18.0;0.0;0.0;11.0;20.0;9.0;20.0;20.0;0.0;13.0;0.0;7.0;558.0;49.0;373.0;87.0;255.0;169.0;180.0;267.0;80.0;187.0;28.0;28.0;29.0;3.0;1.0;4.0;91.0;0.45;82.0;82.0;89.0;22.0;0
org.apache.jmeter.protocol.http.proxy.Proxy;3.0;3.0;4.0;1.0;26.0;0.0;17.0;9.0;1.0;17.0;0.0;0.0;8.0;12.0;8.0;12.0;12.0;3.0;7.0;0.0;2.0;375.0;33.0;230.0;60.0;163.0;138.0;130.0;172.0;61.0;111.0;15.0;15.0;16.0;7.0;2.0;4.0;86.0;0.6;43.0;43.0;48.0;18.0;0
org.apache.jmeter.protocol.http.proxy.ProxyControl;2.0;2.0;2.0;1.0;11.0;0.0;8.0;2.0;1.0;34.0;0.0;0.0;30.0;65.0;10.0;65.0;140.0;2.0;15.0;0.0;48.0;894.0;134.0;591.0;178.0;364.0;203.0;289.0;433.0;183.0;250.0;15.0;15.0;19.0;9.0;3.0;6.0;97.0;0.34;148.0;148.0;162.0;97.0;0
org.apache.jmeter.protocol.http.proxy.gui.ProxyControlGui;1.0;1.0;1.0;1.0;17.0;1.0;14.0;3.0;6.0;21.0;0.0;0.0;14.0;33.0;24.0;33.0;63.0;0.0;18.0;3.0;12.0;739.0;123.0;508.0;118.0;396.0;164.0;377.0;440.0;121.0;319.0;10.0;10.0;10.0;3.0;5.0;3.0;90.0;0.32;64.0;64.0;65.0;35.0;0
org.apache.jmeter.protocol.http.sampler.HTTPSampler;4.0;4.0;4.0;1.0;31.0;1.0;19.0;11.0;2.0;16.0;1.0;1.0;6.0;16.0;5.0;17.0;176.0;0.0;8.0;7.0;2.0;596.0;56.0;364.0;71.0;258.0;206.0;188.0;265.0;73.0;192.0;21.0;21.0;21.0;5.0;4.0;4.0;92.0;0.57;79.0;79.0;84.0;25.0;0
org.apache.jmeter.protocol.http.sampler.HTTPSamplerFull;4.0;4.0;4.0;1.0;47.0;1.0;36.0;10.0;1.0;6.0;0.0;3.0;2.0;6.0;1.0;9.0;9.0;0.0;0.0;7.0;2.0;616.0;30.0;429.0;61.0;269.0;157.0;190.0;241.0;53.0;188.0;13.0;13.0;14.0;7.0;1.0;3.0;55.0;0.37;42.0;42.0;43.0;15.0;0
org.apache.jmeter.protocol.http.sampler.PostWriter;2.0;2.0;3.0;1.0;28.0;1.0;17.0;10.0;1.0;10.0;1.0;0.0;5.0;13.0;3.0;13.0;13.0;0.0;8.0;1.0;4.0;412.0;43.0;237.0;65.0;168.0;149.0;144.0;181.0;62.0;119.0;17.0;17.0;24.0;4.0;1.0;5.0;79.0;0.63;36.0;36.0;46.0;16.0;0
org.apache.jmeter.protocol.http.sampler.SoapSampler;2.0;2.0;2.0;1.0;18.0;2.0;13.0;3.0;2.0;7.0;0.0;0.0;10.0;15.0;0.0;15.0;191.0;0.0;1.0;2.0;12.0;314.0;54.0;219.0;53.0;157.0;68.0;124.0;165.0;61.0;104.0;11.0;11.0;12.0;1.0;5.0;4.0;89.0;0.31;30.0;30.0;32.0;15.0;0
org.apache.jmeter.protocol.http.util.Base64Encoder;1.0;1.0;1.0;1.0;11.0;0.0;10.0;0.0;1.0;0.0;0.0;3.0;2.0;1.0;0.0;4.0;4.0;0.0;1.0;0.0;3.0;63.0;5.0;49.0;20.0;36.0;9.0;33.0;41.0;19.0;22.0;3.0;3.0;3.0;3.0;1.0;1.0;75.0;0.18;7.0;7.0;7.0;6.0;0
org.apache.jmeter.protocol.http.util.HTTPArgument;1.0;1.0;1.0;1.0;8.0;0.0;5.0;3.0;2.0;7.0;0.0;1.0;4.0;16.0;0.0;17.0;77.0;0.0;0.0;0.0;17.0;178.0;22.0;105.0;26.0;59.0;51.0;43.0;71.0;26.0;45.0;3.0;3.0;4.0;1.0;3.0;2.0;89.0;0.49;27.0;27.0;30.0;17.0;0
org.apache.jmeter.protocol.java.config.JavaConfig;1.0;1.0;1.0;1.0;10.0;0.0;3.0;7.0;2.0;4.0;0.0;0.0;0.0;7.0;0.0;7.0;60.0;0.0;0.0;0.0;7.0;83.0;7.0;24.0;9.0;8.0;52.0;8.0;16.0;9.0;7.0;1.0;1.0;1.0;1.0;3.0;0.0;0.0;2.17;7.0;7.0;7.0;7.0;0
org.apache.jmeter.protocol.java.config.gui.JavaConfigGui;1.0;1.0;2.0;1.0;15.0;1.0;9.0;4.0;2.0;14.0;0.0;0.0;2.0;10.0;3.0;10.0;35.0;0.0;3.0;0.0;7.0;196.0;31.0;106.0;33.0;73.0;63.0;59.0;79.0;32.0;47.0;8.0;8.0;9.0;1.0;4.0;6.0;74.0;0.59;19.0;19.0;20.0;10.0;0
org.apache.jmeter.protocol.java.control.gui.JavaTestSamplerGui;1.0;1.0;1.0;1.0;6.0;0.0;4.0;1.0;1.0;4.0;0.0;0.0;0.0;6.0;1.0;6.0;31.0;0.0;1.0;0.0;5.0;56.0;9.0;32.0;10.0;18.0;16.0;18.0;25.0;10.0;15.0;1.0;1.0;1.0;1.0;4.0;0.0;50.0;0.5;6.0;6.0;6.0;6.0;0
org.apache.jmeter.protocol.java.sampler.JavaSampler;1.0;1.0;1.0;1.0;11.0;0.0;6.0;5.0;2.0;10.0;0.0;0.0;5.0;14.0;2.0;14.0;63.0;0.0;3.0;0.0;11.0;252.0;27.0;109.0;32.0;66.0;118.0;54.0;80.0;31.0;49.0;4.0;4.0;4.0;1.0;3.0;3.0;82.0;1.08;21.0;21.0;22.0;14.0;0
org.apache.jmeter.protocol.java.test.SleepTest;1.0;1.0;1.0;1.0;17.0;0.0;7.0;9.0;2.0;3.0;0.0;0.0;2.0;9.0;2.0;9.0;13.0;0.0;4.0;0.0;5.0;207.0;20.0;71.0;21.0;45.0;116.0;40.0;54.0;21.0;33.0;4.0;4.0;4.0;1.0;2.0;2.0;77.0;1.63;14.0;14.0;14.0;9.0;0
org.apache.jmeter.protocol.jdbc.config.DbConfig;1.0;1.0;1.0;1.0;3.0;0.0;3.0;0.0;2.0;1.0;0.0;0.0;0.0;5.0;0.0;5.0;64.0;0.0;0.0;0.0;5.0;26.0;4.0;22.0;6.0;4.0;0.0;4.0;10.0;6.0;4.0;1.0;1.0;1.0;1.0;4.0;0.0;0.0;0.0;5.0;5.0;5.0;5.0;0
org.apache.jmeter.protocol.jdbc.config.PoolConfig;1.0;1.0;1.0;1.0;7.0;0.0;7.0;0.0;2.0;2.0;0.0;0.0;0.0;5.0;0.0;5.0;58.0;0.0;0.0;0.0;5.0;45.0;5.0;40.0;8.0;14.0;0.0;10.0;20.0;8.0;12.0;3.0;3.0;3.0;3.0;3.0;1.0;0.0;0.0;9.0;9.0;9.0;9.0;0
org.apache.jmeter.protocol.jdbc.config.SqlConfig;1.0;1.0;1.0;1.0;3.0;0.0;3.0;0.0;2.0;1.0;0.0;0.0;0.0;3.0;0.0;3.0;56.0;0.0;0.0;0.0;3.0;17.0;3.0;14.0;4.0;2.0;0.0;2.0;6.0;4.0;2.0;1.0;1.0;1.0;1.0;3.0;0.0;0.0;0.0;3.0;3.0;3.0;3.0;0
org.apache.jmeter.protocol.jdbc.config.gui.DbConfigGui;1.0;1.0;1.0;1.0;10.0;1.0;8.0;0.0;1.0;6.0;0.0;0.0;2.0;9.0;4.0;9.0;34.0;0.0;3.0;0.0;6.0;118.0;20.0;89.0;25.0;54.0;9.0;51.0;62.0;24.0;38.0;2.0;2.0;2.0;1.0;4.0;1.0;75.0;0.1;10.0;10.0;10.0;9.0;0
org.apache.jmeter.protocol.jdbc.config.gui.PoolConfigGui;1.0;1.0;1.0;1.0;13.0;0.0;11.0;0.0;2.0;6.0;0.0;0.0;4.0;11.0;3.0;11.0;36.0;0.0;3.0;0.0;8.0;173.0;22.0;140.0;29.0;81.0;11.0;56.0;75.0;27.0;48.0;7.0;7.0;7.0;1.0;4.0;3.0;77.0;0.08;18.0;18.0;18.0;11.0;0
org.apache.jmeter.protocol.jdbc.config.gui.SqlConfigGui;1.0;1.0;1.0;1.0;6.0;0.0;5.0;0.0;1.0;4.0;0.0;0.0;0.0;9.0;2.0;9.0;34.0;0.0;2.0;0.0;7.0;79.0;15.0;54.0;17.0;31.0;10.0;32.0;43.0;17.0;26.0;2.0;2.0;2.0;1.0;4.0;1.0;72.0;0.19;10.0;10.0;10.0;9.0;0
org.apache.jmeter.protocol.jdbc.control.gui.JdbcTestSampleGui;1.0;1.0;1.0;1.0;8.0;1.0;7.0;0.0;1.0;6.0;0.0;0.0;0.0;7.0;3.0;7.0;32.0;0.0;1.0;0.0;6.0;77.0;15.0;55.0;14.0;28.0;7.0;31.0;39.0;14.0;25.0;1.0;1.0;1.0;1.0;4.0;0.0;57.0;0.13;7.0;7.0;7.0;7.0;0
org.apache.jmeter.protocol.jdbc.sampler.JDBCSampler;3.0;3.0;3.0;1.0;16.0;0.0;13.0;2.0;2.0;7.0;0.0;5.0;21.0;21.0;7.0;26.0;75.0;0.0;8.0;0.0;18.0;540.0;58.0;419.0;112.0;307.0;100.0;240.0;327.0;118.0;209.0;15.0;15.0;17.0;1.0;3.0;4.0;94.0;0.24;79.0;79.0;84.0;26.0;0
org.apache.jmeter.protocol.jdbc.util.ConnectionObject;2.0;2.0;2.0;1.0;18.0;0.0;14.0;4.0;2.0;2.0;0.0;0.0;2.0;13.0;8.0;13.0;13.0;0.0;0.0;0.0;13.0;280.0;17.0;199.0;26.0;99.0;64.0;69.0;99.0;26.0;73.0;7.0;7.0;8.0;1.0;1.0;4.0;69.0;0.32;30.0;30.0;31.0;13.0;0
org.apache.jmeter.protocol.jdbc.util.DBConnectionManager;2.0;2.0;2.0;1.0;19.0;0.0;15.0;3.0;1.0;7.0;0.0;1.0;2.0;8.0;1.0;9.0;9.0;0.0;4.0;0.0;5.0;207.0;16.0;149.0;33.0;77.0;42.0;40.0;60.0;23.0;37.0;5.0;5.0;5.0;4.0;1.0;2.0;70.0;0.28;20.0;20.0;20.0;14.0;0
org.apache.jmeter.protocol.jdbc.util.DBKey;2.0;2.0;2.0;2.0;13.0;1.0;11.0;0.0;2.0;0.0;0.0;0.0;0.0;10.0;5.0;10.0;10.0;0.0;1.0;0.0;9.0;160.0;25.0;121.0;23.0;53.0;15.0;42.0;65.0;19.0;46.0;11.0;11.0;11.0;11.0;1.0;2.0;58.0;0.12;24.0;24.0;24.0;20.0;0
org.apache.jmeter.reporters.AbstractListenerElement;1.0;1.0;1.0;1.0;4.0;0.0;4.0;0.0;1.0;1.0;1.0;0.0;0.0;4.0;1.0;4.0;53.0;0.0;0.0;1.0;3.0;28.0;5.0;19.0;7.0;7.0;5.0;7.0;13.0;7.0;6.0;2.0;2.0;2.0;1.0;2.0;1.0;25.0;0.26;5.0;5.0;5.0;4.0;0
org.apache.jmeter.reporters.FileReporter;3.0;3.0;4.0;2.0;23.0;2.0;19.0;1.0;1.0;2.0;0.0;0.0;1.0;3.0;1.0;3.0;3.0;0.0;0.0;0.0;3.0;333.0;54.0;233.0;79.0;182.0;46.0;183.0;220.0;94.0;126.0;9.0;9.0;10.0;6.0;2.0;4.0;33.0;0.2;11.0;11.0;12.0;8.0;0
org.apache.jmeter.reporters.MailerResultCollector;1.0;1.0;1.0;1.0;3.0;0.0;3.0;0.0;2.0;4.0;0.0;0.0;1.0;4.0;0.0;4.0;89.0;0.0;0.0;0.0;4.0;27.0;4.0;18.0;6.0;8.0;6.0;8.0;13.0;6.0;7.0;1.0;1.0;1.0;1.0;4.0;0.0;25.0;0.33;4.0;4.0;4.0;4.0;0
org.apache.jmeter.reporters.ResultCollector;2.0;2.0;2.0;1.0;12.0;0.0;10.0;2.0;7.0;17.0;1.0;5.0;15.0;27.0;4.0;32.0;85.0;0.0;8.0;1.0;23.0;513.0;57.0;360.0;89.0;235.0;126.0;163.0;244.0;85.0;159.0;12.0;12.0;12.0;7.0;3.0;6.0;93.0;0.35;81.0;81.0;90.0;38.0;0
org.apache.jmeter.samplers.AbstractSampler;0.0;0.0;0.0;0.0;0.0;0.0;0.0;0.0;2.0;0.0;20.0;0.0;0.0;0.0;0.0;0.0;49.0;0.0;0.0;0.0;0.0;2.0;0.0;2.0;1.0;0.0;0.0;0.0;1.0;1.0;0.0;0.0;0.0;0.0;0.0;2.0;0.0;0.0;0.0;0.0;0.0;0.0;0.0;0
org.apache.jmeter.samplers.CycleEntry;1.0;1.0;1.0;1.0;3.0;0.0;3.0;0.0;1.0;0.0;0.0;0.0;0.0;1.0;0.0;1.0;10.0;0.0;0.0;0.0;1.0;5.0;0.0;5.0;2.0;0.0;0.0;0.0;2.0;2.0;0.0;1.0;1.0;1.0;1.0;2.0;0.0;0.0;0.0;1.0;1.0;1.0;1.0;0
org.apache.jmeter.samplers.Entry;1.0;1.0;1.0;1.0;4.0;0.0;4.0;0.0;1.0;2.0;1.0;0.0;0.0;9.0;3.0;9.0;9.0;0.0;1.0;0.0;8.0;61.0;12.0;43.0;14.0;17.0;6.0;16.0;29.0;14.0;15.0;3.0;3.0;3.0;1.0;1.0;2.0;70.0;0.14;12.0;12.0;12.0;9.0;0
org.apache.jmeter.samplers.RemoteListenerWrapper;1.0;1.0;1.0;1.0;5.0;0.0;5.0;0.0;5.0;6.0;0.0;0.0;1.0;10.0;2.0;10.0;59.0;0.0;0.0;0.0;10.0;91.0;14.0;57.0;15.0;28.0;22.0;22.0;37.0;14.0;23.0;2.0;2.0;2.0;1.0;2.0;1.0;50.0;0.39;14.0;14.0;14.0;10.0;0
org.apache.jmeter.samplers.RemoteSampleListenerImpl;2.0;2.0;2.0;1.0;7.0;0.0;6.0;1.0;4.0;2.0;0.0;0.0;0.0;10.0;2.0;10.0;10.0;0.0;0.0;0.0;10.0;96.0;12.0;67.0;16.0;30.0;17.0;18.0;41.0;15.0;26.0;3.0;3.0;3.0;1.0;2.0;2.0;50.0;0.25;22.0;22.0;22.0;10.0;0
org.apache.jmeter.samplers.RemoteSampleListenerWrapper;1.0;1.0;1.0;1.0;5.0;0.0;5.0;0.0;4.0;3.0;0.0;0.0;1.0;5.0;1.0;5.0;54.0;0.0;0.0;0.0;5.0;39.0;6.0;30.0;9.0;14.0;6.0;9.0;18.0;8.0;10.0;2.0;2.0;2.0;1.0;2.0;1.0;30.0;0.2;8.0;8.0;8.0;5.0;0
org.apache.jmeter.samplers.RemoteTestListenerWrapper;1.0;1.0;1.0;1.0;5.0;0.0;5.0;0.0;4.0;3.0;0.0;0.0;1.0;7.0;1.0;7.0;56.0;0.0;0.0;0.0;7.0;58.0;9.0;40.0;10.0;20.0;13.0;13.0;25.0;10.0;15.0;2.0;2.0;2.0;1.0;2.0;1.0;21.0;0.33;11.0;11.0;11.0;7.0;0
org.apache.jmeter.samplers.SampleEvent;1.0;1.0;1.0;1.0;6.0;0.0;4.0;2.0;2.0;4.0;0.0;2.0;6.0;9.0;6.0;11.0;11.0;0.0;1.0;0.0;10.0;130.0;23.0;72.0;25.0;36.0;37.0;41.0;56.0;25.0;31.0;2.0;2.0;2.0;1.0;1.0;1.0;81.0;0.51;12.0;12.0;12.0;11.0;0
org.apache.jmeter.samplers.SampleResult;1.0;1.0;1.0;1.0;7.0;0.0;4.0;3.0;2.0;5.0;2.0;8.0;16.0;94.0;34.0;102.0;102.0;0.0;7.0;3.0;92.0;1076.0;154.0;524.0;172.0;271.0;437.0;231.0;367.0;165.0;202.0;5.0;5.0;5.0;3.0;1.0;3.0;97.0;0.83;139.0;139.0;143.0;104.0;0
org.apache.jmeter.samplers.gui.AbstractSamplerGui;1.0;1.0;1.0;1.0;13.0;0.0;3.0;10.0;1.0;1.0;20.0;0.0;0.0;2.0;0.0;2.0;25.0;0.0;0.0;0.0;2.0;29.0;1.0;8.0;3.0;2.0;20.0;2.0;5.0;3.0;2.0;1.0;1.0;1.0;1.0;3.0;0.0;0.0;2.5;2.0;2.0;2.0;2.0;0
org.apache.jmeter.save.SaveService;2.0;2.0;2.0;1.0;12.0;0.0;8.0;3.0;1.0;11.0;0.0;28.0;29.0;0.0;0.0;28.0;28.0;3.0;8.0;0.0;17.0;521.0;54.0;313.0;102.0;209.0;182.0;154.0;212.0;91.0;121.0;15.0;15.0;16.0;5.0;1.0;6.0;94.0;0.58;60.0;60.0;63.0;32.0;0
org.apache.jmeter.save.old.BadHandlerException;1.0;1.0;1.0;1.0;3.0;0.0;3.0;0.0;1.0;0.0;0.0;0.0;0.0;3.0;1.0;3.0;3.0;0.0;0.0;0.0;3.0;25.0;3.0;14.0;5.0;2.0;8.0;3.0;7.0;5.0;2.0;1.0;1.0;1.0;1.0;2.0;0.0;33.0;0.57;3.0;3.0;3.0;3.0;0
org.apache.jmeter.save.old.JMeterNameSpaceHandler;2.0;2.0;2.0;1.0;9.0;1.0;8.0;0.0;2.0;4.0;0.0;0.0;2.0;2.0;4.0;2.0;2.0;0.0;0.0;0.0;2.0;53.0;4.0;41.0;14.0;27.0;8.0;16.0;23.0;10.0;13.0;3.0;3.0;3.0;1.0;1.0;1.0;83.0;0.2;4.0;4.0;4.0;2.0;0
org.apache.jmeter.save.old.handlers.AbstractConfigElementHandler;1.0;1.0;1.0;1.0;15.0;2.0;5.0;7.0;1.0;4.0;1.0;0.0;0.0;9.0;2.0;9.0;30.0;0.0;0.0;1.0;8.0;180.0;53.0;54.0;13.0;18.0;73.0;18.0;30.0;13.0;17.0;2.0;2.0;3.0;1.0;2.0;1.0;61.0;1.35;11.0;11.0;12.0;9.0;0
org.apache.jmeter.save.old.handlers.ArgumentsHandler;1.0;1.0;1.0;1.0;6.0;0.0;6.0;0.0;1.0;5.0;0.0;0.0;0.0;8.0;2.0;8.0;29.0;0.0;1.0;0.0;7.0;75.0;9.0;58.0;13.0;22.0;8.0;20.0;32.0;13.0;19.0;2.0;2.0;2.0;1.0;2.0;1.0;68.0;0.14;11.0;11.0;11.0;8.0;0
org.apache.jmeter.save.old.handlers.AssertionHandler;1.0;1.0;1.0;1.0;7.0;0.0;6.0;1.0;2.0;5.0;0.0;0.0;1.0;7.0;1.0;7.0;28.0;0.0;1.0;0.0;6.0;74.0;7.0;52.0;12.0;29.0;15.0;27.0;36.0;11.0;25.0;2.0;2.0;2.0;1.0;2.0;1.0;71.0;0.29;8.0;8.0;8.0;7.0;0
org.apache.jmeter.save.old.handlers.AuthManagerHandler;1.0;1.0;1.0;1.0;5.0;0.0;5.0;0.0;1.0;8.0;0.0;0.0;0.0;6.0;3.0;6.0;27.0;0.0;0.0;0.0;6.0;53.0;5.0;40.0;13.0;15.0;8.0;17.0;25.0;13.0;12.0;2.0;2.0;2.0;1.0;2.0;1.0;83.0;0.2;7.0;7.0;7.0;6.0;0
org.apache.jmeter.save.old.handlers.CookieManagerHandler;1.0;1.0;1.0;1.0;6.0;0.0;6.0;0.0;1.0;7.0;0.0;0.0;0.0;6.0;1.0;6.0;27.0;0.0;0.0;0.0;6.0;54.0;7.0;39.0;11.0;16.0;8.0;15.0;23.0;11.0;12.0;2.0;2.0;2.0;1.0;2.0;1.0;50.0;0.21;7.0;7.0;7.0;6.0;0
org.apache.jmeter.save.old.handlers.FilerHandler;1.0;1.0;1.0;1.0;4.0;0.0;4.0;0.0;1.0;3.0;0.0;0.0;0.0;5.0;1.0;5.0;26.0;0.0;0.0;0.0;5.0;39.0;6.0;25.0;7.0;6.0;8.0;7.0;13.0;7.0;6.0;1.0;1.0;1.0;1.0;2.0;0.0;60.0;0.32;5.0;5.0;5.0;5.0;0
org.apache.jmeter.save.old.handlers.FtpTestHandler;1.0;1.0;1.0;1.0;7.0;0.0;5.0;2.0;1.0;7.0;0.0;0.0;0.0;10.0;1.0;10.0;31.0;0.0;0.0;3.0;7.0;103.0;11.0;54.0;16.0;16.0;38.0;15.0;28.0;14.0;14.0;2.0;2.0;2.0;1.0;2.0;1.0;60.0;0.7;12.0;12.0;12.0;10.0;0
org.apache.jmeter.save.old.handlers.GenericControllerHandler;1.0;1.0;1.0;1.0;12.0;0.0;6.0;6.0;1.0;6.0;1.0;0.0;0.0;8.0;1.0;8.0;29.0;0.0;0.0;3.0;5.0;123.0;12.0;54.0;12.0;20.0;57.0;18.0;29.0;12.0;17.0;3.0;3.0;3.0;1.0;2.0;1.0;75.0;1.06;10.0;10.0;10.0;8.0;0
org.apache.jmeter.save.old.handlers.HeaderManagerHandler;1.0;1.0;1.0;1.0;6.0;0.0;6.0;0.0;1.0;7.0;0.0;0.0;0.0;6.0;1.0;6.0;27.0;0.0;0.0;0.0;6.0;56.0;7.0;41.0;12.0;18.0;8.0;16.0;24.0;12.0;12.0;2.0;2.0;2.0;1.0;2.0;1.0;50.0;0.2;7.0;7.0;7.0;6.0;0
org.apache.jmeter.save.old.handlers.HttpTestSampleHandler;1.0;1.0;1.0;1.0;11.0;0.0;5.0;5.0;1.0;7.0;0.0;0.0;0.0;8.0;1.0;8.0;29.0;0.0;0.0;2.0;6.0;108.0;9.0;47.0;12.0;12.0;52.0;10.0;21.0;11.0;10.0;3.0;3.0;3.0;1.0;2.0;2.0;62.0;1.11;11.0;11.0;11.0;8.0;0
org.apache.jmeter.save.old.handlers.JMeterComponentHandler;1.0;1.0;1.0;1.0;5.0;0.0;5.0;0.0;1.0;4.0;0.0;0.0;0.0;5.0;1.0;5.0;26.0;0.0;0.0;0.0;5.0;42.0;5.0;29.0;8.0;11.0;8.0;12.0;18.0;8.0;10.0;1.0;1.0;1.0;1.0;2.0;0.0;60.0;0.28;5.0;5.0;5.0;5.0;0
org.apache.jmeter.save.old.handlers.JMeterHandler;2.0;2.0;3.0;1.0;17.0;0.0;12.0;4.0;1.0;6.0;0.0;11.0;5.0;1.0;0.0;12.0;12.0;0.0;0.0;0.0;12.0;299.0;19.0;215.0;30.0;141.0;65.0;98.0;124.0;29.0;95.0;19.0;9.0;24.0;4.0;1.0;3.0;91.0;0.3;35.0;25.0;40.0;15.0;0
org.apache.jmeter.save.old.handlers.JdbcTestSampleHandler;1.0;1.0;1.0;1.0;10.0;0.0;5.0;5.0;1.0;6.0;0.0;0.0;1.0;15.0;1.0;15.0;36.0;0.0;3.0;4.0;8.0;191.0;17.0;92.0;25.0;27.0;82.0;20.0;43.0;22.0;21.0;4.0;4.0;4.0;1.0;2.0;1.0;76.0;0.89;22.0;22.0;22.0;15.0;0
org.apache.jmeter.save.old.handlers.LoopControlHandler;1.0;1.0;1.0;1.0;11.0;0.0;6.0;4.0;1.0;6.0;0.0;0.0;0.0;5.0;0.0;5.0;34.0;0.0;0.0;1.0;4.0;63.0;5.0;35.0;7.0;17.0;23.0;17.0;23.0;7.0;16.0;1.0;1.0;1.0;1.0;3.0;0.0;0.0;0.66;5.0;5.0;5.0;5.0;0
org.apache.jmeter.save.old.handlers.ParamMaskHandler;1.0;1.0;1.0;1.0;9.0;0.0;5.0;3.0;1.0;5.0;0.0;0.0;0.0;7.0;1.0;7.0;28.0;0.0;0.0;0.0;7.0;74.0;9.0;41.0;10.0;25.0;24.0;26.0;34.0;10.0;24.0;1.0;1.0;1.0;1.0;2.0;0.0;57.0;0.59;7.0;7.0;7.0;7.0;0
org.apache.jmeter.save.old.handlers.ProxyControlHandler;2.0;2.0;2.0;1.0;17.0;0.0;12.0;4.0;1.0;8.0;0.0;0.0;0.0;5.0;0.0;5.0;35.0;0.0;1.0;0.0;4.0;97.0;10.0;63.0;19.0;39.0;24.0;37.0;48.0;22.0;26.0;7.0;7.0;7.0;1.0;3.0;4.0;0.0;0.38;13.0;13.0;13.0;5.0;0
org.apache.jmeter.save.old.handlers.TestPlanHandler;1.0;1.0;1.0;1.0;9.0;0.0;3.0;6.0;1.0;2.0;0.0;0.0;0.0;5.0;0.0;5.0;26.0;0.0;0.0;0.0;5.0;56.0;5.0;20.0;6.0;2.0;31.0;2.0;8.0;6.0;2.0;1.0;1.0;1.0;1.0;2.0;0.0;0.0;1.55;5.0;5.0;5.0;5.0;0
org.apache.jmeter.save.old.handlers.ThreadGroupHandler;1.0;1.0;1.0;1.0;16.0;0.0;8.0;7.0;1.0;5.0;0.0;0.0;0.0;6.0;1.0;6.0;27.0;0.0;0.0;0.0;6.0;116.0;11.0;52.0;9.0;17.0;53.0;12.0;23.0;9.0;14.0;3.0;3.0;3.0;1.0;2.0;2.0;50.0;1.02;10.0;10.0;10.0;6.0;0
org.apache.jmeter.save.old.handlers.TimerHandler;1.0;1.0;1.0;1.0;8.0;0.0;8.0;0.0;1.0;5.0;0.0;0.0;0.0;7.0;1.0;7.0;28.0;0.0;0.0;0.0;7.0;77.0;6.0;63.0;10.0;29.0;8.0;25.0;36.0;10.0;26.0;2.0;2.0;2.0;1.0;2.0;1.0;42.0;0.13;10.0;10.0;10.0;7.0;0
org.apache.jmeter.save.old.xml.NoCurrentHandlerException;1.0;1.0;1.0;1.0;3.0;0.0;3.0;0.0;1.0;0.0;0.0;0.0;0.0;1.0;0.0;1.0;1.0;0.0;0.0;0.0;1.0;6.0;1.0;5.0;2.0;0.0;0.0;0.0;2.0;2.0;0.0;1.0;1.0;1.0;1.0;2.0;0.0;0.0;0.0;1.0;1.0;1.0;1.0;0
org.apache.jmeter.save.old.xml.TagHandler;1.0;1.0;1.0;1.0;8.0;0.0;8.0;0.0;2.0;1.0;16.0;0.0;1.0;21.0;5.0;21.0;21.0;0.0;1.0;8.0;12.0;222.0;23.0;181.0;37.0;71.0;18.0;53.0;83.0;37.0;46.0;5.0;5.0;5.0;1.0;1.0;3.0;87.0;0.1;38.0;38.0;38.0;21.0;0
org.apache.jmeter.save.old.xml.XmlHandler;2.0;2.0;2.0;1.0;18.0;0.0;12.0;5.0;1.0;5.0;0.0;0.0;1.0;15.0;5.0;15.0;15.0;0.0;4.0;2.0;9.0;305.0;17.0;203.0;39.0;97.0;85.0;65.0;100.0;38.0;62.0;5.0;5.0;5.0;3.0;2.0;2.0;77.0;0.42;34.0;34.0;36.0;17.0;0
org.apache.jmeter.swing.HtmlPane;1.0;1.0;1.0;1.0;8.0;0.0;8.0;0.0;1.0;1.0;0.0;0.0;1.0;2.0;0.0;2.0;2.0;0.0;0.0;0.0;2.0;24.0;2.0;19.0;5.0;10.0;3.0;6.0;12.0;6.0;6.0;1.0;1.0;1.0;1.0;2.0;0.0;100.0;0.16;2.0;2.0;2.0;2.0;0
org.apache.jmeter.testelement.AbstractTestElement;1.0;1.0;1.0;1.0;7.0;0.0;5.0;1.0;3.0;15.0;48.0;0.0;1.0;49.0;5.0;49.0;49.0;0.0;0.0;8.0;41.0;443.0;56.0;283.0;75.0;150.0;106.0;104.0;188.0;75.0;113.0;4.0;4.0;5.0;3.0;1.0;2.0;93.0;0.37;87.0;87.0;90.0;51.0;0
org.apache.jmeter.testelement.TestPlan;1.0;1.0;1.0;1.0;5.0;0.0;4.0;1.0;3.0;10.0;0.0;1.0;9.0;27.0;1.0;28.0;77.0;0.0;2.0;0.0;26.0;296.0;49.0;130.0;44.0;61.0;122.0;55.0;92.0;45.0;47.0;4.0;4.0;5.0;1.0;2.0;2.0;93.0;0.94;36.0;36.0;38.0;28.0;0
org.apache.jmeter.testelement.VariablesCollection;1.0;1.0;1.0;1.0;3.0;0.0;3.0;0.0;2.0;1.0;0.0;0.0;0.0;2.0;1.0;2.0;2.0;0.0;0.0;0.0;2.0;15.0;3.0;9.0;4.0;3.0;3.0;3.0;6.0;4.0;2.0;1.0;1.0;1.0;1.0;1.0;0.0;0.0;0.33;2.0;2.0;2.0;2.0;0
org.apache.jmeter.testelement.WorkBench;1.0;1.0;1.0;1.0;4.0;0.0;2.0;1.0;1.0;0.0;0.0;0.0;0.0;2.0;0.0;2.0;51.0;0.0;0.0;0.0;2.0;12.0;2.0;7.0;3.0;1.0;3.0;1.0;4.0;3.0;1.0;1.0;1.0;1.0;1.0;2.0;0.0;0.0;0.43;2.0;2.0;2.0;2.0;0
org.apache.jmeter.threads.JMeterThread;2.0;2.0;3.0;1.0;14.0;0.0;11.0;3.0;3.0;37.0;0.0;0.0;5.0;38.0;20.0;38.0;38.0;0.0;18.0;0.0;20.0;707.0;78.0;484.0;122.0;310.0;166.0;248.0;353.0;122.0;231.0;18.0;18.0;24.0;5.0;1.0;5.0;90.0;0.34;102.0;102.0;114.0;44.0;0
org.apache.jmeter.threads.JMeterVariables;1.0;1.0;1.0;1.0;3.0;0.0;3.0;0.0;1.0;1.0;0.0;0.0;1.0;15.0;2.0;15.0;15.0;0.0;1.0;0.0;14.0;89.0;17.0;61.0;26.0;26.0;15.0;23.0;41.0;22.0;19.0;3.0;3.0;3.0;1.0;1.0;2.0;68.0;0.25;17.0;17.0;17.0;15.0;0
org.apache.jmeter.threads.ListenerNotifier;3.0;3.0;3.0;1.0;23.0;0.0;13.0;10.0;1.0;5.0;0.0;0.0;1.0;1.0;0.0;1.0;1.0;0.0;0.0;0.0;1.0;214.0;3.0;16.0;5.0;10.0;195.0;7.0;11.0;5.0;6.0;3.0;3.0;3.0;1.0;1.0;2.0;0.0;12.19;3.0;3.0;3.0;1.0;0
org.apache.jmeter.threads.ReflectionThreadGroup;0.0;0.0;0.0;0.0;0.0;0.0;0.0;0.0;1.0;0.0;0.0;0.0;0.0;0.0;0.0;0.0;77.0;0.0;0.0;0.0;0.0;15.0;1.0;2.0;1.0;0.0;12.0;0.0;1.0;1.0;0.0;0.0;0.0;0.0;0.0;3.0;0.0;0.0;6.0;0.0;0.0;0.0;0.0;0
org.apache.jmeter.threads.SamplePackage;1.0;1.0;1.0;1.0;6.0;0.0;4.0;2.0;1.0;8.0;0.0;0.0;1.0;29.0;10.0;29.0;29.0;0.0;2.0;0.0;27.0;236.0;39.0;132.0;44.0;65.0;65.0;68.0;100.0;43.0;57.0;2.0;2.0;2.0;1.0;1.0;1.0;83.0;0.49;31.0;31.0;31.0;29.0;0
org.apache.jmeter.threads.TestCompiler;2.0;2.0;2.0;1.0;12.0;0.0;11.0;0.0;2.0;19.0;0.0;1.0;2.0;12.0;4.0;13.0;13.0;0.0;5.0;0.0;8.0;223.0;26.0;183.0;64.0;116.0;15.0;94.0;139.0;64.0;75.0;9.0;9.0;9.0;5.0;1.0;3.0;80.0;0.08;35.0;35.0;35.0;17.0;0
org.apache.jmeter.threads.ThreadGroup;1.0;1.0;1.0;1.0;7.0;0.0;3.0;4.0;3.0;8.0;1.0;0.0;14.0;28.0;1.0;28.0;77.0;2.0;0.0;0.0;26.0;292.0;44.0;106.0;47.0;48.0;146.0;48.0;77.0;47.0;30.0;1.0;1.0;1.0;1.0;2.0;0.0;94.0;1.38;28.0;28.0;28.0;28.0;0
org.apache.jmeter.threads.gui.ThreadGroupGui;1.0;1.0;1.0;1.0;13.0;1.0;10.0;2.0;2.0;15.0;0.0;0.0;2.0;21.0;13.0;21.0;44.0;0.0;10.0;0.0;11.0;339.0;60.0;243.0;59.0;177.0;58.0;162.0;195.0;59.0;136.0;4.0;4.0;4.0;4.0;3.0;2.0;84.0;0.24;32.0;32.0;32.0;24.0;0
org.apache.jmeter.timers.ConstantTimer;1.0;1.0;1.0;1.0;7.0;0.0;2.0;4.0;4.0;2.0;1.0;0.0;1.0;8.0;1.0;8.0;57.0;0.0;0.0;0.0;8.0;78.0;11.0;26.0;11.0;8.0;43.0;8.0;17.0;11.0;6.0;1.0;1.0;1.0;1.0;2.0;0.0;68.0;1.65;8.0;8.0;8.0;8.0;0
org.apache.jmeter.timers.GaussianRandomTimer;1.0;1.0;1.0;1.0;3.0;0.0;3.0;0.0;2.0;1.0;0.0;0.0;0.0;2.0;0.0;2.0;63.0;0.0;0.0;0.0;2.0;9.0;1.0;8.0;3.0;2.0;1.0;2.0;5.0;3.0;2.0;1.0;1.0;1.0;1.0;4.0;0.0;0.0;0.12;2.0;2.0;2.0;2.0;0
org.apache.jmeter.timers.RandomTimer;1.0;1.0;1.0;1.0;5.0;0.0;3.0;2.0;3.0;2.0;2.0;0.0;1.0;4.0;1.0;4.0;61.0;0.0;0.0;0.0;4.0;39.0;6.0;16.0;7.0;5.0;17.0;6.0;11.0;7.0;4.0;1.0;1.0;1.0;1.0;3.0;0.0;50.0;1.06;4.0;4.0;4.0;4.0;0
org.apache.jmeter.timers.UniformRandomTimer;1.0;1.0;1.0;1.0;3.0;0.0;3.0;0.0;2.0;1.0;0.0;0.0;0.0;2.0;0.0;2.0;63.0;0.0;0.0;0.0;2.0;10.0;2.0;8.0;3.0;2.0;1.0;2.0;5.0;3.0;2.0;1.0;1.0;1.0;1.0;4.0;0.0;0.0;0.12;2.0;2.0;2.0;2.0;0
org.apache.jmeter.timers.gui.AbstractTimerGui;1.0;1.0;1.0;1.0;13.0;0.0;3.0;10.0;1.0;1.0;4.0;0.0;0.0;2.0;0.0;2.0;25.0;0.0;0.0;0.0;2.0;28.0;1.0;7.0;3.0;2.0;20.0;2.0;5.0;3.0;2.0;1.0;1.0;1.0;1.0;3.0;0.0;0.0;2.86;2.0;2.0;2.0;2.0;0
org.apache.jmeter.timers.gui.ConstantTimerGui;1.0;1.0;1.0;1.0;8.0;0.0;4.0;3.0;1.0;4.0;0.0;1.0;2.0;7.0;1.0;8.0;33.0;0.0;1.0;0.0;7.0;98.0;13.0;44.0;15.0;25.0;43.0;26.0;35.0;15.0;20.0;1.0;1.0;1.0;1.0;4.0;0.0;70.0;0.98;8.0;8.0;8.0;8.0;0
org.apache.jmeter.timers.gui.GaussianRandomTimerGui;1.0;1.0;1.0;1.0;12.0;1.0;7.0;4.0;1.0;7.0;0.0;1.0;4.0;7.0;2.0;8.0;33.0;0.0;1.0;0.0;7.0;130.0;23.0;66.0;19.0;46.0;47.0;46.0;55.0;19.0;36.0;1.0;1.0;1.0;1.0;4.0;0.0;70.0;0.71;8.0;8.0;8.0;8.0;0
org.apache.jmeter.timers.gui.UniformRandomTimerGui;1.0;1.0;1.0;1.0;12.0;1.0;7.0;4.0;1.0;7.0;0.0;1.0;4.0;7.0;2.0;8.0;33.0;0.0;1.0;0.0;7.0;131.0;24.0;64.0;19.0;44.0;49.0;45.0;54.0;19.0;35.0;1.0;1.0;1.0;1.0;4.0;0.0;70.0;0.77;8.0;8.0;8.0;8.0;0
org.apache.jmeter.util.ColorHelper;2.0;2.0;2.0;1.0;17.0;0.0;10.0;7.0;1.0;0.0;0.0;1.0;0.0;1.0;0.0;2.0;2.0;0.0;1.0;0.0;1.0;42.0;1.0;22.0;8.0;15.0;19.0;12.0;18.0;8.0;10.0;4.0;4.0;4.0;1.0;1.0;1.0;0.0;0.86;5.0;5.0;5.0;2.0;0
org.apache.jmeter.util.JMeterUtils;2.0;2.0;2.0;1.0;16.0;0.0;9.0;7.0;2.0;7.0;0.0;60.0;16.0;1.0;0.0;61.0;61.0;0.0;3.0;0.0;58.0;1118.0;82.0;600.0;147.0;397.0;491.0;283.0;415.0;146.0;269.0;9.0;9.0;9.0;7.0;1.0;4.0;95.0;0.82;139.0;139.0;145.0;78.0;0
org.apache.jmeter.util.JsseSSLManager;4.0;4.0;4.0;1.0;28.0;1.0;18.0;8.0;1.0;6.0;0.0;0.0;5.0;6.0;4.0;6.0;15.0;0.0;1.0;1.0;4.0;345.0;31.0;170.0;45.0;105.0;153.0;85.0;123.0;43.0;80.0;12.0;12.0;12.0;1.0;2.0;3.0;62.0;0.9;28.0;28.0;28.0;6.0;0
org.apache.jmeter.util.SSLManager;2.0;2.0;2.0;1.0;20.0;1.0;13.0;6.0;1.0;6.0;1.0;3.0;8.0;6.0;4.0;9.0;9.0;0.0;1.0;4.0;4.0;240.0;32.0;131.0;31.0;94.0;90.0;65.0;90.0;30.0;60.0;6.0;6.0;7.0;3.0;1.0;3.0;86.0;0.69;24.0;24.0;25.0;11.0;0
org.apache.jmeter.util.StringUtilities;1.0;1.0;1.0;1.0;14.0;0.0;7.0;7.0;1.0;0.0;0.0;1.0;0.0;1.0;0.0;2.0;2.0;0.0;1.0;0.0;1.0;33.0;2.0;17.0;7.0;10.0;14.0;9.0;13.0;7.0;6.0;2.0;2.0;2.0;1.0;1.0;1.0;0.0;0.82;3.0;3.0;3.0;2.0;0
org.apache.jmeter.util.keystore.DefaultKeyStore;2.0;2.0;2.0;1.0;9.0;1.0;8.0;0.0;1.0;0.0;0.0;0.0;0.0;5.0;4.0;5.0;10.0;0.0;0.0;0.0;5.0;64.0;14.0;46.0;14.0;24.0;5.0;24.0;36.0;15.0;21.0;7.0;7.0;7.0;4.0;2.0;4.0;60.0;0.11;11.0;11.0;11.0;8.0;0
org.apache.jmeter.util.keystore.JmeterKeyStore;1.0;1.0;1.0;1.0;3.0;0.0;1.0;2.0;1.0;1.0;2.0;1.0;0.0;4.0;0.0;5.0;5.0;0.0;0.0;0.0;5.0;27.0;5.0;8.0;6.0;1.0;14.0;5.0;7.0;6.0;1.0;1.0;1.0;1.0;1.0;1.0;0.0;0.0;1.75;5.0;5.0;5.0;5.0;0
org.apache.jmeter.util.keystore.PKCS12KeyStore;2.0;2.0;2.0;1.0;15.0;2.0;11.0;1.0;1.0;0.0;0.0;0.0;0.0;5.0;3.0;5.0;10.0;0.0;0.0;0.0;5.0;99.0;17.0;64.0;18.0;28.0;18.0;26.0;39.0;17.0;22.0;7.0;7.0;9.0;4.0;2.0;3.0;60.0;0.28;12.0;12.0;14.0;8.0;0
org.apache.jmeter.visualizers.AssertionVisualizer;1.0;1.0;1.0;1.0;11.0;1.0;9.0;1.0;2.0;3.0;0.0;0.0;0.0;6.0;1.0;6.0;46.0;0.0;2.0;0.0;4.0;76.0;15.0;57.0;17.0;37.0;10.0;36.0;47.0;17.0;30.0;5.0;5.0;6.0;1.0;5.0;3.0;50.0;0.18;10.0;10.0;11.0;6.0;0
org.apache.jmeter.visualizers.BarVisualizer;1.0;1.0;1.0;1.0;7.0;0.0;6.0;0.0;3.0;2.0;0.0;0.0;1.0;7.0;2.0;7.0;7.0;0.0;0.0;0.0;7.0;150.0;31.0;110.0;31.0;54.0;9.0;61.0;79.0;31.0;48.0;1.0;1.0;1.0;1.0;2.0;0.0;61.0;0.08;7.0;7.0;7.0;7.0;0
org.apache.jmeter.visualizers.Graph;1.0;1.0;1.0;1.0;9.0;0.0;6.0;2.0;3.0;4.0;0.0;0.0;2.0;18.0;8.0;18.0;18.0;0.0;2.0;0.0;16.0;220.0;40.0;134.0;42.0;81.0;46.0;67.0;100.0;44.0;56.0;7.0;7.0;8.0;1.0;2.0;2.0;87.0;0.34;29.0;29.0;32.0;18.0;0
org.apache.jmeter.visualizers.GraphAccum;2.0;2.0;2.0;1.0;19.0;1.0;11.0;6.0;3.0;5.0;0.0;0.0;3.0;16.0;5.0;16.0;16.0;0.0;2.0;0.0;14.0;356.0;47.0;198.0;46.0;142.0;111.0;124.0;160.0;49.0;111.0;15.0;15.0;15.0;1.0;2.0;3.0;81.0;0.56;32.0;32.0;32.0;16.0;0
org.apache.jmeter.visualizers.GraphAccumModel;1.0;1.0;1.0;1.0;11.0;0.0;6.0;5.0;3.0;3.0;0.0;0.0;1.0;11.0;10.0;11.0;11.0;0.0;0.0;2.0;9.0;165.0;23.0;83.0;26.0;48.0;59.0;46.0;63.0;26.0;37.0;3.0;3.0;3.0;1.0;1.0;2.0;80.0;0.71;16.0;16.0;16.0;11.0;0
org.apache.jmeter.visualizers.GraphAccumVisualizer;1.0;1.0;1.0;1.0;11.0;1.0;7.0;3.0;4.0;5.0;0.0;0.0;1.0;10.0;3.0;10.0;50.0;0.0;1.0;0.0;9.0;146.0;25.0;78.0;26.0;53.0;45.0;55.0;66.0;25.0;41.0;1.0;1.0;1.0;1.0;5.0;0.0;57.0;0.58;10.0;10.0;10.0;10.0;0
org.apache.jmeter.visualizers.GraphModel;1.0;1.0;1.0;1.0;11.0;0.0;8.0;3.0;3.0;5.0;1.0;0.0;0.0;20.0;10.0;20.0;20.0;0.0;0.0;3.0;17.0;274.0;27.0;173.0;41.0;79.0;74.0;64.0;95.0;39.0;56.0;7.0;7.0;7.0;1.0;1.0;2.0;83.0;0.43;29.0;29.0;29.0;20.0;0
org.apache.jmeter.visualizers.GraphVisualizer;1.0;1.0;1.0;1.0;16.0;1.0;8.0;7.0;4.0;6.0;0.0;0.0;1.0;20.0;17.0;20.0;60.0;0.0;12.0;0.0;8.0;403.0;63.0;195.0;56.0;140.0;165.0;143.0;169.0;55.0;114.0;6.0;6.0;6.0;1.0;5.0;1.0;86.0;0.85;29.0;29.0;29.0;20.0;0
org.apache.jmeter.visualizers.MailerVisualizer;1.0;1.0;1.0;1.0;16.0;1.0;12.0;3.0;4.0;8.0;0.0;0.0;1.0;15.0;9.0;15.0;55.0;0.0;3.0;0.0;12.0;317.0;54.0;193.0;38.0;145.0;78.0;140.0;163.0;38.0;125.0;4.0;4.0;4.0;1.0;5.0;2.0;82.0;0.4;24.0;24.0;24.0;15.0;0
org.apache.jmeter.visualizers.RunningSample;2.0;2.0;2.0;1.0;14.0;1.0;8.0;4.0;1.0;1.0;0.0;0.0;2.0;20.0;9.0;20.0;20.0;0.0;1.0;0.0;19.0;338.0;52.0;177.0;45.0;106.0;114.0;93.0;135.0;45.0;90.0;6.0;6.0;6.0;3.0;1.0;1.0;76.0;0.64;41.0;41.0;41.0;24.0;0
org.apache.jmeter.visualizers.Spline3;3.0;3.0;3.0;1.0;19.0;0.0;13.0;5.0;1.0;1.0;0.0;0.0;3.0;16.0;9.0;16.0;16.0;0.0;0.0;4.0;12.0;399.0;40.0;228.0;49.0;147.0;135.0;154.0;212.0;52.0;160.0;14.0;14.0;15.0;1.0;1.0;3.0;80.0;0.59;57.0;57.0;59.0;16.0;0
org.apache.jmeter.visualizers.SplineModel;1.0;1.0;1.0;1.0;4.0;0.0;4.0;0.0;2.0;6.0;0.0;0.0;0.0;17.0;9.0;17.0;17.0;0.0;0.0;0.0;17.0;120.0;29.0;82.0;30.0;38.0;10.0;39.0;62.0;32.0;30.0;5.0;5.0;5.0;1.0;1.0;3.0;87.0;0.12;22.0;22.0;22.0;17.0;0
org.apache.jmeter.visualizers.SplineVisualizer;1.0;1.0;1.0;1.0;10.0;1.0;8.0;1.0;4.0;6.0;0.0;0.0;1.0;15.0;17.0;15.0;55.0;0.0;6.0;0.0;9.0;289.0;73.0;191.0;60.0;142.0;39.0;137.0;165.0;62.0;103.0;3.0;3.0;3.0;1.0;5.0;2.0;88.0;0.2;19.0;19.0;19.0;15.0;0
org.apache.jmeter.visualizers.SplineVisualizer.SplineGraph;2.0;2.0;2.0;1.0;16.0;2.0;11.0;3.0;1.0;4.0;0.0;0.0;0.0;3.0;5.0;3.0;3.0;0.0;0.0;0.0;3.0;67.0;14.0;41.0;13.0;31.0;14.0;28.0;35.0;15.0;20.0;4.0;4.0;5.0;1.0;2.0;1.0;53.0;0.34;6.0;6.0;7.0;3.0;0
org.apache.jmeter.visualizers.StatVisualizer;1.0;1.0;1.0;1.0;13.0;0.0;11.0;2.0;3.0;14.0;0.0;1.0;4.0;8.0;7.0;9.0;49.0;0.0;1.0;0.0;8.0;188.0;24.0;143.0;44.0;106.0;57.0;62.0;80.0;30.0;50.0;5.0;5.0;5.0;3.0;5.0;2.0;76.0;0.4;14.0;14.0;14.0;11.0;0
org.apache.jmeter.visualizers.StatVisualizerModel;1.0;1.0;1.0;1.0;9.0;0.0;6.0;2.0;2.0;5.0;0.0;0.0;0.0;14.0;5.0;14.0;14.0;0.0;0.0;2.0;12.0;234.0;33.0;155.0;37.0;73.0;46.0;73.0;98.0;36.0;62.0;3.0;3.0;3.0;3.0;1.0;2.0;71.0;0.3;19.0;19.0;19.0;18.0;0
org.apache.jmeter.visualizers.TableDataModel;2.0;1.0;2.0;1.0;10.0;0.0;8.0;1.0;2.0;6.0;0.0;0.0;1.0;15.0;1.0;15.0;35.0;0.0;0.0;0.0;15.0;186.0;23.0;131.0;25.0;54.0;32.0;33.0;62.0;20.0;42.0;9.0;9.0;13.0;9.0;2.0;2.0;86.0;0.24;31.0;28.0;35.0;27.0;0
org.apache.jmeter.visualizers.TableVisualizer;1.0;1.0;1.0;1.0;18.0;1.0;15.0;3.0;2.0;11.0;0.0;1.0;4.0;7.0;10.0;8.0;48.0;0.0;1.0;1.0;6.0;240.0;41.0;178.0;47.0;147.0;59.0;107.0;122.0;42.0;80.0;1.0;1.0;1.0;1.0;5.0;0.0;75.0;0.33;8.0;8.0;8.0;8.0;0
org.apache.jmeter.visualizers.TreeVisualizer;1.0;1.0;1.0;1.0;12.0;0.0;8.0;4.0;3.0;3.0;0.0;0.0;1.0;7.0;11.0;7.0;7.0;0.0;0.0;1.0;6.0;172.0;25.0;74.0;23.0;40.0;73.0;51.0;58.0;23.0;35.0;3.0;3.0;3.0;1.0;2.0;1.0;78.0;0.99;9.0;9.0;9.0;7.0;0
org.apache.jmeter.visualizers.ViewResultsFullVisualizer;3.0;3.0;3.0;1.0;25.0;3.0;19.0;4.0;4.0;9.0;0.0;3.0;26.0;22.0;19.0;25.0;65.0;0.0;18.0;0.0;7.0;933.0;167.0;650.0;174.0;487.0;205.0;427.0;533.0;175.0;358.0;21.0;19.0;21.0;3.0;5.0;5.0;90.0;0.32;86.0;84.0;98.0;29.0;0
org.apache.jmeter.visualizers.WindowedVisualizer;1.0;1.0;1.0;1.0;17.0;3.0;13.0;0.0;2.0;2.0;0.0;0.0;0.0;6.0;6.0;6.0;6.0;0.0;0.0;0.0;6.0;260.0;51.0;196.0;48.0;109.0;13.0;112.0;139.0;49.0;90.0;3.0;3.0;3.0;1.0;2.0;1.0;61.0;0.07;8.0;8.0;8.0;6.0;0
org.apache.jmeter.visualizers.WindowedVisualizer.Graph;1.0;1.0;1.0;1.0;7.0;0.0;7.0;0.0;2.0;0.0;0.0;0.0;0.0;13.0;9.0;13.0;13.0;0.0;0.0;0.0;13.0;128.0;23.0;105.0;27.0;51.0;0.0;50.0;70.0;28.0;42.0;4.0;4.0;4.0;1.0;2.0;2.0;76.0;0.0;19.0;19.0;19.0;13.0;0
org.apache.jmeter.visualizers.gui.AbstractVisualizer;1.0;1.0;1.0;1.0;13.0;0.0;6.0;6.0;5.0;8.0;13.0;0.0;1.0;15.0;6.0;15.0;40.0;0.0;0.0;6.0;9.0;299.0;24.0;115.0;30.0;69.0;166.0;59.0;83.0;30.0;53.0;2.0;2.0;2.0;1.0;4.0;1.0;80.0;1.44;18.0;18.0;18.0;15.0;0
org.apache.jorphan.collections.Data;2.0;2.0;2.0;1.0;16.0;0.0;10.0;5.0;2.0;2.0;0.0;1.0;1.0;36.0;4.0;37.0;37.0;0.0;2.0;0.0;35.0;662.0;56.0;379.0;90.0;233.0;228.0;198.0;294.0;100.0;194.0;9.0;9.0;11.0;3.0;1.0;4.0;68.0;0.6;95.0;95.0;100.0;41.0;0
org.apache.jorphan.collections.HashTree;1.0;1.0;1.0;1.0;13.0;0.0;5.0;8.0;4.0;3.0;2.0;0.0;1.0;67.0;1.0;67.0;67.0;0.0;3.0;7.0;57.0;1049.0;89.0;392.0;122.0;194.0;571.0;163.0;278.0;124.0;154.0;4.0;4.0;4.0;3.0;1.0;2.0;79.0;1.46;98.0;98.0;99.0;71.0;0
org.apache.jorphan.collections.ListedHashTree;1.0;1.0;1.0;1.0;6.0;0.0;5.0;1.0;3.0;0.0;0.0;0.0;0.0;24.0;1.0;24.0;91.0;0.0;2.0;0.0;22.0;196.0;25.0;123.0;33.0;64.0;48.0;59.0;92.0;34.0;58.0;2.0;2.0;3.0;1.0;2.0;1.0;33.0;0.39;33.0;33.0;34.0;24.0;0
org.apache.jorphan.collections.SortedHashTree;1.0;1.0;1.0;1.0;4.0;0.0;4.0;0.0;2.0;0.0;0.0;0.0;1.0;11.0;0.0;11.0;78.0;0.0;0.0;3.0;8.0;79.0;13.0;55.0;18.0;27.0;12.0;27.0;43.0;20.0;23.0;2.0;2.0;2.0;1.0;2.0;1.0;100.0;0.22;15.0;15.0;15.0;11.0;0
org.apache.jorphan.gui.ComponentUtil;1.0;1.0;1.0;1.0;15.0;0.0;7.0;7.0;1.0;0.0;0.0;3.0;0.0;1.0;0.0;4.0;4.0;0.0;1.0;0.0;3.0;72.0;5.0;31.0;8.0;19.0;36.0;15.0;22.0;8.0;14.0;3.0;3.0;3.0;3.0;1.0;1.0;0.0;1.16;6.0;6.0;6.0;6.0;0
org.apache.jorphan.gui.JLabeledChoice;1.0;1.0;1.0;1.0;9.0;0.0;5.0;3.0;2.0;2.0;0.0;0.0;1.0;22.0;5.0;22.0;22.0;0.0;2.0;0.0;20.0;263.0;31.0;145.0;39.0;79.0;88.0;74.0;112.0;43.0;69.0;2.0;2.0;2.0;1.0;2.0;1.0;78.0;0.61;29.0;29.0;29.0;22.0;0
org.apache.jorphan.gui.JLabeledPasswordField;1.0;1.0;1.0;1.0;5.0;0.0;3.0;2.0;1.0;0.0;0.0;0.0;0.0;3.0;0.0;3.0;22.0;0.0;0.0;1.0;2.0;19.0;3.0;10.0;4.0;3.0;6.0;3.0;7.0;4.0;3.0;1.0;1.0;1.0;1.0;3.0;0.0;0.0;0.6;3.0;3.0;3.0;3.0;0
org.apache.jorphan.gui.JLabeledTextArea;1.0;1.0;1.0;1.0;8.0;0.0;4.0;4.0;3.0;0.0;0.0;0.0;0.0;18.0;4.0;18.0;18.0;0.0;2.0;0.0;16.0;196.0;23.0;80.0;25.0;38.0;93.0;39.0;61.0;26.0;35.0;2.0;2.0;2.0;1.0;2.0;1.0;70.0;1.16;21.0;21.0;21.0;18.0;0
org.apache.jorphan.gui.JLabeledTextField;1.0;1.0;1.0;1.0;8.0;0.0;4.0;4.0;3.0;0.0;1.0;0.0;0.0;19.0;4.0;19.0;19.0;0.0;1.0;2.0;16.0;198.0;23.0;88.0;26.0;43.0;88.0;44.0;67.0;27.0;40.0;2.0;2.0;2.0;1.0;2.0;1.0;71.0;1.0;22.0;22.0;22.0;19.0;0
org.apache.jorphan.gui.layout.VerticalLayout;2.0;2.0;2.0;1.0;12.0;0.0;7.0;5.0;3.0;0.0;0.0;0.0;6.0;11.0;3.0;11.0;11.0;0.0;1.0;0.0;10.0;209.0;19.0;96.0;36.0;59.0;95.0;56.0;80.0;39.0;41.0;8.0;8.0;8.0;1.0;1.0;3.0;80.0;0.99;22.0;22.0;22.0;11.0;0
org.apache.jorphan.io.TextFile;1.0;1.0;1.0;1.0;14.0;0.0;7.0;6.0;1.0;2.0;0.0;0.0;1.0;8.0;1.0;8.0;8.0;0.0;0.0;0.0;8.0;137.0;10.0;65.0;17.0;41.0;66.0;29.0;44.0;17.0;27.0;5.0;5.0;5.0;1.0;2.0;3.0;62.0;1.02;14.0;14.0;14.0;8.0;0
org.apache.jorphan.logging.LoggingManager;2.0;2.0;2.0;1.0;12.0;0.0;7.0;4.0;1.0;1.0;0.0;20.0;11.0;1.0;0.0;21.0;21.0;0.0;7.0;0.0;14.0;326.0;36.0;180.0;55.0;118.0;133.0;88.0;127.0;52.0;75.0;8.0;8.0;8.0;1.0;1.0;2.0;92.0;0.74;42.0;42.0;44.0;21.0;0
org.apache.jorphan.reflect.ClassFinder;3.0;3.0;4.0;1.0;19.0;0.0;14.0;6.0;1.0;3.0;0.0;11.0;4.0;1.0;0.0;12.0;12.0;0.0;9.0;0.0;3.0;408.0;32.0;211.0;59.0;129.0;191.0;103.0;159.0;58.0;101.0;9.0;9.0;9.0;5.0;1.0;4.0;85.0;0.91;46.0;46.0;50.0;22.0;0