DY
290
43
AvgCyclomatic;AvgCyclomaticModified;AvgCyclomaticStrict;AvgEssential;AvgLine;AvgLineBlank;AvgLineCode;AvgLineComment;CountClassBase;CountClassCoupled;CountClassDerived;CountDeclClassMethod;CountDeclClassVariable;CountDeclInstanceMethod;CountDeclInstanceVariable;CountDeclMethod;CountDeclMethodAll;CountDeclMethodDefault;CountDeclMethodPrivate;CountDeclMethodProtected;CountDeclMethodPublic;CountLine;CountLineBlank;CountLineCode;CountLineCodeDecl;CountLineCodeExe;CountLineComment;CountSemicolon;CountStmt;CountStmtDecl;CountStmtExe;MaxCyclomatic;MaxCyclomaticModified;MaxCyclomaticStrict;MaxEssential;MaxInheritanceTree;MaxNesting;PercentLackOfCohesion;RatioCommentToCode;SumCyclomatic;SumCyclomaticModified;SumCyclomaticStrict;SumEssential
org.apache.jmeter.JMeter;3.0;3.0;3.0;1.0;32.0;0.0;30.0;1.0;2.0;33.0;0.0;1.0;17.0;11.0;0.0;12.0;12.0;0.0;5.0;0.0;7.0;576.0;29.0;506.0;84.0;327.0;48.0;140.0;191.0;67.0;124.0;9.0;8.0;9.0;3.0;1.0;3.0;89.0;0.09;44.0;42.0;47.0;14.0;0
org.apache.jmeter.NewDriver;1.0;1.0;1.0;1.0;15.0;0.0;10.0;4.0;1.0;0.0;0.0;2.0;2.0;1.0;7.0;3.0;3.0;0.0;1.0;0.0;2.0;121.0;11.0;89.0;22.0;45.0;21.0;32.0;44.0;21.0;23.0;3.0;3.0;3.0;1.0;1.0;1.0;88.0;0.24;5.0;5.0;5.0;3.0;0
org.apache.jmeter.ProxyAuthenticator;1.0;1.0;1.0;1.0;11.0;0.0;4.0;6.0;1.0;0.0;0.0;0.0;0.0;2.0;2.0;2.0;2.0;0.0;0.0;1.0;1.0;39.0;3.0;14.0;5.0;3.0;22.0;5.0;8.0;5.0;3.0;1.0;1.0;1.0;1.0;2.0;0.0;0.0;1.57;2.0;2.0;2.0;2.0;0
org.apache.jmeter.assertions.AssertionResult;1.0;1.0;1.0;1.0;9.0;0.0;3.0;5.0;2.0;0.0;0.0;0.0;0.0;7.0;3.0;7.0;7.0;0.0;0.0;0.0;7.0;88.0;9.0;33.0;11.0;6.0;46.0;9.0;17.0;11.0;6.0;1.0;1.0;1.0;1.0;1.0;0.0;71.0;1.39;7.0;7.0;7.0;7.0;0
org.apache.jmeter.assertions.DurationAssertion;2.0;2.0;2.0;1.0;19.0;0.0;12.0;7.0;3.0;4.0;0.0;0.0;1.0;3.0;0.0;3.0;35.0;0.0;0.0;0.0;3.0;75.0;2.0;43.0;12.0;20.0;30.0;12.0;19.0;8.0;11.0;3.0;3.0;3.0;1.0;2.0;1.0;33.0;0.7;6.0;6.0;7.0;3.0;0
org.apache.jmeter.assertions.ResponseAssertion;1.0;1.0;1.0;1.0;10.0;0.0;8.0;2.0;3.0;8.0;0.0;0.0;10.0;23.0;2.0;23.0;55.0;0.0;1.0;1.0;21.0;335.0;2.0;270.0;66.0;125.0;63.0;104.0;151.0;64.0;87.0;8.0;8.0;8.0;5.0;2.0;3.0;88.0;0.23;34.0;34.0;34.0;27.0;0
org.apache.jmeter.assertions.SizeAssertion;2.0;1.0;2.0;1.0;19.0;0.0;14.0;4.0;3.0;5.0;0.0;0.0;8.0;9.0;3.0;9.0;41.0;0.0;2.0;1.0;6.0;210.0;12.0;147.0;35.0;93.0;51.0;63.0;81.0;31.0;50.0;7.0;3.0;7.0;3.0;2.0;2.0;86.0;0.35;22.0;17.0;24.0;11.0;0
org.apache.jmeter.assertions.gui.AbstractAssertionGui;1.0;1.0;1.0;1.0;14.0;0.0;4.0;10.0;1.0;1.0;4.0;0.0;0.0;2.0;0.0;2.0;18.0;0.0;0.0;0.0;2.0;31.0;1.0;10.0;3.0;2.0;20.0;2.0;5.0;3.0;2.0;1.0;1.0;1.0;1.0;3.0;0.0;0.0;2.0;2.0;2.0;2.0;2.0;0
org.apache.jmeter.assertions.gui.AssertionGui;2.0;2.0;2.0;1.0;24.0;2.0;18.0;3.0;1.0;12.0;0.0;0.0;1.0;10.0;9.0;10.0;28.0;0.0;5.0;0.0;5.0;350.0;47.0;226.0;40.0;133.0;77.0;108.0;135.0;40.0;95.0;6.0;6.0;6.0;1.0;4.0;2.0;78.0;0.34;20.0;20.0;20.0;10.0;0
org.apache.jmeter.assertions.gui.DurationAssertionGui;1.0;1.0;1.0;1.0;11.0;0.0;10.0;0.0;2.0;5.0;0.0;0.0;1.0;9.0;1.0;9.0;27.0;0.0;1.0;0.0;8.0;126.0;16.0;97.0;23.0;50.0;13.0;36.0;51.0;21.0;30.0;5.0;5.0;5.0;1.0;4.0;3.0;72.0;0.13;14.0;14.0;14.0;9.0;0
org.apache.jmeter.assertions.gui.SizeAssertionGui;1.0;1.0;1.0;1.0;14.0;0.0;12.0;1.0;3.0;5.0;0.0;0.0;1.0;14.0;8.0;14.0;32.0;0.0;3.0;0.0;11.0;230.0;23.0;187.0;43.0;102.0;21.0;77.0;103.0;32.0;71.0;7.0;7.0;7.0;1.0;4.0;3.0;84.0;0.11;25.0;25.0;25.0;14.0;0
org.apache.jmeter.config.Argument;1.0;1.0;1.0;1.0;8.0;0.0;4.0;4.0;2.0;1.0;1.0;0.0;3.0;10.0;0.0;10.0;42.0;0.0;0.0;0.0;10.0;118.0;12.0;48.0;14.0;15.0;58.0;15.0;26.0;14.0;12.0;1.0;1.0;1.0;1.0;2.0;0.0;63.0;1.21;10.0;10.0;10.0;10.0;0
org.apache.jmeter.config.Arguments;1.0;1.0;1.0;1.0;12.0;0.0;7.0;4.0;2.0;5.0;0.0;0.0;1.0;17.0;0.0;17.0;51.0;0.0;0.0;0.0;17.0;239.0;19.0;128.0;32.0;49.0;92.0;37.0;66.0;31.0;35.0;4.0;4.0;4.0;1.0;3.0;2.0;76.0;0.72;28.0;28.0;28.0;17.0;0
org.apache.jmeter.config.ConfigTestElement;1.0;1.0;1.0;1.0;5.0;0.0;5.0;0.0;2.0;0.0;12.0;0.0;2.0;2.0;0.0;2.0;34.0;0.0;0.0;0.0;2.0;23.0;2.0;17.0;7.0;4.0;4.0;3.0;7.0;5.0;2.0;2.0;2.0;2.0;1.0;2.0;1.0;100.0;0.24;3.0;3.0;3.0;2.0;0
org.apache.jmeter.config.ExtensionsFileFilter;1.0;1.0;1.0;1.0;12.0;0.0;6.0;5.0;1.0;0.0;0.0;0.0;0.0;7.0;2.0;7.0;7.0;0.0;1.0;0.0;6.0;121.0;9.0;49.0;12.0;17.0;63.0;13.0;24.0;12.0;12.0;3.0;3.0;3.0;3.0;2.0;1.0;64.0;1.29;10.0;10.0;11.0;9.0;0
org.apache.jmeter.config.LoginConfig;1.0;1.0;1.0;1.0;7.0;0.0;3.0;3.0;2.0;1.0;1.0;0.0;0.0;6.0;0.0;6.0;40.0;0.0;0.0;0.0;6.0;54.0;5.0;26.0;7.0;5.0;23.0;5.0;12.0;7.0;5.0;1.0;1.0;1.0;1.0;3.0;0.0;0.0;0.88;6.0;6.0;6.0;6.0;0
org.apache.jmeter.config.gui.AbstractConfigGui;1.0;1.0;1.0;1.0;14.0;0.0;4.0;10.0;1.0;1.0;13.0;0.0;0.0;2.0;0.0;2.0;18.0;0.0;0.0;0.0;2.0;32.0;1.0;11.0;3.0;2.0;20.0;2.0;5.0;3.0;2.0;1.0;1.0;1.0;1.0;3.0;0.0;0.0;1.82;2.0;2.0;2.0;2.0;0
org.apache.jmeter.config.gui.AbstractModifierGui;1.0;1.0;1.0;1.0;4.0;0.0;4.0;0.0;1.0;1.0;0.0;0.0;0.0;2.0;0.0;2.0;18.0;0.0;0.0;0.0;2.0;13.0;3.0;10.0;3.0;2.0;0.0;2.0;5.0;3.0;2.0;1.0;1.0;1.0;1.0;3.0;0.0;0.0;0.0;2.0;2.0;2.0;2.0;0
org.apache.jmeter.config.gui.AbstractResponseBasedModifierGui;1.0;1.0;1.0;1.0;4.0;0.0;4.0;0.0;1.0;1.0;0.0;0.0;0.0;2.0;0.0;2.0;18.0;0.0;0.0;0.0;2.0;12.0;2.0;10.0;3.0;2.0;0.0;2.0;5.0;3.0;2.0;1.0;1.0;1.0;1.0;3.0;0.0;0.0;0.0;2.0;2.0;2.0;2.0;0
org.apache.jmeter.config.gui.ArgumentsPanel;1.0;1.0;1.0;1.0;14.0;0.0;8.0;4.0;2.0;9.0;1.0;0.0;4.0;24.0;5.0;24.0;42.0;0.0;3.0;12.0;9.0;446.0;49.0;247.0;59.0;124.0;150.0;95.0;135.0;52.0;83.0;5.0;5.0;5.0;1.0;4.0;3.0;86.0;0.61;36.0;36.0;36.0;24.0;0
org.apache.jmeter.config.gui.LoginConfigGui;1.0;1.0;1.0;1.0;11.0;0.0;7.0;3.0;1.0;5.0;0.0;0.0;0.0;9.0;3.0;9.0;27.0;0.0;3.0;0.0;6.0;137.0;14.0;73.0;20.0;41.0;50.0;36.0;47.0;20.0;27.0;2.0;2.0;2.0;1.0;4.0;1.0;70.0;0.68;10.0;10.0;10.0;9.0;0
org.apache.jmeter.control.GenericController;1.0;1.0;1.0;1.0;7.0;0.0;7.0;0.0;3.0;6.0;8.0;2.0;1.0;26.0;6.0;28.0;60.0;0.0;1.0;18.0;9.0;316.0;32.0;259.0;59.0;115.0;25.0;94.0;140.0;56.0;84.0;4.0;4.0;4.0;1.0;2.0;3.0;88.0;0.1;40.0;40.0;41.0;28.0;0
org.apache.jmeter.control.InterleaveControl;1.0;1.0;1.0;1.0;9.0;0.0;7.0;1.0;2.0;4.0;1.0;2.0;3.0;13.0;5.0;15.0;75.0;0.0;0.0;8.0;7.0;471.0;22.0;403.0;84.0;277.0;46.0;186.0;231.0;81.0;150.0;3.0;3.0;4.0;1.0;3.0;2.0;84.0;0.11;23.0;23.0;24.0;15.0;0
org.apache.jmeter.control.LoopController;1.0;1.0;1.0;1.0;6.0;0.0;6.0;0.0;2.0;6.0;0.0;2.0;2.0;14.0;1.0;16.0;76.0;0.0;1.0;5.0;10.0;196.0;18.0;160.0;33.0;79.0;18.0;54.0;80.0;32.0;48.0;3.0;3.0;3.0;1.0;3.0;2.0;79.0;0.11;20.0;20.0;21.0;16.0;0
org.apache.jmeter.control.ModifyController;1.0;1.0;1.0;1.0;11.0;0.0;6.0;4.0;3.0;5.0;0.0;0.0;0.0;5.0;2.0;5.0;65.0;0.0;0.0;1.0;4.0;74.0;5.0;38.0;11.0;11.0;31.0;8.0;18.0;10.0;8.0;5.0;5.0;5.0;1.0;3.0;3.0;80.0;0.82;9.0;9.0;9.0;5.0;0
org.apache.jmeter.control.NoEntryException;1.0;1.0;1.0;1.0;3.0;0.0;3.0;0.0;1.0;0.0;0.0;0.0;0.0;1.0;0.0;1.0;1.0;0.0;0.0;0.0;1.0;5.0;0.0;5.0;2.0;0.0;0.0;0.0;2.0;2.0;0.0;1.0;1.0;1.0;1.0;2.0;0.0;0.0;0.0;1.0;1.0;1.0;1.0;0
org.apache.jmeter.control.OnceOnlyController;1.0;1.0;1.0;1.0;6.0;0.0;5.0;1.0;3.0;4.0;0.0;2.0;0.0;3.0;0.0;5.0;65.0;0.0;0.0;1.0;4.0;176.0;8.0;162.0;31.0;106.0;6.0;65.0;84.0;29.0;55.0;2.0;2.0;2.0;1.0;3.0;1.0;0.0;0.04;6.0;6.0;6.0;5.0;0
org.apache.jmeter.control.RandomController;1.0;1.0;1.0;1.0;8.0;0.0;6.0;2.0;2.0;0.0;0.0;0.0;1.0;3.0;0.0;3.0;78.0;0.0;0.0;2.0;1.0;37.0;4.0;23.0;5.0;7.0;10.0;5.0;10.0;5.0;5.0;2.0;2.0;2.0;1.0;4.0;1.0;33.0;0.43;4.0;4.0;4.0;3.0;0
org.apache.jmeter.control.gui.AbstractControllerGui;1.0;1.0;1.0;1.0;14.0;0.0;4.0;10.0;1.0;1.0;9.0;0.0;0.0;2.0;0.0;2.0;18.0;0.0;0.0;0.0;2.0;32.0;1.0;11.0;3.0;2.0;20.0;2.0;5.0;3.0;2.0;1.0;1.0;1.0;1.0;3.0;0.0;0.0;1.82;2.0;2.0;2.0;2.0;0
org.apache.jmeter.control.gui.InterleaveControlGui;1.0;1.0;1.0;1.0;9.0;0.0;8.0;0.0;1.0;4.0;0.0;0.0;0.0;6.0;2.0;6.0;24.0;0.0;1.0;0.0;5.0;72.0;8.0;56.0;10.0;25.0;8.0;18.0;27.0;10.0;17.0;2.0;2.0;2.0;1.0;4.0;1.0;75.0;0.14;8.0;8.0;8.0;6.0;0
org.apache.jmeter.control.gui.LogicControllerGui;1.0;1.0;1.0;1.0;6.0;0.0;4.0;1.0;1.0;3.0;1.0;0.0;0.0;5.0;0.0;5.0;23.0;0.0;1.0;0.0;4.0;40.0;4.0;27.0;7.0;9.0;9.0;9.0;15.0;7.0;8.0;1.0;1.0;1.0;1.0;4.0;0.0;0.0;0.33;5.0;5.0;5.0;5.0;0
org.apache.jmeter.control.gui.LoopControlPanel;1.0;1.0;1.0;1.0;17.0;0.0;11.0;5.0;2.0;4.0;0.0;0.0;2.0;11.0;3.0;11.0;29.0;0.0;4.0;0.0;7.0;248.0;23.0;137.0;24.0;70.0;88.0;54.0;73.0;21.0;52.0;3.0;3.0;3.0;1.0;4.0;2.0;76.0;0.64;18.0;18.0;18.0;11.0;0
org.apache.jmeter.control.gui.ModifyControllerGui;1.0;1.0;1.0;1.0;12.0;0.0;7.0;4.0;1.0;6.0;0.0;0.0;0.0;8.0;1.0;8.0;26.0;0.0;1.0;0.0;7.0;116.0;12.0;61.0;17.0;33.0;43.0;30.0;39.0;17.0;22.0;1.0;1.0;1.0;1.0;4.0;0.0;100.0;0.7;8.0;8.0;8.0;8.0;0
org.apache.jmeter.control.gui.OnceOnlyControllerGui;1.0;1.0;1.0;1.0;5.0;0.0;5.0;0.0;1.0;4.0;0.0;0.0;0.0;5.0;0.0;5.0;23.0;0.0;1.0;0.0;4.0;36.0;4.0;28.0;7.0;10.0;4.0;9.0;15.0;7.0;8.0;1.0;1.0;1.0;1.0;4.0;0.0;0.0;0.14;5.0;5.0;5.0;5.0;0
org.apache.jmeter.control.gui.RandomControlGui;1.0;1.0;1.0;1.0;10.0;0.0;8.0;1.0;1.0;5.0;0.0;0.0;0.0;6.0;1.0;6.0;24.0;0.0;1.0;0.0;5.0;75.0;7.0;55.0;9.0;25.0;13.0;17.0;26.0;9.0;17.0;2.0;2.0;2.0;1.0;4.0;1.0;50.0;0.24;8.0;8.0;8.0;6.0;0
org.apache.jmeter.control.gui.TestPlanGui;1.0;1.0;1.0;1.0;15.0;0.0;10.0;4.0;1.0;10.0;0.0;0.0;0.0;9.0;3.0;9.0;25.0;0.0;2.0;0.0;7.0;171.0;18.0;99.0;20.0;61.0;54.0;46.0;58.0;19.0;39.0;2.0;2.0;2.0;1.0;3.0;1.0;66.0;0.55;11.0;11.0;11.0;9.0;0
org.apache.jmeter.control.gui.WorkBenchGui;1.0;1.0;1.0;1.0;10.0;0.0;6.0;4.0;1.0;5.0;0.0;0.0;0.0;8.0;0.0;8.0;24.0;0.0;1.0;0.0;7.0;97.0;8.0;53.0;13.0;25.0;36.0;18.0;27.0;12.0;15.0;1.0;1.0;1.0;1.0;3.0;0.0;0.0;0.68;8.0;8.0;8.0;8.0;0
org.apache.jmeter.ejb.jndi.config.JndiConfig;1.0;1.0;1.0;1.0;5.0;0.0;5.0;0.0;2.0;3.0;0.0;0.0;17.0;9.0;1.0;9.0;9.0;0.0;0.0;0.0;9.0;110.0;12.0;91.0;46.0;53.0;7.0;35.0;48.0;30.0;18.0;2.0;2.0;2.0;1.0;2.0;1.0;96.0;0.08;12.0;12.0;12.0;9.0;0
org.apache.jmeter.ejb.jndi.config.LookupConfig;1.0;1.0;1.0;1.0;5.0;0.0;5.0;0.0;2.0;3.0;0.0;0.0;2.0;7.0;0.0;7.0;7.0;0.0;0.0;0.0;7.0;58.0;8.0;43.0;13.0;15.0;7.0;12.0;22.0;12.0;10.0;2.0;2.0;2.0;1.0;2.0;1.0;71.0;0.16;9.0;9.0;9.0;7.0;0
org.apache.jmeter.ejb.jndi.config.MethodConfig;1.0;1.0;1.0;1.0;5.0;0.0;5.0;0.0;2.0;3.0;0.0;0.0;18.0;31.0;4.0;31.0;31.0;0.0;0.0;0.0;31.0;265.0;34.0;203.0;73.0;79.0;28.0;69.0;109.0;63.0;46.0;2.0;2.0;2.0;1.0;2.0;1.0;95.0;0.14;39.0;39.0;39.0;31.0;0
org.apache.jmeter.ejb.jndi.config.MethodConfigUserObject;4.0;4.0;4.0;1.0;19.0;0.0;19.0;0.0;1.0;1.0;0.0;0.0;10.0;4.0;2.0;4.0;4.0;0.0;0.0;0.0;4.0;112.0;6.0;94.0;20.0;50.0;12.0;32.0;49.0;18.0;31.0;13.0;13.0;14.0;1.0;1.0;3.0;68.0;0.13;16.0;16.0;17.0;4.0;0
org.apache.jmeter.ejb.jndi.config.MethodConfigUserObjectException;1.0;1.0;1.0;1.0;4.0;0.0;4.0;0.0;1.0;0.0;0.0;0.0;1.0;1.0;0.0;1.0;1.0;0.0;0.0;0.0;1.0;19.0;1.0;9.0;4.0;3.0;9.0;2.0;4.0;3.0;1.0;1.0;1.0;1.0;1.0;2.0;0.0;100.0;1.0;1.0;1.0;1.0;1.0;0
org.apache.jmeter.ejb.jndi.config.gui.JndiConfigGui;2.0;2.0;2.0;1.0;12.0;0.0;11.0;0.0;3.0;3.0;0.0;0.0;1.0;9.0;4.0;9.0;9.0;0.0;0.0;2.0;7.0;139.0;18.0;111.0;24.0;57.0;10.0;54.0;73.0;26.0;47.0;5.0;5.0;5.0;3.0;2.0;2.0;73.0;0.09;18.0;18.0;18.0;11.0;0
org.apache.jmeter.ejb.jndi.config.gui.LookupConfigGui;1.0;1.0;1.0;1.0;11.0;0.0;9.0;0.0;3.0;3.0;0.0;0.0;1.0;9.0;4.0;9.0;9.0;0.0;0.0;2.0;7.0;127.0;19.0;96.0;27.0;53.0;12.0;48.0;61.0;24.0;37.0;2.0;2.0;2.0;1.0;2.0;1.0;64.0;0.12;12.0;12.0;12.0;9.0;0
org.apache.jmeter.ejb.jndi.config.gui.MethodConfigDialog;1.0;1.0;1.0;1.0;52.0;2.0;48.0;2.0;1.0;1.0;0.0;0.0;1.0;2.0;4.0;2.0;2.0;0.0;0.0;0.0;2.0;125.0;7.0;106.0;16.0;67.0;12.0;42.0;53.0;17.0;36.0;1.0;1.0;1.0;1.0;2.0;0.0;60.0;0.11;2.0;2.0;2.0;2.0;0
org.apache.jmeter.ejb.jndi.config.gui.MethodConfigGui;3.0;3.0;3.0;1.0;35.0;0.0;28.0;6.0;4.0;6.0;0.0;0.0;4.0;22.0;20.0;22.0;22.0;0.0;0.0;13.0;9.0;818.0;0.0;659.0;142.0;412.0;159.0;360.0;445.0;139.0;306.0;17.0;17.0;21.0;1.0;2.0;4.0;85.0;0.24;68.0;68.0;73.0;22.0;0
org.apache.jmeter.ejb.jndi.control.JndiTestSample;1.0;1.0;1.0;1.0;6.0;0.0;5.0;0.0;2.0;7.0;0.0;0.0;2.0;10.0;1.0;10.0;10.0;0.0;0.0;1.0;9.0;89.0;12.0;64.0;18.0;26.0;13.0;26.0;38.0;16.0;22.0;2.0;2.0;2.0;1.0;2.0;1.0;73.0;0.2;11.0;11.0;11.0;10.0;0
org.apache.jmeter.ejb.jndi.control.gui.JndiTestSampleGui;1.0;1.0;1.0;1.0;8.0;1.0;6.0;0.0;2.0;3.0;0.0;0.0;0.0;4.0;3.0;4.0;4.0;0.0;0.0;1.0;3.0;52.0;10.0;33.0;10.0;15.0;9.0;17.0;22.0;10.0;12.0;1.0;1.0;1.0;1.0;2.0;0.0;58.0;0.27;4.0;4.0;4.0;4.0;0
org.apache.jmeter.ejb.jndi.sampler.JNDISampler;11.0;11.0;15.0;1.0;116.0;1.0;89.0;25.0;2.0;3.0;0.0;0.0;3.0;4.0;0.0;4.0;4.0;0.0;0.0;2.0;2.0;483.0;13.0;362.0;73.0;253.0;108.0;201.0;242.0;74.0;168.0;34.0;34.0;50.0;3.0;1.0;5.0;75.0;0.3;44.0;44.0;60.0;6.0;0
org.apache.jmeter.engine.ClientJMeterEngine;1.0;1.0;1.0;1.0;7.0;0.0;7.0;0.0;3.0;6.0;0.0;0.0;1.0;9.0;5.0;9.0;9.0;0.0;0.0;1.0;8.0;96.0;9.0;80.0;17.0;32.0;8.0;31.0;44.0;16.0;28.0;2.0;2.0;2.0;1.0;1.0;1.0;70.0;0.1;12.0;12.0;12.0;9.0;0
org.apache.jmeter.engine.ConvertListeners;3.0;3.0;4.0;1.0;18.0;0.0;18.0;0.0;2.0;11.0;0.0;0.0;1.0;3.0;0.0;3.0;3.0;0.0;0.0;0.0;3.0;76.0;4.0;60.0;15.0;26.0;12.0;13.0;24.0;11.0;13.0;8.0;8.0;11.0;1.0;1.0;4.0;66.0;0.2;10.0;10.0;13.0;3.0;0
org.apache.jmeter.engine.JMeterEngineException;1.0;1.0;1.0;1.0;4.0;0.0;4.0;0.0;2.0;0.0;0.0;0.0;0.0;2.0;0.0;2.0;2.0;0.0;0.0;0.0;2.0;12.0;1.0;11.0;3.0;2.0;0.0;2.0;5.0;3.0;2.0;1.0;1.0;1.0;1.0;2.0;0.0;0.0;0.0;2.0;2.0;2.0;2.0;0
org.apache.jmeter.engine.LagDetector;1.0;1.0;1.0;1.0;10.0;0.0;7.0;3.0;1.0;0.0;0.0;0.0;2.0;5.0;4.0;5.0;5.0;0.0;0.0;0.0;5.0;71.0;6.0;46.0;14.0;18.0;19.0;19.0;27.0;14.0;13.0;3.0;3.0;3.0;1.0;2.0;2.0;66.0;0.41;7.0;7.0;7.0;5.0;0
org.apache.jmeter.engine.PreCompiler;1.0;1.0;1.0;1.0;8.0;0.0;8.0;0.0;2.0;9.0;0.0;0.0;1.0;4.0;3.0;4.0;4.0;0.0;0.0;0.0;4.0;58.0;4.0;41.0;10.0;16.0;13.0;13.0;21.0;10.0;11.0;4.0;4.0;4.0;1.0;1.0;2.0;75.0;0.32;7.0;7.0;7.0;4.0;0
org.apache.jmeter.engine.RemoteJMeterEngineImpl;1.0;1.0;1.0;1.0;9.0;0.0;7.0;1.0;2.0;5.0;0.0;1.0;1.0;6.0;1.0;7.0;7.0;0.0;0.0;0.0;7.0;84.0;8.0;62.0;13.0;25.0;14.0;16.0;27.0;11.0;16.0;3.0;3.0;3.0;1.0;2.0;2.0;21.0;0.23;10.0;10.0;10.0;7.0;0
org.apache.jmeter.engine.StandardJMeterEngine;2.0;2.0;2.0;1.0;14.0;0.0;13.0;0.0;5.0;19.0;0.0;0.0;2.0;19.0;9.0;19.0;19.0;0.0;5.0;5.0;9.0;330.0;26.0;287.0;62.0;147.0;19.0;110.0;159.0;60.0;99.0;9.0;9.0;13.0;1.0;1.0;4.0;87.0;0.07;44.0;44.0;51.0;19.0;0
org.apache.jmeter.engine.TreeCloner;1.0;1.0;1.0;1.0;5.0;0.0;5.0;0.0;2.0;5.0;0.0;0.0;0.0;6.0;4.0;6.0;6.0;0.0;0.0;0.0;6.0;124.0;8.0;113.0;28.0;73.0;3.0;51.0;64.0;26.0;38.0;2.0;2.0;4.0;1.0;1.0;1.0;70.0;0.03;7.0;7.0;9.0;6.0;0
org.apache.jmeter.exceptions.IllegalUserActionException;1.0;1.0;1.0;1.0;3.0;0.0;3.0;0.0;1.0;0.0;0.0;0.0;0.0;2.0;0.0;2.0;2.0;0.0;0.0;0.0;2.0;10.0;1.0;9.0;3.0;1.0;0.0;1.0;4.0;3.0;1.0;1.0;1.0;1.0;1.0;2.0;0.0;0.0;0.0;2.0;2.0;2.0;2.0;0
org.apache.jmeter.functions.AbstractFunction;1.0;1.0;1.0;1.0;9.0;0.0;5.0;3.0;2.0;6.0;9.0;0.0;0.0;6.0;1.0;6.0;6.0;0.0;0.0;2.0;4.0;116.0;12.0;42.0;19.0;17.0;62.0;17.0;24.0;15.0;9.0;4.0;4.0;5.0;1.0;1.0;2.0;100.0;1.48;9.0;9.0;10.0;6.0;0
org.apache.jmeter.functions.CompoundFunction;2.0;2.0;2.0;1.0;15.0;0.0;15.0;0.0;2.0;7.0;0.0;0.0;5.0;16.0;10.0;16.0;16.0;0.0;4.0;0.0;12.0;485.0;32.0;438.0;74.0;265.0;15.0;170.0;226.0;66.0;160.0;16.0;16.0;18.0;1.0;1.0;5.0;88.0;0.03;42.0;42.0;46.0;16.0;0
org.apache.jmeter.functions.InvalidVariableException;1.0;1.0;1.0;1.0;3.0;0.0;3.0;0.0;1.0;0.0;0.0;0.0;0.0;2.0;0.0;2.0;2.0;0.0;0.0;0.0;2.0;11.0;1.0;10.0;3.0;1.0;0.0;1.0;4.0;3.0;1.0;1.0;1.0;1.0;1.0;2.0;0.0;0.0;0.0;2.0;2.0;2.0;2.0;0
org.apache.jmeter.functions.IterationCounter;1.0;1.0;1.0;1.0;9.0;1.0;8.0;0.0;2.0;6.0;0.0;0.0;2.0;6.0;2.0;6.0;12.0;0.0;0.0;0.0;6.0;90.0;16.0;62.0;23.0;25.0;12.0;23.0;32.0;16.0;16.0;2.0;2.0;2.0;1.0;2.0;1.0;70.0;0.19;8.0;8.0;8.0;6.0;0
org.apache.jmeter.functions.RegexFunction;4.0;4.0;4.0;1.0;26.0;1.0;25.0;0.0;2.0;7.0;0.0;0.0;7.0;9.0;9.0;9.0;15.0;0.0;4.0;0.0;5.0;441.0;35.0;260.0;56.0;134.0;146.0;100.0;139.0;53.0;86.0;20.0;20.0;21.0;9.0;2.0;3.0;79.0;0.56;40.0;40.0;41.0;17.0;0
org.apache.jmeter.functions.ThreadNumber;1.0;1.0;1.0;1.0;4.0;0.0;4.0;0.0;3.0;4.0;0.0;0.0;1.0;5.0;1.0;5.0;5.0;0.0;0.0;0.0;5.0;61.0;8.0;27.0;10.0;6.0;26.0;6.0;12.0;8.0;4.0;1.0;1.0;1.0;1.0;1.0;0.0;80.0;0.96;5.0;5.0;5.0;5.0;0
org.apache.jmeter.functions.UnknownFunction;1.0;1.0;1.0;1.0;6.0;0.0;4.0;1.0;2.0;4.0;0.0;0.0;1.0;8.0;2.0;8.0;8.0;0.0;1.0;0.0;7.0;70.0;11.0;38.0;15.0;12.0;21.0;12.0;22.0;13.0;9.0;2.0;2.0;3.0;1.0;1.0;1.0;75.0;0.55;9.0;9.0;10.0;8.0;0
org.apache.jmeter.functions.gui.FunctionHelper;3.0;3.0;3.0;1.0;25.0;0.0;25.0;0.0;3.0;13.0;0.0;0.0;0.0;5.0;5.0;5.0;5.0;0.0;2.0;0.0;3.0;161.0;6.0;152.0;38.0;93.0;3.0;66.0;81.0;33.0;48.0;6.0;6.0;6.0;1.0;2.0;3.0;52.0;0.02;16.0;16.0;16.0;5.0;0
org.apache.jmeter.gui.AbstractJMeterGuiComponent;1.0;1.0;1.0;1.0;13.0;0.0;6.0;7.0;2.0;8.0;15.0;0.0;1.0;16.0;3.0;16.0;16.0;0.0;0.0;8.0;8.0;273.0;23.0;109.0;32.0;46.0;141.0;40.0;58.0;26.0;32.0;2.0;2.0;2.0;1.0;2.0;1.0;81.0;1.29;17.0;17.0;17.0;16.0;0
org.apache.jmeter.gui.GuiFactory;1.0;1.0;1.0;1.0;1.0;0.0;1.0;0.0;1.0;0.0;0.0;0.0;2.0;1.0;0.0;1.0;1.0;0.0;1.0;0.0;0.0;16.0;3.0;6.0;4.0;2.0;7.0;2.0;4.0;4.0;0.0;1.0;1.0;1.0;1.0;1.0;0.0;100.0;1.17;1.0;1.0;1.0;1.0;0
org.apache.jmeter.gui.GuiPackage;1.0;1.0;1.0;1.0;15.0;0.0;7.0;7.0;1.0;13.0;0.0;2.0;2.0;23.0;7.0;25.0;25.0;0.0;2.0;0.0;23.0;455.0;35.0;210.0;54.0;88.0;211.0;69.0;107.0;45.0;62.0;3.0;3.0;3.0;1.0;1.0;2.0;87.0;1.0;37.0;37.0;37.0;25.0;0
org.apache.jmeter.gui.JMeterFileFilter;1.0;1.0;2.0;1.0;15.0;0.0;6.0;8.0;2.0;0.0;0.0;0.0;0.0;4.0;1.0;4.0;4.0;0.0;0.0;0.0;4.0;79.0;6.0;33.0;8.0;9.0;40.0;9.0;17.0;7.0;10.0;4.0;4.0;4.0;4.0;2.0;2.0;25.0;1.21;7.0;7.0;8.0;7.0;0
org.apache.jmeter.gui.JMeterJListModel;1.0;1.0;1.0;1.0;5.0;0.0;5.0;0.0;1.0;0.0;0.0;0.0;0.0;8.0;1.0;8.0;8.0;0.0;0.0;0.0;8.0;61.0;8.0;45.0;10.0;16.0;8.0;15.0;26.0;10.0;16.0;2.0;2.0;3.0;1.0;2.0;1.0;0.0;0.18;10.0;10.0;11.0;8.0;0
org.apache.jmeter.gui.ListDialog;1.0;1.0;1.0;1.0;13.0;0.0;9.0;4.0;3.0;1.0;0.0;0.0;0.0;13.0;8.0;13.0;13.0;0.0;2.0;0.0;11.0;218.0;26.0;128.0;25.0;73.0;64.0;79.0;95.0;26.0;69.0;2.0;2.0;3.0;1.0;2.0;1.0;82.0;0.5;16.0;16.0;18.0;13.0;0
org.apache.jmeter.gui.MainFrame;1.0;1.0;1.0;1.0;14.0;0.0;8.0;5.0;3.0;10.0;0.0;0.0;1.0;25.0;11.0;25.0;25.0;0.0;6.0;0.0;19.0;459.0;63.0;228.0;54.0;117.0;168.0;100.0;136.0;52.0;84.0;5.0;5.0;5.0;5.0;2.0;4.0;88.0;0.74;31.0;31.0;31.0;29.0;0
org.apache.jmeter.gui.NamePanel;1.0;1.0;1.0;1.0;9.0;0.0;6.0;2.0;2.0;6.0;0.0;0.0;0.0;15.0;3.0;15.0;15.0;0.0;2.0;1.0;12.0;178.0;23.0;100.0;20.0;41.0;55.0;32.0;52.0;23.0;29.0;2.0;2.0;2.0;1.0;2.0;1.0;84.0;0.55;16.0;16.0;16.0;15.0;0
org.apache.jmeter.gui.action.AboutCommand;1.0;1.0;1.0;1.0;25.0;0.0;18.0;5.0;2.0;2.0;0.0;0.0;2.0;3.0;1.0;3.0;3.0;1.0;0.0;0.0;2.0;97.0;6.0;67.0;20.0;41.0;24.0;33.0;40.0;18.0;22.0;2.0;2.0;2.0;1.0;1.0;1.0;77.0;0.36;5.0;5.0;5.0;3.0;0
org.apache.jmeter.gui.action.ActionRouter;3.0;3.0;3.0;1.0;19.0;0.0;16.0;3.0;2.0;7.0;0.0;1.0;3.0;14.0;3.0;15.0;15.0;0.0;3.0;2.0;10.0;325.0;16.0;259.0;52.0;123.0;50.0;83.0;132.0;53.0;79.0;7.0;7.0;7.0;4.0;1.0;5.0;81.0;0.19;48.0;48.0;50.0;21.0;0
org.apache.jmeter.gui.action.AddParent;1.0;1.0;1.0;1.0;10.0;0.0;10.0;0.0;2.0;6.0;0.0;0.0;2.0;4.0;0.0;4.0;4.0;0.0;0.0;1.0;3.0;58.0;5.0;49.0;18.0;24.0;4.0;16.0;22.0;14.0;8.0;2.0;2.0;2.0;1.0;1.0;1.0;75.0;0.08;5.0;5.0;5.0;4.0;0
org.apache.jmeter.gui.action.AddToTree;1.0;1.0;1.0;1.0;11.0;0.0;8.0;2.0;2.0;6.0;0.0;0.0;1.0;4.0;1.0;4.0;4.0;0.0;0.0;1.0;3.0;57.0;5.0;40.0;12.0;18.0;12.0;13.0;19.0;11.0;8.0;2.0;2.0;2.0;1.0;1.0;1.0;62.0;0.3;5.0;5.0;5.0;4.0;0
org.apache.jmeter.gui.action.Analyze;2.0;2.0;2.0;1.0;11.0;0.0;11.0;0.0;2.0;3.0;0.0;0.0;1.0;3.0;0.0;3.0;3.0;0.0;0.0;0.0;3.0;49.0;4.0;41.0;9.0;15.0;4.0;7.0;14.0;7.0;7.0;4.0;4.0;4.0;1.0;1.0;3.0;66.0;0.1;6.0;6.0;6.0;3.0;0
org.apache.jmeter.gui.action.ChangeLanguage;1.0;1.0;1.0;1.0;8.0;0.0;5.0;3.0;2.0;2.0;0.0;0.0;2.0;2.0;1.0;2.0;2.0;0.0;0.0;0.0;2.0;32.0;3.0;20.0;8.0;8.0;9.0;8.0;11.0;7.0;4.0;1.0;1.0;1.0;1.0;1.0;0.0;66.0;0.45;2.0;2.0;2.0;2.0;0
org.apache.jmeter.gui.action.CheckDirty;2.0;2.0;2.0;1.0;16.0;0.0;13.0;2.0;3.0;9.0;0.0;0.0;10.0;7.0;3.0;7.0;10.0;0.0;0.0;0.0;7.0;154.0;9.0;121.0;33.0;65.0;24.0;48.0;66.0;29.0;37.0;6.0;6.0;6.0;1.0;2.0;3.0;84.0;0.2;17.0;17.0;17.0;7.0;0
org.apache.jmeter.gui.action.Clear;2.0;2.0;2.0;1.0;15.0;0.0;15.0;0.0;2.0;6.0;0.0;0.0;4.0;3.0;0.0;3.0;3.0;0.0;0.0;0.0;3.0;65.0;4.0;57.0;15.0;26.0;4.0;15.0;23.0;12.0;11.0;5.0;5.0;5.0;1.0;1.0;3.0;75.0;0.07;7.0;7.0;7.0;3.0;0
org.apache.jmeter.gui.action.CreateFunctionDialog;1.0;1.0;1.0;1.0;5.0;0.0;4.0;1.0;1.0;1.0;0.0;0.0;1.0;3.0;1.0;3.0;6.0;0.0;0.0;0.0;3.0;31.0;4.0;21.0;7.0;6.0;6.0;7.0;11.0;6.0;5.0;1.0;1.0;1.0;1.0;2.0;0.0;50.0;0.29;3.0;3.0;3.0;3.0;0
org.apache.jmeter.gui.action.DragNDrop;2.0;2.0;2.0;1.0;24.0;0.0;21.0;3.0;1.0;4.0;0.0;0.0;4.0;2.0;0.0;2.0;5.0;0.0;0.0;0.0;2.0;67.0;2.0;55.0;20.0;34.0;10.0;21.0;27.0;15.0;12.0;4.0;4.0;4.0;1.0;2.0;1.0;50.0;0.18;5.0;5.0;5.0;2.0;0
org.apache.jmeter.gui.action.EditCommand;1.0;1.0;1.0;1.0;9.0;0.0;9.0;0.0;2.0;5.0;0.0;0.0;1.0;3.0;0.0;3.0;3.0;0.0;0.0;0.0;3.0;43.0;3.0;36.0;7.0;17.0;4.0;10.0;15.0;6.0;9.0;2.0;2.0;2.0;1.0;1.0;1.0;66.0;0.11;4.0;4.0;4.0;3.0;0
org.apache.jmeter.gui.action.EnableComponent;2.0;2.0;2.0;1.0;11.0;0.0;8.0;3.0;2.0;3.0;0.0;0.0;4.0;2.0;0.0;2.0;2.0;0.0;0.0;0.0;2.0;42.0;4.0;29.0;8.0;13.0;9.0;11.0;16.0;7.0;9.0;3.0;3.0;3.0;1.0;1.0;1.0;50.0;0.31;4.0;4.0;4.0;2.0;0
org.apache.jmeter.gui.action.ExitCommand;2.0;2.0;2.0;1.0;17.0;0.0;12.0;4.0;2.0;5.0;0.0;0.0;2.0;3.0;0.0;3.0;3.0;0.0;0.0;0.0;3.0;68.0;4.0;46.0;9.0;22.0;18.0;10.0;18.0;7.0;11.0;5.0;5.0;5.0;1.0;1.0;3.0;83.0;0.39;7.0;7.0;7.0;3.0;0
org.apache.jmeter.gui.action.GlobalMouseListener;1.0;1.0;1.0;1.0;4.0;0.0;4.0;0.0;1.0;1.0;0.0;0.0;1.0;1.0;0.0;1.0;1.0;0.0;0.0;0.0;1.0;13.0;1.0;9.0;4.0;2.0;3.0;2.0;4.0;3.0;1.0;1.0;1.0;1.0;1.0;2.0;0.0;0.0;0.33;1.0;1.0;1.0;1.0;0
org.apache.jmeter.gui.action.Help;2.0;2.0;2.0;1.0;19.0;0.0;17.0;2.0;2.0;7.0;0.0;0.0;8.0;3.0;0.0;3.0;3.0;0.0;1.0;0.0;2.0;95.0;7.0;82.0;15.0;46.0;8.0;30.0;39.0;13.0;26.0;3.0;3.0;3.0;1.0;1.0;2.0;66.0;0.1;7.0;7.0;7.0;3.0;0
org.apache.jmeter.gui.action.Load;2.0;2.0;2.0;1.0;18.0;0.0;17.0;0.0;2.0;16.0;0.0;0.0;2.0;6.0;0.0;6.0;6.0;0.0;2.0;0.0;4.0;278.0;23.0;243.0;56.0;137.0;12.0;72.0;102.0;40.0;62.0;6.0;6.0;7.0;1.0;1.0;2.0;75.0;0.05;14.0;14.0;15.0;6.0;0
org.apache.jmeter.gui.action.LookAndFeelCommand;2.0;2.0;2.0;1.0;12.0;0.0;12.0;0.0;2.0;2.0;0.0;0.0;1.0;3.0;2.0;3.0;3.0;0.0;0.0;0.0;3.0;69.0;5.0;60.0;11.0;27.0;4.0;15.0;22.0;9.0;13.0;5.0;5.0;5.0;1.0;1.0;1.0;88.0;0.07;7.0;7.0;7.0;3.0;0
org.apache.jmeter.gui.action.New;1.0;1.0;1.0;1.0;18.0;0.0;13.0;4.0;2.0;6.0;0.0;0.0;1.0;3.0;0.0;3.0;3.0;0.0;0.0;0.0;3.0;75.0;6.0;47.0;9.0;28.0;22.0;11.0;17.0;7.0;10.0;3.0;3.0;3.0;1.0;1.0;2.0;66.0;0.47;5.0;5.0;5.0;3.0;0
org.apache.jmeter.gui.action.RemoteStart;2.0;2.0;2.0;1.0;19.0;0.0;16.0;3.0;1.0;8.0;0.0;0.0;2.0;8.0;1.0;8.0;11.0;0.0;5.0;0.0;3.0;182.0;9.0;144.0;32.0;74.0;29.0;52.0;74.0;27.0;47.0;9.0;9.0;9.0;3.0;2.0;2.0;75.0;0.2;21.0;21.0;21.0;12.0;0
org.apache.jmeter.gui.action.Remove;1.0;1.0;1.0;1.0;8.0;0.0;6.0;2.0;2.0;6.0;0.0;1.0;1.0;3.0;0.0;4.0;4.0;0.0;0.0;0.0;4.0;50.0;5.0;33.0;10.0;13.0;12.0;13.0;19.0;9.0;10.0;2.0;2.0;2.0;1.0;1.0;1.0;75.0;0.36;5.0;5.0;5.0;4.0;0
org.apache.jmeter.gui.action.SSLManagerCommand;2.0;2.0;2.0;1.0;18.0;1.0;12.0;4.0;2.0;4.0;0.0;0.0;1.0;3.0;2.0;3.0;3.0;0.0;1.0;0.0;2.0;114.0;9.0;61.0;14.0;27.0;44.0;18.0;28.0;12.0;16.0;3.0;3.0;3.0;1.0;1.0;2.0;77.0;0.72;6.0;6.0;6.0;3.0;0
org.apache.jmeter.gui.action.Save;2.0;2.0;3.0;1.0;19.0;0.0;17.0;1.0;2.0;11.0;0.0;0.0;5.0;6.0;2.0;6.0;6.0;0.0;2.0;0.0;4.0;181.0;12.0;156.0;29.0;85.0;13.0;50.0;71.0;27.0;44.0;8.0;8.0;11.0;3.0;1.0;2.0;78.0;0.08;16.0;16.0;19.0;8.0;0
org.apache.jmeter.gui.action.Start;1.0;1.0;1.0;1.0;15.0;0.0;13.0;2.0;1.0;11.0;0.0;0.0;2.0;4.0;1.0;4.0;7.0;0.0;0.0;1.0;3.0;81.0;6.0;62.0;14.0;34.0;13.0;24.0;32.0;12.0;20.0;3.0;3.0;3.0;1.0;2.0;1.0;66.0;0.21;7.0;7.0;7.0;4.0;0
org.apache.jmeter.gui.tree.JMeterCellRenderer;1.0;1.0;1.0;1.0;13.0;0.0;13.0;0.0;1.0;1.0;0.0;0.0;0.0;2.0;0.0;2.0;2.0;0.0;0.0;0.0;2.0;31.0;1.0;30.0;10.0;13.0;0.0;5.0;9.0;4.0;5.0;2.0;2.0;2.0;1.0;2.0;1.0;0.0;0.0;3.0;3.0;3.0;2.0;0
org.apache.jmeter.gui.tree.JMeterTreeListener;1.0;1.0;1.0;1.0;9.0;0.0;8.0;1.0;5.0;10.0;0.0;0.0;1.0;28.0;9.0;28.0;28.0;0.0;6.0;0.0;22.0;324.0;32.0;251.0;55.0;105.0;41.0;86.0;134.0;51.0;83.0;6.0;6.0;6.0;3.0;1.0;3.0;88.0;0.16;47.0;47.0;50.0;30.0;0
org.apache.jmeter.gui.tree.JMeterTreeModel;2.0;2.0;2.0;1.0;18.0;0.0;16.0;1.0;1.0;14.0;0.0;0.0;1.0;7.0;0.0;7.0;7.0;0.0;1.0;0.0;6.0;148.0;9.0;121.0;23.0;66.0;18.0;38.0;52.0;15.0;37.0;4.0;4.0;5.0;1.0;2.0;2.0;100.0;0.15;15.0;15.0;17.0;7.0;0
org.apache.jmeter.gui.tree.JMeterTreeNode;1.0;1.0;1.0;1.0;6.0;0.0;6.0;0.0;2.0;7.0;0.0;0.0;1.0;15.0;2.0;15.0;15.0;0.0;0.0;0.0;15.0;131.0;18.0;106.0;21.0;43.0;7.0;21.0;40.0;19.0;21.0;2.0;2.0;2.0;1.0;2.0;1.0;88.0;0.07;18.0;18.0;18.0;15.0;0
org.apache.jmeter.gui.util.ButtonPanel;2.0;1.0;2.0;1.0;19.0;0.0;18.0;1.0;1.0;1.0;0.0;0.0;5.0;4.0;5.0;4.0;4.0;0.0;2.0;0.0;2.0;97.0;5.0;81.0;14.0;63.0;11.0;58.0;64.0;14.0;50.0;6.0;2.0;6.0;1.0;2.0;1.0;62.0;0.14;9.0;5.0;9.0;4.0;0
org.apache.jmeter.gui.util.FileDialoger;2.0;2.0;2.0;1.0;21.0;0.0;14.0;5.0;1.0;3.0;0.0;4.0;2.0;1.0;0.0;5.0;5.0;0.0;2.0;0.0;3.0;122.0;9.0;79.0;17.0;37.0;34.0;28.0;43.0;16.0;27.0;6.0;6.0;6.0;1.0;1.0;2.0;50.0;0.43;14.0;14.0;14.0;5.0;0
org.apache.jmeter.gui.util.FilePanel;1.0;1.0;1.0;1.0;8.0;0.0;7.0;1.0;2.0;2.0;0.0;0.0;0.0;10.0;6.0;10.0;13.0;0.0;2.0;0.0;8.0;112.0;11.0;80.0;21.0;35.0;21.0;33.0;47.0;19.0;28.0;3.0;3.0;4.0;1.0;3.0;2.0;75.0;0.26;13.0;13.0;14.0;10.0;0
org.apache.jmeter.gui.util.FocusRequester;1.0;1.0;1.0;1.0;8.0;0.0;8.0;0.0;2.0;1.0;0.0;0.0;1.0;2.0;1.0;2.0;2.0;0.0;0.0;0.0;2.0;30.0;2.0;21.0;5.0;7.0;7.0;6.0;10.0;5.0;5.0;2.0;2.0;2.0;1.0;1.0;1.0;25.0;0.33;3.0;3.0;3.0;2.0;0
org.apache.jmeter.gui.util.JMeterColor;1.0;1.0;1.0;1.0;4.0;0.0;4.0;0.0;1.0;0.0;0.0;0.0;4.0;2.0;0.0;2.0;2.0;0.0;0.0;0.0;2.0;23.0;2.0;17.0;9.0;6.0;4.0;6.0;9.0;7.0;2.0;1.0;1.0;1.0;1.0;2.0;0.0;100.0;0.24;2.0;2.0;2.0;2.0;0
org.apache.jmeter.gui.util.JMeterMenuBar;2.0;2.0;2.0;1.0;20.0;0.0;18.0;2.0;2.0;8.0;0.0;0.0;1.0;20.0;28.0;20.0;20.0;0.0;8.0;0.0;12.0;467.0;25.0;395.0;72.0;246.0;47.0;230.0;274.0;72.0;202.0;4.0;4.0;5.0;1.0;2.0;2.0;90.0;0.12;43.0;43.0;45.0;20.0;0
org.apache.jmeter.gui.util.MenuFactory;2.0;2.0;2.0;1.0;19.0;0.0;19.0;0.0;1.0;10.0;0.0;18.0;30.0;1.0;1.0;19.0;19.0;0.0;3.0;0.0;16.0;454.0;33.0;414.0;91.0;259.0;7.0;141.0;184.0;66.0;118.0;15.0;15.0;16.0;6.0;1.0;3.0;93.0;0.02;40.0;40.0;42.0;24.0;0
org.apache.jmeter.gui.util.MenuInfo;1.0;1.0;1.0;1.0;5.0;0.0;5.0;0.0;1.0;0.0;0.0;0.0;0.0;1.0;2.0;1.0;1.0;0.0;0.0;0.0;1.0;15.0;1.0;10.0;4.0;2.0;4.0;4.0;6.0;4.0;2.0;1.0;1.0;1.0;1.0;1.0;0.0;0.0;0.4;1.0;1.0;1.0;1.0;0
org.apache.jmeter.gui.util.NumberFieldErrorListener;2.0;2.0;2.0;1.0;15.0;0.0;15.0;0.0;1.0;2.0;0.0;1.0;1.0;1.0;0.0;2.0;2.0;0.0;0.0;0.0;2.0;42.0;3.0;35.0;7.0;17.0;4.0;9.0;15.0;6.0;9.0;4.0;4.0;4.0;1.0;2.0;1.0;50.0;0.11;5.0;5.0;5.0;2.0;0
org.apache.jmeter.gui.util.PowerTableModel;1.0;1.0;1.0;1.0;11.0;0.0;10.0;1.0;1.0;2.0;0.0;0.0;1.0;22.0;2.0;22.0;22.0;0.0;2.0;0.0;20.0;277.0;22.0;226.0;50.0;86.0;29.0;74.0;114.0;45.0;69.0;11.0;11.0;11.0;11.0;2.0;2.0;69.0;0.13;39.0;39.0;39.0;32.0;0
org.apache.jmeter.gui.util.TextAreaCellRenderer;2.0;2.0;2.0;1.0;12.0;0.0;12.0;0.0;2.0;1.0;0.0;0.0;0.0;2.0;1.0;2.0;2.0;0.0;0.0;0.0;2.0;35.0;3.0;28.0;10.0;9.0;4.0;7.0;12.0;4.0;8.0;3.0;3.0;4.0;1.0;1.0;1.0;0.0;0.14;4.0;4.0;5.0;2.0;0
org.apache.jmeter.gui.util.TextAreaTableCellEditor;1.0;1.0;1.0;1.0;11.0;0.0;7.0;4.0;3.0;1.0;0.0;0.0;0.0;11.0;3.0;11.0;11.0;0.0;0.0;0.0;11.0;311.0;32.0;141.0;43.0;45.0;138.0;36.0;63.0;31.0;32.0;1.0;1.0;1.0;1.0;2.0;0.0;54.0;0.98;11.0;11.0;11.0;11.0;0
org.apache.jmeter.junit.JMeterTest;2.0;2.0;2.0;1.0;24.0;0.0;23.0;0.0;1.0;10.0;0.0;0.0;1.0;7.0;0.0;7.0;7.0;0.0;2.0;1.0;4.0;184.0;7.0;168.0;29.0;110.0;9.0;52.0;72.0;27.0;45.0;5.0;5.0;5.0;3.0;2.0;4.0;71.0;0.05;19.0;19.0;19.0;11.0;0
org.apache.jmeter.junit.protocol.http.config.HttpConfigSuite;1.0;1.0;1.0;1.0;5.0;0.0;4.0;1.0;1.0;1.0;0.0;1.0;0.0;1.0;0.0;2.0;2.0;0.0;1.0;0.0;1.0;18.0;1.0;10.0;4.0;2.0;7.0;2.0;5.0;4.0;1.0;1.0;1.0;1.0;1.0;1.0;0.0;0.0;0.7;2.0;2.0;2.0;2.0;0
org.apache.jmeter.junit.protocol.http.parser.HtmlParserTester;1.0;1.0;1.0;1.0;18.0;0.0;18.0;2.0;1.0;6.0;0.0;0.0;0.0;13.0;1.0;13.0;13.0;0.0;2.0;0.0;11.0;267.0;13.0;238.0;85.0;176.0;35.0;142.0;156.0;65.0;91.0;1.0;1.0;2.0;1.0;2.0;0.0;23.0;0.15;13.0;13.0;14.0;13.0;0
org.apache.jmeter.modifiers.CounterConfig;1.0;1.0;1.0;1.0;6.0;0.0;6.0;0.0;4.0;7.0;0.0;0.0;6.0;14.0;3.0;14.0;46.0;0.0;0.0;0.0;14.0;128.0;15.0;107.0;31.0;43.0;6.0;35.0;55.0;28.0;27.0;6.0;6.0;7.0;1.0;2.0;4.0;88.0;0.06;19.0;19.0;20.0;14.0;0
org.apache.jmeter.modifiers.UserParameters;1.0;1.0;1.0;1.0;8.0;0.0;6.0;1.0;4.0;8.0;0.0;0.0;3.0;14.0;2.0;14.0;46.0;0.0;2.0;1.0;11.0;156.0;16.0;98.0;31.0;37.0;42.0;29.0;49.0;27.0;22.0;2.0;2.0;3.0;1.0;2.0;1.0;87.0;0.43;18.0;18.0;19.0;14.0;0
org.apache.jmeter.modifiers.gui.CounterConfigGui;1.0;1.0;1.0;1.0;12.0;0.0;10.0;1.0;1.0;6.0;0.0;0.0;0.0;6.0;5.0;6.0;24.0;0.0;1.0;0.0;5.0;86.0;7.0;66.0;12.0;39.0;13.0;35.0;44.0;12.0;32.0;3.0;3.0;3.0;1.0;4.0;2.0;50.0;0.2;8.0;8.0;8.0;6.0;0
org.apache.jmeter.modifiers.gui.UserParametersGui;1.0;1.0;1.0;1.0;16.0;0.0;14.0;1.0;1.0;14.0;0.0;0.0;1.0;9.0;9.0;9.0;27.0;0.0;3.0;1.0;5.0;319.0;34.0;258.0;57.0;159.0;27.0;111.0;143.0;49.0;94.0;3.0;3.0;3.0;1.0;4.0;1.0;80.0;0.1;12.0;12.0;12.0;9.0;0
org.apache.jmeter.protocol.ftp.config.FtpConfig;1.0;1.0;1.0;1.0;6.0;0.0;5.0;1.0;2.0;1.0;0.0;0.0;0.0;7.0;0.0;7.0;41.0;0.0;0.0;0.0;7.0;52.0;5.0;40.0;8.0;12.0;8.0;7.0;16.0;8.0;8.0;2.0;2.0;5.0;1.0;3.0;1.0;0.0;0.2;8.0;8.0;11.0;7.0;0
org.apache.jmeter.protocol.ftp.config.gui.FtpConfigGui;1.0;1.0;1.0;1.0;8.0;0.0;7.0;0.0;1.0;5.0;0.0;0.0;2.0;9.0;3.0;9.0;27.0;0.0;3.0;0.0;6.0;103.0;19.0;74.0;21.0;40.0;10.0;41.0;52.0;21.0;31.0;2.0;2.0;2.0;1.0;4.0;1.0;77.0;0.14;10.0;10.0;10.0;9.0;0
org.apache.jmeter.protocol.ftp.control.gui.FtpTestSamplerGui;1.0;1.0;1.0;1.0;8.0;0.0;7.0;0.0;1.0;7.0;0.0;0.0;0.0;6.0;2.0;6.0;24.0;0.0;1.0;0.0;5.0;67.0;11.0;48.0;11.0;25.0;8.0;24.0;31.0;11.0;20.0;1.0;1.0;1.0;1.0;4.0;0.0;50.0;0.17;6.0;6.0;6.0;6.0;0
org.apache.jmeter.protocol.ftp.sampler.FTPSampler;1.0;1.0;1.0;1.0;9.0;0.0;7.0;2.0;1.0;4.0;0.0;0.0;2.0;9.0;0.0;9.0;41.0;0.0;0.0;0.0;9.0;100.0;9.0;68.0;21.0;32.0;24.0;29.0;40.0;21.0;19.0;3.0;3.0;3.0;1.0;3.0;1.0;77.0;0.35;11.0;11.0;11.0;9.0;0
org.apache.jmeter.protocol.ftp.sampler.FtpClient;2.0;2.0;2.0;1.0;19.0;0.0;15.0;3.0;1.0;2.0;0.0;3.0;3.0;7.0;5.0;10.0;10.0;0.0;0.0;0.0;10.0;322.0;17.0;231.0;64.0;131.0;74.0;113.0;144.0;62.0;82.0;7.0;7.0;7.0;1.0;1.0;3.0;80.0;0.32;20.0;20.0;20.0;10.0;0
org.apache.jmeter.protocol.http.config.MultipartUrlConfig;1.0;1.0;1.0;1.0;7.0;0.0;6.0;0.0;2.0;4.0;0.0;0.0;2.0;15.0;5.0;15.0;15.0;0.0;0.0;0.0;15.0;132.0;16.0;107.0;36.0;45.0;9.0;42.0;62.0;33.0;29.0;4.0;4.0;4.0;1.0;1.0;2.0;89.0;0.08;19.0;19.0;20.0;15.0;0
org.apache.jmeter.protocol.http.config.gui.HttpDefaultsGui;1.0;1.0;1.0;1.0;12.0;1.0;9.0;1.0;1.0;9.0;0.0;0.0;0.0;7.0;5.0;7.0;25.0;0.0;1.0;0.0;6.0;102.0;16.0;76.0;16.0;47.0;10.0;41.0;49.0;16.0;33.0;1.0;1.0;1.0;1.0;4.0;0.0;57.0;0.13;7.0;7.0;7.0;7.0;0
org.apache.jmeter.protocol.http.config.gui.MultipartUrlConfigGui;1.0;1.0;1.0;1.0;11.0;1.0;10.0;0.0;2.0;5.0;0.0;0.0;4.0;13.0;3.0;13.0;25.0;0.0;3.0;2.0;8.0;188.0;32.0;146.0;41.0;90.0;10.0;80.0;97.0;35.0;62.0;4.0;4.0;4.0;3.0;3.0;2.0;76.0;0.07;16.0;16.0;16.0;15.0;0
org.apache.jmeter.protocol.http.config.gui.UrlConfigGui;1.0;1.0;1.0;1.0;19.0;2.0;15.0;1.0;1.0;12.0;1.0;0.0;9.0;12.0;9.0;12.0;12.0;0.0;0.0;7.0;5.0;274.0;43.0;212.0;48.0;153.0;19.0;139.0;155.0;47.0;108.0;3.0;3.0;3.0;1.0;2.0;1.0;77.0;0.09;17.0;17.0;17.0;12.0;0
org.apache.jmeter.protocol.http.control.AuthManager;1.0;1.0;1.0;1.0;6.0;0.0;5.0;0.0;3.0;7.0;0.0;0.0;3.0;15.0;0.0;15.0;49.0;0.0;0.0;0.0;15.0;138.0;18.0;103.0;29.0;39.0;17.0;28.0;45.0;22.0;23.0;3.0;3.0;3.0;3.0;3.0;1.0;86.0;0.17;18.0;18.0;18.0;17.0;0
org.apache.jmeter.protocol.http.control.Authorization;1.0;1.0;1.0;1.0;4.0;0.0;4.0;0.0;2.0;1.0;0.0;0.0;3.0;12.0;0.0;12.0;44.0;1.0;0.0;0.0;11.0;71.0;5.0;57.0;16.0;18.0;9.0;18.0;31.0;16.0;15.0;1.0;1.0;1.0;1.0;2.0;0.0;83.0;0.16;12.0;12.0;12.0;12.0;0
org.apache.jmeter.protocol.http.control.Cookie;1.0;1.0;1.0;1.0;8.0;0.0;5.0;2.0;2.0;4.0;0.0;0.0;7.0;16.0;0.0;16.0;48.0;0.0;0.0;0.0;16.0;159.0;16.0;99.0;30.0;42.0;44.0;32.0;49.0;24.0;25.0;1.0;1.0;1.0;1.0;2.0;0.0;91.0;0.44;16.0;16.0;16.0;16.0;0
org.apache.jmeter.protocol.http.control.CookieManager;1.0;1.0;1.0;1.0;10.0;0.0;8.0;1.0;3.0;9.0;0.0;0.0;4.0;19.0;0.0;19.0;53.0;0.0;0.0;0.0;19.0;266.0;28.0;186.0;51.0;93.0;52.0;63.0;94.0;44.0;50.0;7.0;7.0;8.0;4.0;3.0;3.0;88.0;0.28;32.0;32.0;36.0;22.0;0
org.apache.jmeter.protocol.http.control.Header;1.0;1.0;1.0;1.0;6.0;0.0;4.0;1.0;2.0;1.0;0.0;0.0;2.0;8.0;0.0;8.0;40.0;0.0;0.0;0.0;8.0;66.0;8.0;38.0;11.0;11.0;20.0;11.0;20.0;11.0;9.0;1.0;1.0;1.0;1.0;2.0;0.0;87.0;0.53;8.0;8.0;8.0;8.0;0
org.apache.jmeter.protocol.http.control.HeaderManager;1.0;1.0;2.0;1.0;12.0;0.0;9.0;1.0;2.0;4.0;0.0;0.0;4.0;16.0;0.0;16.0;50.0;0.0;0.0;0.0;16.0;313.0;29.0;167.0;39.0;79.0;117.0;61.0;91.0;41.0;50.0;6.0;6.0;7.0;4.0;3.0;3.0;92.0;0.7;30.0;30.0;32.0;21.0;0
org.apache.jmeter.protocol.http.control.gui.HttpTestSampleGui;1.0;1.0;1.0;1.0;9.0;0.0;7.0;1.0;1.0;6.0;0.0;0.0;0.0;9.0;2.0;9.0;27.0;0.0;2.0;0.0;7.0;137.0;18.0;99.0;24.0;50.0;20.0;43.0;58.0;24.0;34.0;2.0;2.0;2.0;1.0;4.0;1.0;55.0;0.2;10.0;10.0;10.0;9.0;0
org.apache.jmeter.protocol.http.control.gui.SoapSamplerGui;1.0;1.0;1.0;1.0;8.0;0.0;7.0;0.0;1.0;5.0;0.0;0.0;1.0;7.0;2.0;7.0;25.0;0.0;1.0;0.0;6.0;82.0;11.0;57.0;16.0;28.0;14.0;26.0;35.0;15.0;20.0;2.0;2.0;2.0;1.0;4.0;1.0;66.0;0.25;8.0;8.0;8.0;7.0;0
org.apache.jmeter.protocol.http.gui.AuthPanel;2.0;2.0;2.0;1.0;22.0;1.0;18.0;2.0;2.0;9.0;0.0;0.0;5.0;10.0;6.0;10.0;28.0;0.0;2.0;0.0;8.0;410.0;49.0;308.0;70.0;151.0;53.0;113.0;162.0;55.0;107.0;20.0;20.0;20.0;1.0;4.0;5.0;78.0;0.17;29.0;29.0;29.0;10.0;0
org.apache.jmeter.protocol.http.gui.CookiePanel;2.0;2.0;2.0;1.0;21.0;1.0;18.0;1.0;2.0;12.0;0.0;0.0;8.0;13.0;7.0;13.0;31.0;0.0;5.0;0.0;8.0;334.0;34.0;272.0;73.0;157.0;28.0;104.0;138.0;51.0;87.0;20.0;20.0;20.0;1.0;4.0;5.0;86.0;0.1;35.0;35.0;35.0;13.0;0
org.apache.jmeter.protocol.http.gui.HTTPArgumentsPanel;1.0;1.0;1.0;1.0;10.0;0.0;10.0;0.0;1.0;10.0;0.0;0.0;3.0;8.0;0.0;8.0;50.0;0.0;1.0;4.0;3.0;101.0;8.0;92.0;22.0;56.0;1.0;32.0;44.0;19.0;25.0;3.0;3.0;4.0;1.0;5.0;2.0;83.0;0.01;11.0;11.0;14.0;8.0;0
org.apache.jmeter.protocol.http.gui.HeaderPanel;2.0;2.0;2.0;1.0;20.0;1.0;16.0;2.0;3.0;8.0;0.0;0.0;5.0;12.0;6.0;12.0;30.0;0.0;2.0;0.0;10.0;516.0;56.0;395.0;84.0;210.0;65.0;170.0;230.0;75.0;155.0;20.0;20.0;20.0;1.0;4.0;5.0;84.0;0.16;32.0;32.0;32.0;12.0;0
org.apache.jmeter.protocol.http.modifier.AnchorModifier;4.0;4.0;4.0;1.0;30.0;0.0;29.0;0.0;3.0;12.0;0.0;0.0;2.0;6.0;0.0;6.0;38.0;0.0;3.0;0.0;3.0;271.0;9.0;254.0;54.0;157.0;10.0;79.0;108.0;41.0;67.0;8.0;8.0;9.0;4.0;2.0;3.0;58.0;0.04;26.0;26.0;27.0;11.0;0
org.apache.jmeter.protocol.http.modifier.ParamMask;1.0;1.0;1.0;1.0;11.0;0.0;5.0;5.0;2.0;1.0;0.0;0.0;0.0;17.0;7.0;17.0;49.0;0.0;0.0;0.0;17.0;231.0;22.0;101.0;27.0;45.0;108.0;44.0;63.0;27.0;36.0;2.0;2.0;2.0;1.0;2.0;1.0;86.0;1.07;18.0;18.0;18.0;17.0;0
org.apache.jmeter.protocol.http.modifier.ParamModifier;1.0;1.0;1.0;1.0;9.0;0.0;6.0;2.0;4.0;11.0;0.0;0.0;1.0;9.0;0.0;9.0;41.0;0.0;1.0;0.0;8.0;147.0;14.0;67.0;18.0;23.0;66.0;17.0;32.0;16.0;16.0;4.0;4.0;4.0;4.0;2.0;2.0;77.0;0.99;14.0;14.0;14.0;14.0;0
org.apache.jmeter.protocol.http.modifier.URLRewritingModifier;1.0;1.0;1.0;1.0;12.0;0.0;11.0;0.0;3.0;10.0;0.0;0.0;4.0;9.0;5.0;9.0;41.0;0.0;2.0;0.0;7.0;229.0;5.0;218.0;59.0;136.0;9.0;94.0;119.0;52.0;67.0;6.0;6.0;6.0;1.0;2.0;2.0;82.0;0.04;16.0;16.0;16.0;9.0;0
org.apache.jmeter.protocol.http.modifier.UserParameterModifier;1.0;1.0;1.0;1.0;9.0;0.0;6.0;3.0;4.0;12.0;0.0;0.0;2.0;10.0;1.0;10.0;44.0;0.0;0.0;0.0;10.0;143.0;10.0;75.0;25.0;29.0;59.0;22.0;37.0;22.0;15.0;4.0;4.0;4.0;1.0;3.0;2.0;80.0;0.79;14.0;14.0;14.0;10.0;0
org.apache.jmeter.protocol.http.modifier.UserParameterXMLContentHandler;1.0;1.0;1.0;1.0;7.0;0.0;6.0;0.0;2.0;0.0;0.0;0.0;0.0;12.0;5.0;12.0;12.0;0.0;0.0;0.0;12.0;132.0;21.0;82.0;28.0;21.0;29.0;15.0;34.0;18.0;16.0;5.0;5.0;5.0;1.0;1.0;1.0;81.0;0.35;18.0;18.0;18.0;12.0;0
org.apache.jmeter.protocol.http.modifier.UserParameterXMLErrorHandler;1.0;1.0;1.0;1.0;14.0;0.0;14.0;0.0;2.0;1.0;0.0;0.0;1.0;3.0;0.0;3.0;3.0;0.0;0.0;0.0;3.0;55.0;3.0;46.0;5.0;34.0;6.0;7.0;11.0;5.0;6.0;1.0;1.0;1.0;1.0;1.0;0.0;0.0;0.13;3.0;3.0;3.0;3.0;0
org.apache.jmeter.protocol.http.modifier.UserParameterXMLParser;1.0;1.0;1.0;1.0;32.0;5.0;15.0;13.0;1.0;3.0;0.0;0.0;0.0;1.0;1.0;1.0;1.0;0.0;0.0;0.0;1.0;44.0;6.0;19.0;10.0;10.0;20.0;10.0;12.0;7.0;5.0;1.0;1.0;1.0;1.0;1.0;0.0;100.0;1.05;1.0;1.0;1.0;1.0;0
org.apache.jmeter.protocol.http.modifier.UserSequence;1.0;1.0;1.0;1.0;15.0;1.0;9.0;4.0;2.0;1.0;0.0;0.0;1.0;3.0;2.0;3.0;3.0;0.0;0.0;0.0;3.0;74.0;9.0;35.0;8.0;14.0;30.0;11.0;17.0;8.0;9.0;3.0;3.0;3.0;1.0;1.0;1.0;44.0;0.86;5.0;5.0;5.0;3.0;0
org.apache.jmeter.protocol.http.modifier.gui.AnchorModifierGui;1.0;1.0;1.0;1.0;5.0;0.0;4.0;0.0;1.0;3.0;0.0;0.0;0.0;5.0;0.0;5.0;23.0;0.0;1.0;0.0;4.0;36.0;5.0;27.0;7.0;9.0;4.0;9.0;15.0;7.0;8.0;1.0;1.0;1.0;1.0;4.0;0.0;0.0;0.15;5.0;5.0;5.0;5.0;0
org.apache.jmeter.protocol.http.modifier.gui.ParamModifierGui;1.0;1.0;1.0;1.0;13.0;0.0;11.0;1.0;2.0;5.0;0.0;0.0;0.0;12.0;12.0;12.0;30.0;0.0;4.0;1.0;7.0;196.0;23.0;152.0;39.0;91.0;21.0;83.0;102.0;36.0;66.0;5.0;5.0;5.0;1.0;4.0;1.0;81.0;0.14;18.0;18.0;18.0;12.0;0
org.apache.jmeter.protocol.http.modifier.gui.URLRewritingModifierGui;1.0;1.0;1.0;1.0;10.0;1.0;8.0;0.0;1.0;5.0;0.0;0.0;1.0;6.0;3.0;6.0;24.0;0.0;1.0;0.0;5.0;86.0;13.0;60.0;14.0;35.0;13.0;28.0;35.0;13.0;22.0;1.0;1.0;1.0;1.0;4.0;0.0;58.0;0.22;6.0;6.0;6.0;6.0;0
org.apache.jmeter.protocol.http.modifier.gui.UserParameterModifierGui;1.0;1.0;1.0;1.0;8.0;0.0;7.0;0.0;1.0;3.0;0.0;0.0;0.0;9.0;1.0;9.0;27.0;0.0;2.0;0.0;7.0;100.0;14.0;66.0;19.0;35.0;20.0;36.0;46.0;18.0;28.0;1.0;1.0;1.0;1.0;4.0;0.0;66.0;0.3;9.0;9.0;9.0;9.0;0
org.apache.jmeter.protocol.http.parser.FormElement;1.0;1.0;1.0;1.0;8.0;0.0;3.0;4.0;1.0;0.0;0.0;0.0;0.0;9.0;4.0;9.0;9.0;0.0;0.0;0.0;9.0;98.0;9.0;42.0;14.0;8.0;47.0;12.0;22.0;14.0;8.0;1.0;1.0;1.0;1.0;1.0;0.0;77.0;1.12;9.0;9.0;9.0;9.0;0
org.apache.jmeter.protocol.http.parser.HtmlParser;4.0;4.0;4.0;1.0;35.0;2.0;30.0;3.0;2.0;6.0;0.0;12.0;4.0;1.0;1.0;13.0;13.0;0.0;5.0;0.0;8.0;537.0;50.0;433.0;76.0;245.0;54.0;130.0;190.0;58.0;132.0;16.0;16.0;17.0;9.0;1.0;5.0;86.0;0.12;54.0;54.0;64.0;21.0;0
org.apache.jmeter.protocol.http.proxy.Admin;5.0;5.0;5.0;3.0;42.0;2.0;33.0;7.0;1.0;2.0;0.0;0.0;1.0;2.0;7.0;2.0;2.0;1.0;0.0;0.0;1.0;119.0;12.0;79.0;13.0;44.0;30.0;31.0;41.0;12.0;29.0;8.0;8.0;8.0;5.0;2.0;4.0;31.0;0.38;10.0;10.0;10.0;6.0;0
org.apache.jmeter.protocol.http.proxy.Cache;2.0;2.0;2.0;1.0;20.0;2.0;15.0;2.0;1.0;1.0;0.0;0.0;1.0;10.0;4.0;10.0;10.0;0.0;2.0;0.0;8.0;287.0;43.0;166.0;40.0;89.0;79.0;81.0;104.0;39.0;65.0;6.0;6.0;6.0;4.0;1.0;3.0;62.0;0.48;25.0;25.0;26.0;15.0;0
org.apache.jmeter.protocol.http.proxy.Daemon;2.0;2.0;2.0;1.0;22.0;0.0;15.0;6.0;1.0;3.0;0.0;1.0;4.0;6.0;4.0;7.0;7.0;0.0;0.0;0.0;7.0;210.0;19.0;121.0;21.0;60.0;70.0;46.0;64.0;21.0;43.0;7.0;7.0;7.0;5.0;2.0;5.0;75.0;0.58;17.0;17.0;18.0;11.0;0
org.apache.jmeter.protocol.http.proxy.HttpReplyHdr;1.0;1.0;1.0;1.0;12.0;0.0;5.0;5.0;1.0;0.0;0.0;20.0;3.0;1.0;0.0;21.0;21.0;0.0;3.0;0.0;18.0;291.0;34.0;129.0;29.0;57.0;128.0;48.0;72.0;29.0;43.0;3.0;3.0;3.0;1.0;1.0;1.0;90.0;0.99;23.0;23.0;23.0;21.0;0
org.apache.jmeter.protocol.http.proxy.HttpRequestHdr;2.0;2.0;3.0;1.0;21.0;0.0;18.0;3.0;1.0;9.0;0.0;1.0;1.0;12.0;6.0;13.0;13.0;2.0;1.0;0.0;10.0;355.0;21.0;275.0;60.0;157.0;64.0;120.0;163.0;58.0;105.0;6.0;6.0;9.0;3.0;1.0;3.0;82.0;0.23;38.0;38.0;43.0;15.0;0
org.apache.jmeter.protocol.http.proxy.Proxy;2.0;2.0;2.0;1.0;23.0;0.0;17.0;5.0;1.0;8.0;0.0;0.0;1.0;6.0;2.0;6.0;6.0;2.0;2.0;0.0;2.0;166.0;13.0;107.0;23.0;54.0;46.0;36.0;48.0;17.0;31.0;4.0;4.0;4.0;1.0;2.0;1.0;55.0;0.43;12.0;12.0;12.0;6.0;0
org.apache.jmeter.protocol.http.proxy.ProxyControl;1.0;1.0;1.0;1.0;9.0;0.0;9.0;0.0;2.0;18.0;0.0;0.0;5.0;21.0;3.0;21.0;55.0;0.0;1.0;1.0;19.0;232.0;21.0;201.0;48.0;87.0;10.0;62.0;96.0;41.0;55.0;9.0;9.0;11.0;4.0;3.0;5.0;92.0;0.05;35.0;35.0;38.0;27.0;0
org.apache.jmeter.protocol.http.proxy.gui.ProxyControlGui;1.0;1.0;1.0;1.0;12.0;0.0;10.0;1.0;6.0;17.0;0.0;0.0;10.0;28.0;9.0;28.0;44.0;0.0;10.0;4.0;14.0;422.0;54.0;325.0;75.0;184.0;43.0;154.0;200.0;65.0;135.0;8.0;8.0;8.0;1.0;3.0;3.0;90.0;0.13;45.0;45.0;45.0;28.0;0
org.apache.jmeter.protocol.http.sampler.HTTPSampler;2.0;2.0;2.0;1.0;15.0;0.0;12.0;2.0;1.0;24.0;2.0;0.0;37.0;63.0;4.0;63.0;95.0;0.0;9.0;5.0;49.0;1284.0;81.0;1014.0;210.0;558.0;205.0;393.0;535.0;180.0;355.0;12.0;12.0;13.0;3.0;3.0;3.0;97.0;0.2;129.0;129.0;138.0;67.0;0
org.apache.jmeter.protocol.http.sampler.HTTPSamplerFull;4.0;4.0;4.0;1.0;47.0;1.0;36.0;10.0;1.0;4.0;0.0;3.0;2.0;6.0;1.0;9.0;9.0;0.0;0.0;7.0;2.0;616.0;30.0;429.0;61.0;269.0;157.0;190.0;241.0;53.0;188.0;13.0;13.0;14.0;7.0;1.0;3.0;55.0;0.37;42.0;42.0;43.0;15.0;0
org.apache.jmeter.protocol.http.sampler.PostWriter;1.0;1.0;2.0;1.0;19.0;0.0;17.0;1.0;1.0;6.0;0.0;0.0;4.0;9.0;0.0;9.0;9.0;0.0;7.0;0.0;2.0;195.0;14.0;161.0;44.0;95.0;20.0;67.0;84.0;30.0;54.0;3.0;3.0;4.0;1.0;1.0;2.0;75.0;0.12;16.0;16.0;18.0;9.0;0
org.apache.jmeter.protocol.http.sampler.SoapSampler;1.0;1.0;1.0;1.0;10.0;0.0;8.0;1.0;1.0;3.0;0.0;0.0;3.0;8.0;0.0;8.0;103.0;0.0;0.0;0.0;8.0;109.0;8.0;77.0;15.0;36.0;24.0;27.0;40.0;15.0;25.0;3.0;3.0;4.0;1.0;4.0;2.0;79.0;0.31;12.0;12.0;13.0;8.0;0
org.apache.jmeter.protocol.http.util.Base64Encoder;1.0;1.0;1.0;1.0;14.0;0.0;13.0;0.0;1.0;0.0;0.0;3.0;2.0;1.0;0.0;4.0;4.0;0.0;1.0;0.0;3.0;78.0;4.0;65.0;25.0;43.0;9.0;33.0;41.0;19.0;22.0;3.0;3.0;3.0;3.0;1.0;1.0;75.0;0.14;7.0;7.0;7.0;6.0;0
org.apache.jmeter.protocol.http.util.HTTPArgument;1.0;1.0;1.0;1.0;9.0;0.0;8.0;1.0;2.0;6.0;0.0;1.0;3.0;13.0;0.0;14.0;56.0;0.0;0.0;0.0;14.0;186.0;20.0;152.0;36.0;67.0;14.0;54.0;81.0;31.0;50.0;3.0;3.0;4.0;1.0;3.0;2.0;85.0;0.09;22.0;22.0;25.0;14.0;0
org.apache.jmeter.protocol.java.config.JavaConfig;1.0;1.0;1.0;1.0;11.0;0.0;4.0;6.0;2.0;5.0;0.0;0.0;1.0;7.0;0.0;7.0;41.0;0.0;0.0;0.0;7.0;100.0;7.0;34.0;10.0;10.0;59.0;9.0;17.0;10.0;7.0;1.0;1.0;1.0;1.0;3.0;0.0;100.0;1.74;7.0;7.0;7.0;7.0;0
org.apache.jmeter.protocol.java.config.gui.JavaConfigGui;1.0;1.0;2.0;1.0;19.0;1.0;14.0;4.0;2.0;14.0;0.0;0.0;2.0;10.0;3.0;10.0;28.0;0.0;2.0;1.0;7.0;241.0;31.0;148.0;35.0;87.0;62.0;59.0;79.0;32.0;47.0;8.0;8.0;9.0;1.0;4.0;6.0;74.0;0.42;19.0;19.0;20.0;10.0;0
org.apache.jmeter.protocol.java.control.gui.JavaTestSamplerGui;1.0;1.0;1.0;1.0;7.0;0.0;5.0;1.0;1.0;5.0;0.0;0.0;0.0;6.0;1.0;6.0;24.0;0.0;1.0;0.0;5.0;67.0;9.0;39.0;10.0;18.0;19.0;18.0;25.0;10.0;15.0;1.0;1.0;1.0;1.0;4.0;0.0;50.0;0.49;6.0;6.0;6.0;6.0;0
org.apache.jmeter.protocol.java.sampler.JavaSampler;1.0;1.0;1.0;1.0;12.0;0.0;7.0;4.0;2.0;10.0;0.0;0.0;4.0;15.0;2.0;15.0;47.0;0.0;4.0;0.0;11.0;280.0;23.0;140.0;30.0;68.0;117.0;49.0;75.0;29.0;46.0;4.0;4.0;4.0;1.0;3.0;3.0;80.0;0.84;21.0;21.0;21.0;15.0;0
org.apache.jmeter.protocol.java.test.SleepTest;1.0;1.0;1.0;1.0;19.0;0.0;8.0;9.0;2.0;3.0;0.0;0.0;2.0;9.0;2.0;9.0;13.0;0.0;4.0;0.0;5.0;228.0;20.0;89.0;24.0;45.0;119.0;38.0;52.0;22.0;30.0;3.0;3.0;3.0;1.0;2.0;2.0;77.0;1.34;13.0;13.0;13.0;9.0;0
org.apache.jmeter.protocol.jdbc.config.DbConfig;1.0;1.0;1.0;1.0;3.0;0.0;3.0;0.0;2.0;1.0;0.0;0.0;0.0;5.0;0.0;5.0;45.0;0.0;0.0;0.0;5.0;26.0;4.0;22.0;6.0;4.0;0.0;4.0;10.0;6.0;4.0;1.0;1.0;1.0;1.0;4.0;0.0;0.0;0.0;5.0;5.0;5.0;5.0;0
org.apache.jmeter.protocol.jdbc.config.PoolConfig;1.0;1.0;1.0;1.0;7.0;0.0;7.0;0.0;2.0;2.0;0.0;0.0;0.0;5.0;0.0;5.0;39.0;0.0;0.0;0.0;5.0;45.0;5.0;40.0;8.0;14.0;0.0;10.0;20.0;8.0;12.0;3.0;3.0;3.0;3.0;3.0;1.0;0.0;0.0;9.0;9.0;9.0;9.0;0
org.apache.jmeter.protocol.jdbc.config.SqlConfig;1.0;1.0;1.0;1.0;3.0;0.0;3.0;0.0;2.0;1.0;0.0;0.0;0.0;3.0;0.0;3.0;37.0;0.0;0.0;0.0;3.0;17.0;3.0;14.0;4.0;2.0;0.0;2.0;6.0;4.0;2.0;1.0;1.0;1.0;1.0;3.0;0.0;0.0;0.0;3.0;3.0;3.0;3.0;0
org.apache.jmeter.protocol.jdbc.config.gui.DbConfigGui;1.0;1.0;1.0;1.0;10.0;1.0;8.0;0.0;1.0;6.0;0.0;0.0;4.0;9.0;4.0;9.0;27.0;0.0;3.0;0.0;6.0;121.0;20.0;91.0;27.0;56.0;10.0;53.0;64.0;26.0;38.0;2.0;2.0;2.0;1.0;4.0;1.0;81.0;0.11;10.0;10.0;10.0;9.0;0
org.apache.jmeter.protocol.jdbc.config.gui.PoolConfigGui;1.0;1.0;1.0;1.0;13.0;0.0;11.0;0.0;2.0;6.0;0.0;0.0;4.0;11.0;3.0;11.0;29.0;0.0;3.0;0.0;8.0;174.0;22.0;140.0;29.0;81.0;12.0;56.0;75.0;27.0;48.0;7.0;7.0;7.0;1.0;4.0;3.0;77.0;0.09;18.0;18.0;18.0;11.0;0
org.apache.jmeter.protocol.jdbc.config.gui.SqlConfigGui;1.0;1.0;1.0;1.0;8.0;0.0;7.0;0.0;1.0;4.0;0.0;0.0;0.0;9.0;2.0;9.0;27.0;0.0;2.0;0.0;7.0;92.0;14.0;68.0;18.0;33.0;10.0;32.0;43.0;17.0;26.0;2.0;2.0;2.0;1.0;4.0;1.0;72.0;0.15;10.0;10.0;10.0;9.0;0
org.apache.jmeter.protocol.jdbc.control.gui.JdbcTestSampleGui;1.0;1.0;1.0;1.0;8.0;1.0;7.0;0.0;1.0;7.0;0.0;0.0;0.0;7.0;3.0;7.0;25.0;0.0;1.0;0.0;6.0;78.0;15.0;55.0;14.0;28.0;8.0;31.0;39.0;14.0;25.0;1.0;1.0;1.0;1.0;4.0;0.0;57.0;0.15;7.0;7.0;7.0;7.0;0
org.apache.jmeter.protocol.jdbc.sampler.JDBCSampler;1.0;1.0;1.0;1.0;13.0;0.0;11.0;1.0;2.0;11.0;0.0;0.0;6.0;16.0;2.0;16.0;48.0;0.0;3.0;0.0;13.0;262.0;37.0;195.0;44.0;96.0;30.0;71.0;104.0;44.0;60.0;8.0;8.0;8.0;1.0;3.0;4.0;91.0;0.15;31.0;31.0;31.0;16.0;0
org.apache.jmeter.protocol.jdbc.util.ConnectionObject;2.0;2.0;2.0;1.0;18.0;0.0;14.0;4.0;2.0;2.0;0.0;0.0;2.0;13.0;8.0;13.0;13.0;0.0;0.0;0.0;13.0;280.0;17.0;199.0;26.0;99.0;64.0;69.0;99.0;26.0;73.0;7.0;7.0;8.0;1.0;1.0;4.0;69.0;0.32;30.0;30.0;31.0;13.0;0
org.apache.jmeter.protocol.jdbc.util.DBConnectionManager;1.0;1.0;1.0;1.0;18.0;0.0;14.0;3.0;1.0;7.0;0.0;1.0;2.0;8.0;1.0;9.0;9.0;0.0;4.0;0.0;5.0;197.0;16.0;139.0;33.0;67.0;42.0;33.0;53.0;23.0;30.0;4.0;4.0;4.0;4.0;1.0;2.0;74.0;0.3;17.0;17.0;17.0;14.0;0
org.apache.jmeter.protocol.jdbc.util.DBKey;2.0;2.0;2.0;2.0;14.0;1.0;12.0;0.0;2.0;0.0;0.0;0.0;0.0;9.0;5.0;9.0;9.0;0.0;1.0;0.0;8.0;156.0;23.0;121.0;23.0;52.0;12.0;41.0;64.0;19.0;45.0;11.0;11.0;11.0;11.0;1.0;2.0;55.0;0.1;24.0;24.0;24.0;19.0;0
org.apache.jmeter.reporters.AbstractListenerElement;1.0;1.0;1.0;1.0;4.0;0.0;4.0;0.0;1.0;1.0;1.0;0.0;0.0;4.0;1.0;4.0;36.0;0.0;0.0;1.0;3.0;33.0;5.0;20.0;7.0;5.0;8.0;6.0;11.0;7.0;4.0;1.0;1.0;1.0;1.0;2.0;0.0;50.0;0.4;4.0;4.0;4.0;4.0;0
org.apache.jmeter.reporters.FileReporter;3.0;3.0;3.0;2.0;28.0;2.0;25.0;1.0;1.0;2.0;0.0;0.0;1.0;3.0;1.0;3.0;3.0;0.0;0.0;0.0;3.0;102.0;9.0;81.0;17.0;47.0;12.0;34.0;44.0;16.0;28.0;8.0;8.0;9.0;6.0;2.0;3.0;33.0;0.15;10.0;10.0;11.0;8.0;0
org.apache.jmeter.reporters.MailerResultCollector;1.0;1.0;1.0;1.0;5.0;0.0;4.0;0.0;2.0;5.0;0.0;0.0;2.0;4.0;0.0;4.0;71.0;0.0;0.0;0.0;4.0;45.0;6.0;27.0;10.0;9.0;12.0;9.0;14.0;7.0;7.0;1.0;1.0;1.0;1.0;4.0;0.0;62.0;0.44;4.0;4.0;4.0;4.0;0
org.apache.jmeter.reporters.ResultCollector;1.0;1.0;2.0;1.0;10.0;0.0;9.0;0.0;7.0;9.0;1.0;4.0;6.0;27.0;6.0;31.0;67.0;0.0;12.0;1.0;18.0;398.0;45.0;320.0;75.0;132.0;34.0;93.0;154.0;60.0;94.0;5.0;5.0;6.0;3.0;3.0;4.0;93.0;0.11;61.0;61.0;66.0;33.0;0
org.apache.jmeter.samplers.AbstractSampler;0.0;0.0;0.0;0.0;0.0;0.0;0.0;0.0;2.0;0.0;7.0;0.0;0.0;0.0;0.0;0.0;32.0;0.0;0.0;0.0;0.0;9.0;0.0;5.0;3.0;0.0;4.0;0.0;1.0;1.0;0.0;0.0;0.0;0.0;0.0;2.0;0.0;0.0;0.8;0.0;0.0;0.0;0.0;0
org.apache.jmeter.samplers.CycleEntry;1.0;1.0;1.0;1.0;3.0;0.0;3.0;0.0;1.0;0.0;0.0;0.0;0.0;1.0;0.0;1.0;11.0;0.0;0.0;0.0;1.0;5.0;0.0;5.0;2.0;0.0;0.0;0.0;2.0;2.0;0.0;1.0;1.0;1.0;1.0;2.0;0.0;0.0;0.0;1.0;1.0;1.0;1.0;0
org.apache.jmeter.samplers.Entry;1.0;1.0;1.0;1.0;7.0;0.0;6.0;0.0;1.0;3.0;1.0;0.0;1.0;10.0;4.0;10.0;10.0;0.0;1.0;0.0;9.0;94.0;10.0;76.0;17.0;25.0;8.0;22.0;37.0;17.0;20.0;3.0;3.0;3.0;1.0;1.0;2.0;80.0;0.11;14.0;14.0;14.0;10.0;0
org.apache.jmeter.samplers.RemoteListenerWrapper;1.0;1.0;1.0;1.0;8.0;0.0;8.0;0.0;5.0;4.0;0.0;0.0;1.0;10.0;1.0;10.0;42.0;0.0;0.0;0.0;10.0;105.0;5.0;93.0;15.0;30.0;7.0;17.0;35.0;13.0;22.0;2.0;2.0;2.0;1.0;2.0;1.0;25.0;0.08;17.0;17.0;17.0;10.0;0
org.apache.jmeter.samplers.RemoteSampleListenerImpl;1.0;1.0;1.0;1.0;7.0;0.0;6.0;0.0;4.0;2.0;0.0;0.0;0.0;11.0;2.0;11.0;11.0;0.0;0.0;0.0;11.0;102.0;11.0;79.0;16.0;21.0;12.0;14.0;35.0;14.0;21.0;3.0;3.0;3.0;1.0;2.0;1.0;59.0;0.15;20.0;20.0;20.0;11.0;0
org.apache.jmeter.samplers.RemoteSampleListenerWrapper;1.0;1.0;1.0;1.0;8.0;0.0;8.0;0.0;4.0;3.0;0.0;0.0;1.0;5.0;1.0;5.0;37.0;0.0;0.0;0.0;5.0;53.0;3.0;46.0;10.0;14.0;4.0;9.0;18.0;8.0;10.0;2.0;2.0;2.0;1.0;2.0;1.0;30.0;0.09;8.0;8.0;8.0;5.0;0
org.apache.jmeter.samplers.RemoteTestListenerWrapper;1.0;1.0;1.0;1.0;7.0;0.0;7.0;0.0;4.0;3.0;0.0;0.0;1.0;7.0;1.0;7.0;39.0;0.0;0.0;0.0;7.0;70.0;3.0;60.0;12.0;18.0;7.0;11.0;23.0;10.0;13.0;2.0;2.0;2.0;1.0;2.0;1.0;35.0;0.12;11.0;11.0;11.0;7.0;0
org.apache.jmeter.samplers.SampleEvent;1.0;1.0;1.0;1.0;4.0;0.0;4.0;0.0;2.0;1.0;0.0;0.0;0.0;4.0;2.0;4.0;4.0;0.0;0.0;0.0;4.0;32.0;4.0;21.0;7.0;4.0;7.0;6.0;11.0;7.0;4.0;1.0;1.0;1.0;1.0;1.0;0.0;50.0;0.33;4.0;4.0;4.0;4.0;0
org.apache.jmeter.samplers.SampleResult;1.0;1.0;1.0;1.0;6.0;0.0;4.0;1.0;2.0;2.0;0.0;0.0;4.0;30.0;14.0;30.0;30.0;0.0;0.0;0.0;30.0;267.0;34.0;169.0;49.0;49.0;64.0;54.0;91.0;49.0;42.0;2.0;2.0;2.0;1.0;1.0;1.0;94.0;0.38;36.0;36.0;37.0;30.0;0
org.apache.jmeter.samplers.gui.AbstractSamplerGui;1.0;1.0;1.0;1.0;14.0;0.0;4.0;10.0;1.0;1.0;7.0;0.0;0.0;2.0;0.0;2.0;18.0;0.0;0.0;0.0;2.0;33.0;2.0;11.0;3.0;2.0;20.0;2.0;5.0;3.0;2.0;1.0;1.0;1.0;1.0;3.0;0.0;0.0;1.82;2.0;2.0;2.0;2.0;0
org.apache.jmeter.save.SaveService;4.0;4.0;4.0;1.0;36.0;3.0;30.0;3.0;2.0;13.0;0.0;25.0;22.0;1.0;0.0;26.0;26.0;0.0;9.0;1.0;16.0;1144.0;142.0;862.0;169.0;497.0;141.0;312.0;439.0;131.0;308.0;20.0;20.0;22.0;3.0;1.0;4.0;87.0;0.16;122.0;122.0;128.0;30.0;0
org.apache.jmeter.save.old.BadHandlerException;1.0;1.0;1.0;1.0;3.0;0.0;3.0;0.0;1.0;0.0;0.0;0.0;0.0;3.0;1.0;3.0;3.0;0.0;0.0;0.0;3.0;25.0;3.0;14.0;5.0;2.0;8.0;3.0;7.0;5.0;2.0;1.0;1.0;1.0;1.0;2.0;0.0;33.0;0.57;3.0;3.0;3.0;3.0;0
org.apache.jmeter.save.old.JMeterNameSpaceHandler;2.0;2.0;2.0;1.0;9.0;1.0;8.0;0.0;2.0;4.0;0.0;0.0;2.0;2.0;4.0;2.0;2.0;0.0;0.0;0.0;2.0;53.0;4.0;41.0;14.0;27.0;8.0;16.0;23.0;10.0;13.0;3.0;3.0;3.0;1.0;1.0;1.0;83.0;0.2;4.0;4.0;4.0;2.0;0
org.apache.jmeter.save.old.handlers.AbstractConfigElementHandler;1.0;1.0;1.0;1.0;15.0;2.0;5.0;7.0;1.0;4.0;1.0;0.0;0.0;9.0;2.0;9.0;30.0;0.0;0.0;1.0;8.0;180.0;53.0;54.0;13.0;18.0;73.0;18.0;30.0;13.0;17.0;2.0;2.0;3.0;1.0;2.0;1.0;61.0;1.35;11.0;11.0;12.0;9.0;0
org.apache.jmeter.save.old.handlers.ArgumentsHandler;1.0;1.0;1.0;1.0;6.0;0.0;6.0;0.0;1.0;5.0;0.0;0.0;0.0;8.0;2.0;8.0;29.0;0.0;1.0;0.0;7.0;75.0;9.0;58.0;13.0;22.0;8.0;20.0;32.0;13.0;19.0;2.0;2.0;2.0;1.0;2.0;1.0;68.0;0.14;11.0;11.0;11.0;8.0;0
org.apache.jmeter.save.old.handlers.AssertionHandler;1.0;1.0;1.0;1.0;7.0;0.0;6.0;1.0;2.0;5.0;0.0;0.0;1.0;7.0;1.0;7.0;28.0;0.0;1.0;0.0;6.0;74.0;7.0;52.0;12.0;29.0;15.0;27.0;36.0;11.0;25.0;2.0;2.0;2.0;1.0;2.0;1.0;71.0;0.29;8.0;8.0;8.0;7.0;0
org.apache.jmeter.save.old.handlers.AuthManagerHandler;1.0;1.0;1.0;1.0;5.0;0.0;5.0;0.0;1.0;8.0;0.0;0.0;0.0;6.0;3.0;6.0;27.0;0.0;0.0;0.0;6.0;53.0;5.0;40.0;13.0;15.0;8.0;17.0;25.0;13.0;12.0;2.0;2.0;2.0;1.0;2.0;1.0;83.0;0.2;7.0;7.0;7.0;6.0;0
org.apache.jmeter.save.old.handlers.CookieManagerHandler;1.0;1.0;1.0;1.0;6.0;0.0;6.0;0.0;1.0;7.0;0.0;0.0;0.0;6.0;1.0;6.0;27.0;0.0;0.0;0.0;6.0;54.0;7.0;39.0;11.0;16.0;8.0;15.0;23.0;11.0;12.0;2.0;2.0;2.0;1.0;2.0;1.0;50.0;0.21;7.0;7.0;7.0;6.0;0
org.apache.jmeter.save.old.handlers.FilerHandler;1.0;1.0;1.0;1.0;4.0;0.0;4.0;0.0;1.0;4.0;0.0;0.0;0.0;5.0;1.0;5.0;26.0;0.0;0.0;0.0;5.0;39.0;6.0;25.0;7.0;6.0;8.0;7.0;13.0;7.0;6.0;1.0;1.0;1.0;1.0;2.0;0.0;60.0;0.32;5.0;5.0;5.0;5.0;0
org.apache.jmeter.save.old.handlers.FtpTestHandler;1.0;1.0;1.0;1.0;7.0;0.0;5.0;2.0;1.0;7.0;0.0;0.0;0.0;10.0;1.0;10.0;31.0;0.0;0.0;3.0;7.0;103.0;11.0;54.0;16.0;16.0;38.0;15.0;28.0;14.0;14.0;2.0;2.0;2.0;1.0;2.0;1.0;60.0;0.7;12.0;12.0;12.0;10.0;0
org.apache.jmeter.save.old.handlers.GenericControllerHandler;1.0;1.0;1.0;1.0;12.0;0.0;6.0;6.0;1.0;6.0;1.0;0.0;0.0;8.0;1.0;8.0;29.0;0.0;0.0;3.0;5.0;123.0;12.0;54.0;12.0;20.0;57.0;18.0;29.0;12.0;17.0;3.0;3.0;3.0;1.0;2.0;1.0;75.0;1.06;10.0;10.0;10.0;8.0;0
org.apache.jmeter.save.old.handlers.HeaderManagerHandler;1.0;1.0;1.0;1.0;6.0;0.0;6.0;0.0;1.0;7.0;0.0;0.0;0.0;6.0;1.0;6.0;27.0;0.0;0.0;0.0;6.0;56.0;7.0;41.0;12.0;18.0;8.0;16.0;24.0;12.0;12.0;2.0;2.0;2.0;1.0;2.0;1.0;50.0;0.2;7.0;7.0;7.0;6.0;0
org.apache.jmeter.save.old.handlers.HttpTestSampleHandler;1.0;1.0;1.0;1.0;11.0;0.0;5.0;5.0;1.0;7.0;0.0;0.0;0.0;8.0;1.0;8.0;29.0;0.0;0.0;2.0;6.0;108.0;9.0;47.0;12.0;12.0;52.0;10.0;21.0;11.0;10.0;3.0;3.0;3.0;1.0;2.0;2.0;62.0;1.11;11.0;11.0;11.0;8.0;0
org.apache.jmeter.save.old.handlers.JMeterComponentHandler;1.0;1.0;1.0;1.0;5.0;0.0;5.0;0.0;1.0;4.0;0.0;0.0;0.0;5.0;1.0;5.0;26.0;0.0;0.0;0.0;5.0;42.0;5.0;29.0;8.0;11.0;8.0;12.0;18.0;8.0;10.0;1.0;1.0;1.0;1.0;2.0;0.0;60.0;0.28;5.0;5.0;5.0;5.0;0
org.apache.jmeter.save.old.handlers.JMeterHandler;2.0;2.0;3.0;1.0;17.0;0.0;12.0;4.0;1.0;5.0;0.0;11.0;5.0;1.0;0.0;12.0;12.0;0.0;0.0;0.0;12.0;299.0;19.0;215.0;30.0;141.0;65.0;98.0;124.0;29.0;95.0;19.0;9.0;24.0;4.0;1.0;3.0;91.0;0.3;35.0;25.0;40.0;15.0;0
org.apache.jmeter.save.old.handlers.JdbcTestSampleHandler;1.0;1.0;1.0;1.0;10.0;0.0;5.0;5.0;1.0;6.0;0.0;0.0;1.0;15.0;1.0;15.0;36.0;0.0;3.0;4.0;8.0;191.0;17.0;92.0;25.0;27.0;82.0;20.0;43.0;22.0;21.0;4.0;4.0;4.0;1.0;2.0;1.0;76.0;0.89;22.0;22.0;22.0;15.0;0
org.apache.jmeter.save.old.handlers.LoopControlHandler;1.0;1.0;1.0;1.0;11.0;0.0;6.0;4.0;1.0;6.0;0.0;0.0;0.0;5.0;0.0;5.0;34.0;0.0;0.0;1.0;4.0;63.0;5.0;35.0;7.0;17.0;23.0;17.0;23.0;7.0;16.0;1.0;1.0;1.0;1.0;3.0;0.0;0.0;0.66;5.0;5.0;5.0;5.0;0
org.apache.jmeter.save.old.handlers.ParamMaskHandler;1.0;1.0;1.0;1.0;9.0;0.0;5.0;3.0;1.0;5.0;0.0;0.0;0.0;7.0;1.0;7.0;28.0;0.0;0.0;0.0;7.0;74.0;9.0;41.0;10.0;25.0;24.0;26.0;34.0;10.0;24.0;1.0;1.0;1.0;1.0;2.0;0.0;57.0;0.59;7.0;7.0;7.0;7.0;0
org.apache.jmeter.save.old.handlers.ProxyControlHandler;2.0;2.0;2.0;1.0;17.0;0.0;12.0;4.0;1.0;8.0;0.0;0.0;0.0;5.0;0.0;5.0;35.0;0.0;1.0;0.0;4.0;97.0;10.0;63.0;19.0;39.0;24.0;37.0;48.0;22.0;26.0;7.0;7.0;7.0;1.0;3.0;4.0;0.0;0.38;13.0;13.0;13.0;5.0;0
org.apache.jmeter.save.old.handlers.TestPlanHandler;1.0;1.0;1.0;1.0;9.0;0.0;3.0;6.0;1.0;2.0;0.0;0.0;0.0;5.0;0.0;5.0;26.0;0.0;0.0;0.0;5.0;56.0;5.0;20.0;6.0;2.0;31.0;2.0;8.0;6.0;2.0;1.0;1.0;1.0;1.0;2.0;0.0;0.0;1.55;5.0;5.0;5.0;5.0;0
org.apache.jmeter.save.old.handlers.ThreadGroupHandler;1.0;1.0;1.0;1.0;16.0;0.0;8.0;7.0;1.0;6.0;0.0;0.0;0.0;6.0;1.0;6.0;27.0;0.0;0.0;0.0;6.0;116.0;11.0;52.0;9.0;17.0;53.0;12.0;23.0;9.0;14.0;3.0;3.0;3.0;1.0;2.0;2.0;50.0;1.02;10.0;10.0;10.0;6.0;0
org.apache.jmeter.save.old.handlers.TimerHandler;1.0;1.0;1.0;1.0;8.0;0.0;8.0;0.0;1.0;5.0;0.0;0.0;0.0;7.0;1.0;7.0;28.0;0.0;0.0;0.0;7.0;77.0;6.0;63.0;10.0;29.0;8.0;25.0;36.0;10.0;26.0;2.0;2.0;2.0;1.0;2.0;1.0;42.0;0.13;10.0;10.0;10.0;7.0;0
org.apache.jmeter.save.old.xml.NoCurrentHandlerException;1.0;1.0;1.0;1.0;3.0;0.0;3.0;0.0;1.0;0.0;0.0;0.0;0.0;1.0;0.0;1.0;1.0;0.0;0.0;0.0;1.0;6.0;1.0;5.0;2.0;0.0;0.0;0.0;2.0;2.0;0.0;1.0;1.0;1.0;1.0;2.0;0.0;0.0;0.0;1.0;1.0;1.0;1.0;0
org.apache.jmeter.save.old.xml.TagHandler;1.0;1.0;1.0;1.0;8.0;0.0;8.0;0.0;2.0;1.0;16.0;0.0;1.0;21.0;5.0;21.0;21.0;0.0;1.0;8.0;12.0;222.0;23.0;181.0;37.0;71.0;18.0;53.0;83.0;37.0;46.0;5.0;5.0;5.0;1.0;1.0;3.0;87.0;0.1;38.0;38.0;38.0;21.0;0
org.apache.jmeter.save.old.xml.XmlHandler;2.0;2.0;2.0;1.0;18.0;0.0;12.0;5.0;1.0;5.0;0.0;0.0;1.0;15.0;5.0;15.0;15.0;0.0;4.0;2.0;9.0;305.0;17.0;203.0;39.0;97.0;85.0;65.0;100.0;38.0;62.0;5.0;5.0;5.0;3.0;2.0;2.0;77.0;0.42;34.0;34.0;36.0;17.0;0
org.apache.jmeter.swing.HtmlPane;1.0;1.0;1.0;1.0;11.0;0.0;11.0;0.0;1.0;1.0;0.0;0.0;1.0;2.0;0.0;2.0;2.0;0.0;0.0;0.0;2.0;31.0;2.0;26.0;5.0;10.0;3.0;6.0;12.0;6.0;6.0;1.0;1.0;1.0;1.0;2.0;0.0;100.0;0.12;2.0;2.0;2.0;2.0;0
org.apache.jmeter.testelement.AbstractTestElement;1.0;1.0;1.0;1.0;9.0;0.0;8.0;0.0;3.0;13.0;28.0;0.0;1.0;32.0;3.0;32.0;32.0;0.0;0.0;9.0;23.0;349.0;36.0;288.0;57.0;117.0;25.0;75.0;134.0;53.0;81.0;4.0;4.0;5.0;1.0;1.0;2.0;87.0;0.09;58.0;58.0;60.0;32.0;0
org.apache.jmeter.testelement.TestPlan;1.0;1.0;1.0;1.0;7.0;0.0;6.0;0.0;2.0;9.0;0.0;1.0;6.0;15.0;3.0;16.0;48.0;0.0;1.0;0.0;15.0;156.0;18.0;114.0;32.0;45.0;24.0;37.0;59.0;28.0;31.0;3.0;3.0;3.0;1.0;2.0;2.0;91.0;0.21;21.0;21.0;22.0;16.0;0
org.apache.jmeter.testelement.VariablesCollection;1.0;1.0;1.0;1.0;4.0;0.0;4.0;0.0;2.0;1.0;0.0;0.0;0.0;2.0;1.0;2.0;2.0;0.0;0.0;0.0;2.0;18.0;3.0;12.0;4.0;3.0;3.0;3.0;6.0;4.0;2.0;1.0;1.0;1.0;1.0;1.0;0.0;0.0;0.25;2.0;2.0;2.0;2.0;0
org.apache.jmeter.testelement.WorkBench;1.0;1.0;1.0;1.0;5.0;0.0;3.0;1.0;2.0;0.0;0.0;0.0;1.0;2.0;1.0;2.0;34.0;0.0;0.0;0.0;2.0;22.0;2.0;12.0;5.0;2.0;8.0;3.0;6.0;5.0;1.0;1.0;1.0;1.0;1.0;2.0;0.0;100.0;0.67;2.0;2.0;2.0;2.0;0
org.apache.jmeter.threads.JMeterThread;1.0;1.0;1.0;1.0;12.0;0.0;10.0;2.0;3.0;22.0;0.0;0.0;2.0;24.0;15.0;24.0;24.0;0.0;6.0;0.0;18.0;368.0;30.0;272.0;66.0;124.0;66.0;99.0;145.0;60.0;85.0;7.0;7.0;8.0;1.0;1.0;5.0;89.0;0.24;42.0;42.0;45.0;24.0;0
org.apache.jmeter.threads.JMeterVariables;1.0;1.0;1.0;1.0;4.0;0.0;4.0;0.0;1.0;0.0;0.0;0.0;0.0;11.0;2.0;11.0;11.0;0.0;0.0;0.0;11.0;71.0;12.0;52.0;16.0;15.0;7.0;14.0;27.0;16.0;11.0;2.0;2.0;2.0;1.0;1.0;1.0;63.0;0.13;12.0;12.0;12.0;11.0;0
org.apache.jmeter.threads.ListenerNotifier;2.0;2.0;2.0;1.0;23.0;1.0;13.0;9.0;1.0;3.0;0.0;0.0;2.0;8.0;3.0;8.0;8.0;0.0;3.0;0.0;5.0;247.0;24.0;113.0;23.0;55.0;110.0;38.0;60.0;22.0;38.0;8.0;8.0;9.0;3.0;1.0;3.0;72.0;0.97;20.0;20.0;21.0;10.0;0
org.apache.jmeter.threads.ReflectionThreadGroup;0.0;0.0;0.0;0.0;0.0;0.0;0.0;0.0;1.0;0.0;0.0;0.0;0.0;0.0;0.0;0.0;55.0;0.0;0.0;0.0;0.0;16.0;1.0;3.0;1.0;0.0;12.0;0.0;1.0;1.0;0.0;0.0;0.0;0.0;0.0;3.0;0.0;0.0;4.0;0.0;0.0;0.0;0.0;0
org.apache.jmeter.threads.SamplePackage;1.0;1.0;1.0;1.0;6.0;0.0;5.0;1.0;1.0;8.0;0.0;0.0;1.0;29.0;9.0;29.0;29.0;0.0;2.0;0.0;27.0;245.0;29.0;167.0;50.0;62.0;49.0;64.0;96.0;42.0;54.0;2.0;2.0;2.0;1.0;1.0;1.0;82.0;0.29;31.0;31.0;31.0;29.0;0
org.apache.jmeter.threads.TestCompiler;2.0;2.0;2.0;1.0;12.0;0.0;12.0;0.0;3.0;17.0;0.0;1.0;2.0;13.0;8.0;14.0;14.0;0.0;4.0;0.0;10.0;288.0;25.0;250.0;68.0;124.0;13.0;93.0;138.0;66.0;72.0;9.0;9.0;9.0;5.0;1.0;4.0;90.0;0.05;31.0;31.0;31.0;18.0;0
org.apache.jmeter.threads.ThreadGroup;1.0;1.0;1.0;1.0;8.0;0.0;4.0;4.0;4.0;11.0;1.0;0.0;7.0;23.0;6.0;23.0;55.0;0.0;0.0;0.0;23.0;352.0;36.0;189.0;48.0;71.0;127.0;53.0;91.0;46.0;45.0;2.0;2.0;2.0;1.0;2.0;1.0;94.0;0.67;24.0;24.0;24.0;23.0;0
org.apache.jmeter.threads.gui.ThreadGroupGui;1.0;1.0;1.0;1.0;15.0;1.0;12.0;1.0;2.0;14.0;0.0;0.0;2.0;14.0;7.0;14.0;30.0;0.0;3.0;0.0;11.0;253.0;36.0;189.0;42.0;122.0;28.0;95.0;114.0;39.0;75.0;3.0;3.0;3.0;1.0;3.0;2.0;80.0;0.15;18.0;18.0;18.0;14.0;0
org.apache.jmeter.timers.ConstantTimer;1.0;1.0;1.0;1.0;8.0;0.0;3.0;5.0;4.0;5.0;1.0;0.0;3.0;8.0;3.0;8.0;40.0;0.0;0.0;0.0;8.0;112.0;12.0;41.0;17.0;11.0;59.0;12.0;21.0;15.0;6.0;1.0;1.0;1.0;1.0;2.0;0.0;89.0;1.44;8.0;8.0;8.0;8.0;0
org.apache.jmeter.timers.GaussianRandomTimer;1.0;1.0;1.0;1.0;4.0;0.0;4.0;0.0;2.0;1.0;0.0;0.0;0.0;2.0;0.0;2.0;46.0;0.0;0.0;0.0;2.0;13.0;1.0;12.0;3.0;3.0;0.0;2.0;5.0;3.0;2.0;1.0;1.0;1.0;1.0;4.0;0.0;0.0;0.0;2.0;2.0;2.0;2.0;0
org.apache.jmeter.timers.RandomTimer;1.0;1.0;1.0;1.0;6.0;0.0;4.0;2.0;3.0;2.0;2.0;0.0;1.0;4.0;1.0;4.0;44.0;0.0;0.0;0.0;4.0;49.0;6.0;23.0;9.0;5.0;20.0;6.0;11.0;7.0;4.0;1.0;1.0;1.0;1.0;3.0;0.0;50.0;0.87;4.0;4.0;4.0;4.0;0
org.apache.jmeter.timers.UniformRandomTimer;1.0;1.0;1.0;1.0;4.0;0.0;4.0;0.0;2.0;1.0;0.0;0.0;0.0;2.0;0.0;2.0;46.0;0.0;0.0;0.0;2.0;14.0;2.0;12.0;3.0;3.0;0.0;2.0;5.0;3.0;2.0;1.0;1.0;1.0;1.0;4.0;0.0;0.0;0.0;2.0;2.0;2.0;2.0;0
org.apache.jmeter.timers.gui.AbstractTimerGui;1.0;1.0;1.0;1.0;14.0;0.0;4.0;10.0;1.0;1.0;4.0;0.0;0.0;2.0;0.0;2.0;18.0;0.0;0.0;0.0;2.0;31.0;1.0;10.0;3.0;2.0;20.0;2.0;5.0;3.0;2.0;1.0;1.0;1.0;1.0;3.0;0.0;0.0;2.0;2.0;2.0;2.0;2.0;0
org.apache.jmeter.timers.gui.ConstantTimerGui;1.0;1.0;1.0;1.0;10.0;0.0;5.0;3.0;1.0;4.0;0.0;1.0;0.0;7.0;3.0;8.0;26.0;0.0;1.0;0.0;7.0;109.0;12.0;53.0;15.0;25.0;44.0;26.0;35.0;15.0;20.0;1.0;1.0;1.0;1.0;4.0;0.0;70.0;0.83;8.0;8.0;8.0;8.0;0
org.apache.jmeter.timers.gui.GaussianRandomTimerGui;1.0;1.0;1.0;1.0;13.0;1.0;8.0;4.0;1.0;7.0;0.0;1.0;0.0;7.0;6.0;8.0;26.0;0.0;1.0;0.0;7.0;137.0;20.0;73.0;19.0;44.0;44.0;46.0;55.0;19.0;36.0;1.0;1.0;1.0;1.0;4.0;0.0;70.0;0.6;8.0;8.0;8.0;8.0;0
org.apache.jmeter.timers.gui.UniformRandomTimerGui;1.0;1.0;1.0;1.0;13.0;1.0;7.0;4.0;1.0;7.0;0.0;1.0;0.0;7.0;6.0;8.0;26.0;0.0;1.0;0.0;7.0;138.0;21.0;72.0;19.0;43.0;45.0;45.0;54.0;19.0;35.0;1.0;1.0;1.0;1.0;4.0;0.0;70.0;0.62;8.0;8.0;8.0;8.0;0
org.apache.jmeter.util.ColorHelper;2.0;2.0;2.0;1.0;20.0;0.0;13.0;6.0;1.0;0.0;0.0;1.0;0.0;1.0;0.0;2.0;2.0;0.0;1.0;0.0;1.0;51.0;1.0;30.0;8.0;15.0;20.0;12.0;18.0;8.0;10.0;4.0;4.0;4.0;1.0;1.0;1.0;0.0;0.67;5.0;5.0;5.0;2.0;0
org.apache.jmeter.util.JMeterUtils;2.0;2.0;2.0;1.0;20.0;0.0;14.0;5.0;2.0;4.0;0.0;41.0;23.0;1.0;1.0;42.0;42.0;0.0;1.0;0.0;41.0;934.0;26.0;665.0;137.0;357.0;244.0;214.0;307.0;121.0;186.0;9.0;9.0;9.0;7.0;1.0;4.0;97.0;0.37;96.0;96.0;103.0;51.0;0
org.apache.jmeter.util.JsseSSLManager;5.0;5.0;5.0;1.0;39.0;0.0;33.0;5.0;1.0;4.0;0.0;0.0;1.0;4.0;3.0;4.0;12.0;0.0;1.0;1.0;2.0;231.0;7.0;171.0;35.0;88.0;53.0;56.0;78.0;27.0;51.0;11.0;11.0;11.0;1.0;2.0;2.0;56.0;0.31;20.0;20.0;20.0;4.0;0
org.apache.jmeter.util.SSLManager;3.0;3.0;3.0;1.0;28.0;2.0;23.0;3.0;1.0;4.0;1.0;3.0;5.0;5.0;3.0;8.0;8.0;0.0;0.0;4.0;4.0;323.0;29.0;207.0;31.0;114.0;87.0;63.0;90.0;26.0;64.0;9.0;9.0;10.0;4.0;1.0;4.0;79.0;0.42;26.0;26.0;27.0;11.0;0
org.apache.jmeter.util.StringUtilities;1.0;1.0;1.0;1.0;10.0;0.0;8.0;1.0;1.0;0.0;0.0;1.0;0.0;1.0;0.0;2.0;2.0;0.0;1.0;0.0;1.0;66.0;6.0;54.0;20.0;28.0;8.0;21.0;30.0;20.0;10.0;2.0;2.0;2.0;1.0;1.0;1.0;0.0;0.15;3.0;3.0;3.0;2.0;0
org.apache.jmeter.util.keystore.DefaultKeyStore;2.0;2.0;2.0;1.0;10.0;1.0;9.0;0.0;1.0;0.0;0.0;0.0;0.0;5.0;4.0;5.0;10.0;0.0;0.0;0.0;5.0;71.0;10.0;55.0;14.0;23.0;6.0;24.0;35.0;15.0;20.0;6.0;6.0;6.0;3.0;2.0;3.0;60.0;0.11;10.0;10.0;10.0;7.0;0
org.apache.jmeter.util.keystore.JmeterKeyStore;1.0;1.0;1.0;1.0;7.0;0.0;5.0;1.0;1.0;0.0;2.0;1.0;0.0;4.0;0.0;5.0;5.0;0.0;0.0;0.0;5.0;48.0;6.0;27.0;13.0;10.0;15.0;10.0;14.0;10.0;4.0;3.0;3.0;3.0;3.0;1.0;2.0;0.0;0.56;7.0;7.0;7.0;7.0;0
org.apache.jmeter.util.keystore.PKCS12KeyStore;2.0;2.0;2.0;1.0;15.0;2.0;11.0;1.0;1.0;0.0;0.0;0.0;0.0;5.0;3.0;5.0;10.0;0.0;0.0;0.0;5.0;99.0;17.0;64.0;18.0;28.0;18.0;26.0;39.0;17.0;22.0;7.0;7.0;9.0;4.0;2.0;3.0;60.0;0.28;12.0;12.0;14.0;8.0;0
org.apache.jmeter.visualizers.AssertionVisualizer;1.0;1.0;2.0;1.0;13.0;1.0;11.0;0.0;2.0;3.0;0.0;0.0;0.0;6.0;1.0;6.0;37.0;0.0;2.0;0.0;4.0;98.0;16.0;74.0;16.0;39.0;8.0;34.0;46.0;16.0;30.0;5.0;5.0;6.0;1.0;4.0;4.0;50.0;0.11;11.0;11.0;12.0;6.0;0
org.apache.jmeter.visualizers.BarVisualizer;1.0;1.0;1.0;1.0;7.0;0.0;6.0;0.0;3.0;2.0;0.0;0.0;1.0;7.0;2.0;7.0;7.0;0.0;0.0;0.0;7.0;150.0;31.0;110.0;31.0;54.0;9.0;61.0;79.0;31.0;48.0;1.0;1.0;1.0;1.0;2.0;0.0;61.0;0.08;7.0;7.0;7.0;7.0;0
org.apache.jmeter.visualizers.Graph;1.0;1.0;1.0;1.0;11.0;0.0;9.0;2.0;4.0;4.0;0.0;0.0;2.0;18.0;6.0;18.0;18.0;0.0;2.0;0.0;16.0;252.0;33.0;175.0;50.0;83.0;44.0;55.0;84.0;40.0;44.0;7.0;7.0;7.0;1.0;2.0;2.0;88.0;0.25;25.0;25.0;25.0;18.0;0
org.apache.jmeter.visualizers.GraphAccum;2.0;2.0;2.0;1.0;23.0;1.0;16.0;5.0;3.0;5.0;0.0;0.0;3.0;16.0;5.0;16.0;16.0;0.0;2.0;0.0;14.0;431.0;45.0;280.0;56.0;169.0;106.0;125.0;162.0;50.0;112.0;16.0;16.0;19.0;1.0;2.0;3.0;81.0;0.38;33.0;33.0;36.0;16.0;0
org.apache.jmeter.visualizers.GraphAccumModel;1.0;1.0;1.0;1.0;13.0;0.0;8.0;4.0;3.0;3.0;0.0;0.0;1.0;11.0;10.0;11.0;11.0;0.0;0.0;2.0;9.0;177.0;15.0;102.0;26.0;48.0;60.0;46.0;63.0;26.0;37.0;3.0;3.0;3.0;1.0;1.0;2.0;80.0;0.59;16.0;16.0;16.0;11.0;0
org.apache.jmeter.visualizers.GraphAccumVisualizer;1.0;1.0;1.0;1.0;13.0;1.0;8.0;3.0;4.0;5.0;0.0;0.0;1.0;10.0;3.0;10.0;41.0;0.0;1.0;0.0;9.0;161.0;23.0;95.0;29.0;57.0;43.0;55.0;66.0;25.0;41.0;1.0;1.0;1.0;1.0;4.0;0.0;57.0;0.45;10.0;10.0;10.0;10.0;0
org.apache.jmeter.visualizers.GraphModel;1.0;1.0;1.0;1.0;11.0;0.0;8.0;3.0;3.0;5.0;1.0;0.0;0.0;20.0;11.0;20.0;20.0;0.0;0.0;3.0;17.0;274.0;27.0;178.0;43.0;84.0;69.0;69.0;100.0;41.0;59.0;7.0;7.0;7.0;1.0;1.0;2.0;83.0;0.39;29.0;29.0;29.0;20.0;0
org.apache.jmeter.visualizers.GraphVisualizer;1.0;1.0;1.0;1.0;19.0;1.0;11.0;6.0;5.0;6.0;0.0;0.0;0.0;21.0;17.0;21.0;52.0;0.0;12.0;0.0;9.0;468.0;51.0;269.0;66.0;173.0;148.0;149.0;176.0;55.0;121.0;6.0;6.0;6.0;1.0;4.0;1.0;85.0;0.55;30.0;30.0;30.0;21.0;0
org.apache.jmeter.visualizers.MailerVisualizer;1.0;1.0;1.0;1.0;17.0;1.0;12.0;2.0;3.0;7.0;0.0;0.0;1.0;14.0;11.0;14.0;45.0;0.0;1.0;0.0;13.0;306.0;48.0;193.0;36.0;124.0;65.0;126.0;145.0;35.0;110.0;2.0;2.0;2.0;1.0;4.0;1.0;85.0;0.34;18.0;18.0;18.0;14.0;0
org.apache.jmeter.visualizers.RunningSample;2.0;2.0;2.0;1.0;16.0;1.0;10.0;5.0;1.0;1.0;0.0;0.0;2.0;14.0;9.0;14.0;14.0;0.0;0.0;0.0;14.0;271.0;34.0;156.0;38.0;75.0;82.0;69.0;98.0;38.0;60.0;6.0;6.0;6.0;1.0;1.0;1.0;78.0;0.53;28.0;28.0;28.0;14.0;0
org.apache.jmeter.visualizers.Spline3;3.0;3.0;3.0;1.0;23.0;0.0;17.0;4.0;1.0;1.0;0.0;0.0;3.0;16.0;9.0;16.0;16.0;0.0;0.0;4.0;12.0;473.0;30.0;302.0;49.0;156.0;145.0;154.0;212.0;52.0;160.0;14.0;14.0;15.0;1.0;1.0;3.0;80.0;0.48;57.0;57.0;59.0;16.0;0
org.apache.jmeter.visualizers.SplineModel;1.0;1.0;1.0;1.0;7.0;0.0;6.0;0.0;2.0;5.0;0.0;0.0;0.0;19.0;15.0;19.0;19.0;0.0;0.0;0.0;19.0;198.0;37.0;150.0;43.0;66.0;12.0;66.0;95.0;46.0;49.0;8.0;8.0;8.0;1.0;1.0;3.0;88.0;0.08;28.0;28.0;28.0;19.0;0
org.apache.jmeter.visualizers.SplineVisualizer;1.0;1.0;1.0;1.0;12.0;1.0;10.0;0.0;4.0;6.0;0.0;0.0;0.0;15.0;17.0;15.0;46.0;0.0;0.0;0.0;15.0;313.0;56.0;232.0;62.0;151.0;26.0;139.0;167.0;62.0;105.0;3.0;3.0;3.0;1.0;4.0;2.0;89.0;0.11;19.0;19.0;19.0;15.0;0
org.apache.jmeter.visualizers.SplineVisualizer.SplineGraph;2.0;2.0;2.0;1.0;20.0;2.0;16.0;2.0;1.0;4.0;0.0;0.0;0.0;3.0;5.0;3.0;3.0;0.0;0.0;0.0;3.0;76.0;10.0;56.0;14.0;37.0;11.0;31.0;38.0;16.0;22.0;4.0;4.0;5.0;1.0;2.0;1.0;53.0;0.2;6.0;6.0;7.0;3.0;0
org.apache.jmeter.visualizers.StatVisualizer;1.0;1.0;1.0;1.0;8.0;0.0;6.0;1.0;3.0;6.0;0.0;0.0;1.0;7.0;5.0;7.0;38.0;0.0;1.0;0.0;6.0;222.0;32.0;159.0;44.0;81.0;31.0;61.0;83.0;33.0;50.0;1.0;1.0;1.0;1.0;4.0;0.0;73.0;0.19;7.0;7.0;7.0;7.0;0
org.apache.jmeter.visualizers.StatVisualizerModel;1.0;1.0;1.0;1.0;9.0;0.0;6.0;2.0;2.0;5.0;0.0;0.0;0.0;14.0;5.0;14.0;14.0;0.0;0.0;2.0;12.0;224.0;30.0;154.0;38.0;72.0;40.0;72.0;97.0;37.0;60.0;3.0;3.0;3.0;3.0;1.0;2.0;71.0;0.26;19.0;19.0;19.0;18.0;0
org.apache.jmeter.visualizers.TableDataModel;2.0;1.0;2.0;1.0;10.0;0.0;8.0;1.0;2.0;5.0;0.0;0.0;1.0;15.0;1.0;15.0;35.0;0.0;0.0;0.0;15.0;186.0;23.0;131.0;25.0;54.0;32.0;33.0;62.0;20.0;42.0;9.0;9.0;13.0;9.0;2.0;2.0;86.0;0.24;31.0;28.0;35.0;27.0;0
org.apache.jmeter.visualizers.TableVisualizer;1.0;1.0;1.0;1.0;16.0;1.0;13.0;1.0;3.0;6.0;0.0;0.0;0.0;9.0;7.0;9.0;40.0;0.0;1.0;1.0;7.0;177.0;24.0;130.0;35.0;94.0;23.0;93.0;103.0;29.0;74.0;1.0;1.0;1.0;1.0;4.0;0.0;61.0;0.18;9.0;9.0;9.0;9.0;0
org.apache.jmeter.visualizers.TreeVisualizer;1.0;1.0;1.0;1.0;12.0;0.0;8.0;4.0;3.0;2.0;0.0;0.0;1.0;7.0;11.0;7.0;7.0;0.0;0.0;1.0;6.0;172.0;25.0;74.0;23.0;40.0;73.0;51.0;58.0;23.0;35.0;3.0;3.0;3.0;1.0;2.0;1.0;78.0;0.99;9.0;9.0;9.0;7.0;0
org.apache.jmeter.visualizers.ViewResultsFullVisualizer;2.0;2.0;3.0;1.0;24.0;2.0;19.0;1.0;4.0;4.0;0.0;0.0;8.0;18.0;11.0;18.0;49.0;0.0;6.0;4.0;8.0;528.0;78.0;407.0;96.0;245.0;43.0;192.0;243.0;81.0;162.0;17.0;15.0;19.0;3.0;4.0;6.0;85.0;0.11;50.0;48.0;55.0;20.0;0
org.apache.jmeter.visualizers.WindowedVisualizer;1.0;1.0;1.0;1.0;17.0;3.0;13.0;0.0;2.0;2.0;0.0;0.0;0.0;6.0;6.0;6.0;6.0;0.0;0.0;0.0;6.0;260.0;51.0;196.0;48.0;109.0;13.0;112.0;139.0;49.0;90.0;3.0;3.0;3.0;1.0;2.0;1.0;61.0;0.07;8.0;8.0;8.0;6.0;0
org.apache.jmeter.visualizers.WindowedVisualizer.Graph;1.0;1.0;1.0;1.0;7.0;0.0;7.0;0.0;2.0;0.0;0.0;0.0;0.0;13.0;9.0;13.0;13.0;0.0;0.0;0.0;13.0;128.0;23.0;105.0;27.0;51.0;0.0;50.0;70.0;28.0;42.0;4.0;4.0;4.0;1.0;2.0;2.0;76.0;0.0;19.0;19.0;19.0;13.0;0
org.apache.jmeter.visualizers.gui.AbstractVisualizer;1.0;1.0;1.0;1.0;13.0;0.0;6.0;7.0;4.0;8.0;9.0;0.0;1.0;15.0;3.0;15.0;31.0;0.0;0.0;6.0;9.0;301.0;23.0;101.0;25.0;41.0;177.0;38.0;57.0;23.0;34.0;2.0;2.0;2.0;1.0;3.0;1.0;76.0;1.75;18.0;18.0;18.0;15.0;0
org.apache.jorphan.collections.Data;2.0;2.0;2.0;1.0;18.0;0.0;13.0;4.0;2.0;2.0;0.0;0.0;1.0;35.0;5.0;35.0;35.0;0.0;2.0;0.0;33.0;708.0;51.0;480.0;87.0;224.0;178.0;185.0;275.0;94.0;181.0;9.0;9.0;11.0;3.0;1.0;4.0;72.0;0.37;89.0;89.0;94.0;39.0;0
org.apache.jorphan.collections.HashTree;1.0;1.0;1.0;1.0;13.0;0.0;6.0;6.0;3.0;3.0;2.0;0.0;1.0;65.0;1.0;65.0;65.0;2.0;1.0;6.0;56.0;1040.0;74.0;511.0;119.0;198.0;455.0;160.0;269.0;118.0;151.0;7.0;7.0;7.0;7.0;1.0;4.0;79.0;0.89;96.0;96.0;97.0;74.0;0
org.apache.jorphan.collections.ListedHashTree;1.0;1.0;1.0;1.0;7.0;0.0;7.0;0.0;3.0;0.0;0.0;0.0;0.0;23.0;1.0;23.0;88.0;2.0;0.0;0.0;21.0;228.0;25.0;191.0;40.0;80.0;12.0;69.0;109.0;40.0;69.0;7.0;7.0;10.0;1.0;2.0;3.0;39.0;0.06;36.0;36.0;39.0;23.0;0
org.apache.jorphan.collections.SortedHashTree;1.0;1.0;1.0;1.0;5.0;0.0;5.0;0.0;2.0;0.0;0.0;0.0;0.0;8.0;0.0;8.0;73.0;0.0;0.0;0.0;8.0;56.0;8.0;47.0;11.0;16.0;1.0;16.0;27.0;12.0;15.0;2.0;2.0;2.0;1.0;2.0;1.0;0.0;0.02;10.0;10.0;10.0;8.0;0
org.apache.jorphan.gui.ComponentUtil;1.0;1.0;1.0;1.0;18.0;0.0;11.0;6.0;1.0;0.0;0.0;3.0;0.0;1.0;0.0;4.0;4.0;0.0;1.0;0.0;3.0;85.0;5.0;48.0;12.0;25.0;32.0;15.0;22.0;8.0;14.0;3.0;3.0;3.0;3.0;1.0;1.0;0.0;0.67;6.0;6.0;6.0;6.0;0
org.apache.jorphan.gui.JLabeledChoice;1.0;1.0;1.0;1.0;10.0;0.0;6.0;3.0;2.0;2.0;0.0;0.0;0.0;18.0;5.0;18.0;18.0;0.0;2.0;0.0;16.0;246.0;26.0;156.0;32.0;69.0;64.0;68.0;99.0;36.0;63.0;2.0;2.0;2.0;1.0;2.0;1.0;72.0;0.41;22.0;22.0;22.0;18.0;0
org.apache.jorphan.gui.JLabeledPasswordField;1.0;1.0;1.0;1.0;6.0;0.0;4.0;2.0;1.0;0.0;0.0;0.0;0.0;3.0;0.0;3.0;19.0;0.0;0.0;1.0;2.0;23.0;3.0;14.0;4.0;3.0;6.0;3.0;7.0;4.0;3.0;1.0;1.0;1.0;1.0;3.0;0.0;0.0;0.43;3.0;3.0;3.0;3.0;0
org.apache.jorphan.gui.JLabeledTextArea;1.0;1.0;1.0;1.0;10.0;0.0;5.0;4.0;3.0;0.0;0.0;0.0;0.0;14.0;4.0;14.0;14.0;0.0;2.0;0.0;12.0;179.0;18.0;87.0;23.0;33.0;74.0;34.0;52.0;22.0;30.0;2.0;2.0;2.0;1.0;2.0;1.0;69.0;0.85;17.0;17.0;17.0;14.0;0
org.apache.jorphan.gui.JLabeledTextField;1.0;1.0;1.0;1.0;9.0;0.0;5.0;3.0;3.0;0.0;1.0;0.0;0.0;16.0;4.0;16.0;16.0;0.0;1.0;2.0;13.0;184.0;19.0;91.0;25.0;32.0;74.0;34.0;53.0;24.0;29.0;2.0;2.0;2.0;1.0;2.0;1.0;71.0;0.81;18.0;18.0;18.0;16.0;0
org.apache.jorphan.gui.layout.VerticalLayout;2.0;2.0;2.0;1.0;15.0;0.0;11.0;4.0;3.0;0.0;0.0;0.0;6.0;11.0;4.0;11.0;11.0;0.0;1.0;0.0;10.0;242.0;20.0;134.0;38.0;67.0;89.0;58.0;82.0;41.0;41.0;8.0;8.0;8.0;1.0;1.0;3.0;82.0;0.66;22.0;22.0;22.0;11.0;0
org.apache.jorphan.io.TextFile;1.0;1.0;1.0;1.0;9.0;0.0;9.0;0.0;1.0;1.0;0.0;0.0;1.0;5.0;0.0;5.0;5.0;0.0;0.0;0.0;5.0;63.0;5.0;53.0;12.0;23.0;5.0;17.0;27.0;12.0;15.0;4.0;4.0;4.0;1.0;2.0;3.0;60.0;0.09;9.0;9.0;9.0;5.0;0
org.apache.jorphan.logging.LoggingManager;1.0;1.0;1.0;1.0;10.0;0.0;7.0;2.0;1.0;1.0;0.0;14.0;6.0;1.0;0.0;15.0;15.0;0.0;4.0;0.0;11.0;197.0;16.0;129.0;33.0;58.0;53.0;43.0;67.0;32.0;35.0;4.0;4.0;4.0;1.0;1.0;2.0;87.0;0.41;23.0;23.0;23.0;15.0;0
org.apache.jorphan.reflect.ClassFinder;3.0;3.0;3.0;1.0;23.0;0.0;19.0;4.0;1.0;1.0;0.0;21.0;1.0;1.0;0.0;22.0;22.0;0.0;20.0;0.0;2.0;532.0;14.0;421.0;97.0;214.0;99.0;158.0;224.0;75.0;149.0;8.0;8.0;9.0;5.0;1.0;4.0;90.0;0.24;67.0;67.0;75.0;31.0;0